2.97896803515625
3.97760442578125
4.99273985546875
5.72590391796875
6.36296615625
6.9625869453125
7.538085984375
8.1034293515625
8.57977419921875
9.031742328125
9.43974940234375
9.78558581640625
10.09904610546875
10.35867465625
10.55797490625
10.7485783984375
10.92782226171875
11.120410390625
11.3099979765625
11.4910997421875
11.64308681640625
11.801822546875
11.95894137109375
12.11897066796875
12.29076851953125
12.44895101953125
12.59471326171875
12.72883669921875
12.85499440625
12.96525063671875
13.07647008203125
13.17473054296875
13.26988051953125
13.3661418125
13.4569306015625
13.541633625
13.62858024609375
13.69552580078125
13.75701116015625
13.79457056640625
13.83939990625
13.88934483984375
13.94433257421875
13.98400501171875
14.02502452734375
14.07051946875
14.12338849609375
14.17478063671875
14.22095641796875
14.27645928515625
14.31497359375
14.34568770703125
14.3839296796875
14.41069140625
14.4288066640625
14.44793471875
14.46395778125
14.47847048046875
14.50071337109375
14.52930378515625
14.54982301171875
14.56662780859375
14.58058816015625
14.59790755078125
14.6088045078125
14.6238955859375
14.64186796484375
14.655877359375
14.67607287109375
14.69648794921875
14.72055376171875
14.753858796875
14.7867601640625
14.826231171875
14.86108770703125
14.889151734375
14.9173256015625
14.9472826953125
14.97306268359375
14.99926712109375
15.02207620703125
15.04040654296875
15.04807233984375
15.04757556640625
15.04696224609375
15.0510949296875
15.0558696484375
15.0601436953125
15.063452609375
15.071383046875
15.0767821796875
15.0809500078125
15.085482875
15.090421640625
15.08946832421875
15.09082711328125
15.0902455390625
15.08523284375
15.07713724609375
15.06418230078125
15.0573943046875
15.052380265625
15.052045921875
15.056510109375001
15.06398793359375
15.0734370703125
15.0885550390625
15.1088354296875
15.13042419921875
15.14511587109375
15.15592403515625
15.16729742578125
15.177120390625
15.18783928125
15.1966802421875
15.20618441796875
15.212313921875
15.21811900390625
15.22696612890625
15.2367837421875
15.24935580859375
15.2663843515625
15.28136478515625
15.29823075
15.31453444140625
15.32220444140625
15.329466390625
15.3385763203125
15.3442665625
15.354623578125
15.35992223828125
15.3691391015625
15.381890265625
15.39208051171875
15.40230240234375
15.417136949218749
15.43203015625
15.44536178515625
15.45617960546875
15.4669621484375
15.47902119140625
15.49102034375
15.50338946484375
15.51514032421875
15.5260891953125
15.5325001484375
15.53650502734375
15.54327227734375
15.55026425
15.55464776953125
15.56044894921875
15.5694213828125
15.57988509375
15.588005328125
15.5954609609375
15.6001718359375
15.60288775
15.60961212890625
15.616058109375
15.62311629296875
15.63063387890625
15.63864694140625
15.6436354609375
15.648804421875
15.65432934765625
15.6623283515625
15.6714183046875
15.6775511328125
15.6823908203125
15.69161459765625
15.70141082421875
15.71190402734375
15.7200746953125
15.7323985859375
15.74590460546875
15.75846272265625
15.76872384375
15.7809922421875
15.79402518359375
15.8090599921875
15.82478930078125
15.8397672109375
15.855897109375
15.87003231640625
15.88456717578125
15.89998398046875
15.91318247265625
15.9259256796875
15.9368103671875
15.9450034375
15.95382298046875
15.963924882812499
15.971880730468751
15.97591444140625
15.9784890078125
15.985552640625
15.9925293828125
15.99805244921875
16.00178019140625
16.0021118828125
16.00233794140625
16.00455629296875
16.0069690859375
16.01048859375
16.01717369140625
16.02738292578125
16.03687978515625
16.04330740625
16.0494781171875
16.05671418359375
16.0621467890625
16.06867818359375
16.080016796875
16.08922449609375
16.097137671875
16.1049369609375
16.11186034765625
16.11645647265625
16.1194071484375
16.1230350625
16.1263064453125
16.12795498828125
16.1276843203125
16.12706355078125
16.12660708203125
16.12601413671875
16.12562678515625
16.125202734375
16.12255449609375
16.11974031640625
16.12015996484375
16.11717415234375
16.1158948984375
16.11625746484375
16.11740771484375
16.11751219140625
16.11612559765625
16.1142173671875
16.1091179140625
16.10595489453125
16.10385859375
16.1003203671875
16.0992501171875
16.09727555078125
16.09366917578125
16.09180698046875
16.09014968359375
16.08775987890625
16.0834116484375
16.08033809375
16.07925163671875
16.07947440625
16.08136086328125
16.08069026171875
16.08115601953125
16.080353515625
16.07762333203125
16.07938803125
16.08198114453125
16.08685023828125
16.09044905078125
16.09454009765625
16.09752887890625
16.09813230859375
16.09919941015625
16.1021560625
16.1069927734375
16.1127016796875
16.1154613359375
16.11648740625
16.11865105078125
16.12206709765625
16.12786823828125
16.1312379453125
16.13384501171875
16.1378685546875
16.14206044140625
16.14523821875
16.14765748828125
16.14879130859375
16.15061698828125
16.152486171875
16.15258226953125
16.1519723359375
16.15285661328125
16.15286494140625
16.152079734375
16.152355734375
16.1540968984375
16.15435748828125
16.1543545859375
16.15289244140625
16.15061706640625
16.14870506640625
16.14719356640625
16.14629309765625
16.1454578046875
16.1453422734375
16.14464613671875
16.14546270703125
16.1475104296875
16.1483214453125
16.15035602734375
16.15413498828125
16.15844049609375
16.16066505859375
16.16221478515625
16.163964984375
16.1635331796875
16.16449503515625
16.16600953125
16.17018847265625
16.17696399609375
16.185394828125
16.193880609375
16.2043912421875
16.21171013671875
16.2166702578125
16.221039
16.22451915625
16.22999928125
16.23664209375
16.24177266796875
16.24684883203125
16.2512799921875
16.256533671875
16.26042287109375
16.26513310546875
16.26917733984375
16.27206880078125
16.2749341875
16.27773815234375
16.28059203515625
16.2832407421875
16.28464521484375
16.28662576953125
16.29032924609375
16.294635078125
16.297921
16.30332879296875
16.30992523046875
16.3149658125
16.31960100390625
16.32350394140625
16.32761838671875
16.3310166875
16.33263194921875
16.3333382890625
16.33465756640625
16.335891984375
16.33695366015625
16.3387482109375
16.33881703515625
16.337974175781248
16.3401205625
16.3415788515625
16.3413941015625
16.34145644140625
16.3410455
16.34100248046875
16.33732173046875
16.32575925390625
16.30567336328125
16.27889148046875
16.2487725703125
16.21642667578125
16.18369992578125
16.1502635703125
16.11630635546875
16.082784765625
16.049512703125
16.01563014453125
15.98268497265625
15.94977725
15.91734152734375
15.88567570703125
15.85370991015625
15.82230565625
15.79155630078125
15.76123488671875
15.731759046875
15.70133834375
15.67124056640625
15.6421268984375
15.6131022734375
15.5844244453125
15.5558945078125
15.52708773046875
15.49874785546875
15.47055037890625
15.442794671875
15.41551141796875
15.38827005078125
15.36092972265625
15.3337348046875
15.3072108125
15.281157625
15.2546693984375
15.22827203515625
15.202357890625
15.17663059375
15.151605125
15.12630712109375
15.10125376953125
15.07638263671875
15.0517666015625
15.02765440625
15.00365886328125
14.9799816171875
14.956101703125
14.9326692890625
14.90950873046875
14.8858948828125
14.86272552734375
14.83905272265625
14.81584059765625
14.79225408203125
14.76872082421875
14.74556301953125
14.722578109375
14.7000766875
14.67745855078125
14.6551004765625
14.63328071484375
14.61089244921875
14.58925542578125
14.56741201171875
14.5456608984375
14.52394362109375
14.50227895703125
14.480812546875
14.45961169140625
14.43864234375
14.4178719765625
14.3973283203125
14.37627269140625
14.356206734375
14.33606897265625
14.3158652734375
14.2960617578125
14.27627043359375
14.25678505078125
14.236470171875
14.21682282421875
14.19725362109375
14.1778365
14.15814658984375
14.13825812890625
14.11898451953125
14.0997874609375
14.081186359375
14.06162616015625
14.04248591796875
14.02349287109375
14.00478848046875
13.986345234375
13.96791799609375
13.94942612109375
13.9312430703125
13.91318506640625
13.89525700390625
13.877423820312499
13.8594521796875
13.8419219296875
13.824627265625
13.807039546875
13.790034984375
13.7732257265625
13.755776953125
13.738478015625
13.72087412890625
13.7038714296875
13.68677786328125
13.66978044921875
13.65286541015625
13.63662080859375
13.62032881640625
13.60444136328125
13.5885918125
13.57291471875
13.5575419921875
13.542386703125
13.5269458046875
13.51119638671875
13.4957535625
13.48091311328125
13.46608719921875
13.45123424609375
13.43599762109375
13.420570234375
13.4059156953125
13.39159337890625
13.37723694921875
13.36283609765625
13.34823705859375
13.33405923046875
13.32004063671875
13.30559278125
13.29096414453125
13.27703455078125
13.26296159375
13.24918293359375
13.23563258203125
13.22212146484375
13.208882796875
13.19565215625
13.1829615703125
13.1697512578125
13.15726679296875
13.1445153203125
13.13186589453125
13.11930686328125
13.1063619765625
13.0944391484375
13.0823744609375
13.0701462734375
13.05805199609375
13.04599196875
13.0339587265625
13.02212069921875
13.01011046875
12.99814071875
12.986309078125
12.9747049296875
12.96333940234375
12.95327258203125
12.9425993046875
12.931432875
12.9201075625
12.90872316796875
12.89752484765625
12.8864966640625
12.8756151328125
12.86476975390625
12.854359390625
12.843784171875
12.83350126171875
12.82356113671875
12.81329028125
12.80310223046875
12.79343253515625
12.783682953125
12.77386134765625
12.7642276328125
12.75438788671875
12.74494799609375
12.73510821875
12.7256301953125
12.7161548125
12.7061951640625
12.69674147265625
12.68806669921875
12.6793532578125
12.6707001796875
12.661994515625
12.65284591796875
12.64410107421875
12.63554174609375
12.6265545390625
12.6177011796875
12.6086276640625
12.59953523828125
12.59092408984375
12.58259789453125
12.57425953125
12.5663350703125
12.5585808046875
12.5506591640625
12.54224469140625
12.5339941484375
12.5262566796875
12.51856084375
12.51095940234375
12.5031070625
12.4950617265625
12.4872369296875
