0.92616553125
2.3014729453125
3.30118201171875
4.17231587109375
4.8709886640625
5.5210738046875
6.057416484375
6.47720509765625
6.87987899609375
7.2295970625
7.53061041796875
7.82669762109375
8.105591171875
8.36929801171875
8.5966761875
8.8148524375
9.0065320546875
9.21087444921875
9.42124708203125
9.614129703125
9.8144274140625
10.00625906640625
10.184279203125
10.3599596796875
10.5266472890625
10.6912145078125
10.8519261484375
11.017656609375
11.17008194921875
11.32555828515625
11.45660070703125
11.57102826171875
11.69060761328125
11.79920544921875
11.904960421875
12.01219130078125
12.103426953125
12.19047367578125
12.27670656640625
12.365909078125
12.45263444140625
12.53011393359375
12.60077552734375
12.67409400390625
12.75380551171875
12.82564165625
12.90417225390625
12.98191035546875
13.051585546875
13.12603865625
13.20171232421875
13.28400648046875
13.36274165625
13.44059117578125
13.5156215859375
13.5846630703125
13.65086234375
13.71050590234375
13.76032965625
13.8119521328125
13.8664998203125
13.9233541015625
13.9729756875
14.0154121171875
14.057902546875
14.10585841015625
14.1529026484375
14.20266668359375
14.25145908203125
14.30217789453125
14.34928271484375
14.39935412109375
14.4430337265625
14.4868804921875
14.52966646484375
14.569926671875
14.61463151171875
14.6586053828125
14.7024046953125
14.7460022109375
14.78739655859375
14.82817339453125
14.86852328515625
14.90673969921875
14.9459166171875
14.9864483828125
15.02163796875
15.05895751171875
15.099245125
15.13774296484375
15.17758831640625
15.2108354296875
15.24435602734375
15.28082384375
15.31959226953125
15.3558486953125
15.39424036328125
15.43181901171875
15.467804125
15.5030124140625
15.53897760546875
15.576422921875
15.614755109375
15.6510883203125
15.68569981640625
15.719747828125
15.75516446484375
15.787787113281249
15.81659714453125
15.84598377734375
15.876688171875
15.906316625
15.93288628515625
15.9597586171875
15.9847800703125
16.0111699296875
16.03562525390625
16.05711885546875
16.0779963125
16.1004410234375
16.12405319921875
16.1508756171875
16.17572138671875
16.2000554921875
16.22427034375
16.2480190234375
16.27023648046875
16.2927973125
16.3121389921875
16.32818953515625
16.34191980859375
16.3550791796875
16.3689083671875
16.3826716953125
16.39772377734375
16.412081328125
16.42658194140625
16.43981452734375
16.45073066015625
16.46272839453125
16.47229752734375
16.47961531640625
16.48660767578125
16.4947416171875
16.50455784375
16.51741001171875
16.5311001484375
16.54422491015625
16.560107492187502
16.5774543125
16.59270054296875
16.60522216015625
16.6188416875
16.635934796875
16.65070376953125
16.6641615234375
16.679843335937502
16.6936898828125
16.7087208359375
16.72329414453125
16.7377297109375
16.750312703125
16.76250059375
16.77414719140625
16.78838532421875
16.804047015625
16.817398703125
16.8296873359375
16.84310247265625
16.85546128515625
16.8657416796875
16.875252
16.8832405625
16.89067151171875
16.89629386328125
16.900021984375
16.9046021640625
16.91058455078125
16.91561584375
16.92130586328125
16.9290653671875
16.9376912421875
16.94815115625
16.95866548828125
16.97173221484375
16.986897640625
17.00030440234375
17.01151591015625
17.023924109375
17.03638511328125
17.0492343828125
17.059776625
17.0685500859375
17.076394640625
17.085233078125
17.094341015624998
17.102888140625
17.10910660546875
17.1165976953125
17.1214313984375
17.124944171875
17.12983304296875
17.1356304921875
17.1422487421875
17.148309140625
17.15393150390625
17.15767127734375
17.16130778515625
17.165691046875
17.1681543203125
17.17213863671875
17.17800006640625
17.184476609375
17.19267447265625
17.2008023828125
17.20590878125
17.21067971875
17.21478037890625
17.21900612890625
17.22385898828125
17.228601859375
17.23473119921875
17.2400081953125
17.24554831640625
17.250863671875
17.25685410546875
17.26212266015625
17.26802603515625
17.2747137578125
17.28159024609375
17.289579625
17.29821544140625
17.30778103125
17.31835239453125
17.3305662265625
17.34228137890625
17.35360201171875
17.36529115234375
17.3767375703125
17.386591578125
17.39572272265625
17.4058143046875
17.41575383984375
17.42538459375
17.43394552734375
17.44121705078125
17.44829301171875
17.45526936328125
17.46035426953125
17.46439914453125
17.47019888671875
17.4759671328125
17.48314763671875
17.48913945703125
17.4943927890625
17.50153980078125
17.50892179296875
17.5154863359375
17.51936026171875
17.5237310703125
17.5272087734375
17.53063131640625
17.5339131328125
17.53607181640625
17.5385988828125
17.5431071015625
17.547916828125
17.5532134609375
17.55842688671875
17.56418088671875
17.57003010546875
17.57566515625
17.5792855078125
17.5825691953125
17.585731609375
17.58906403515625
17.59230885546875
17.59478074609375
17.59827339453125
17.60271039453125
17.60591938671875
17.61000444921875
17.61327625390625
17.6166846015625
17.620051265625
17.62224985546875
17.62374521484375
17.6248575546875
17.62504387890625
17.62528595703125
17.62377859375
17.62324614453125
17.6225088046875
17.620158140625
17.6176127265625
17.61453168359375
17.61219409375
17.60964817578125
17.6078349453125
17.60669405859375
17.60561729296875
17.604272859375
17.60445705078125
17.6066009296875
17.60906046484375
17.61101171484375
17.61342662109375
17.61683345703125
17.62062623046875
17.6238803125
17.6260182734375
17.62791876171875
17.630039703125
17.63173087890625
17.63379923828125
17.6359490390625
17.63811890234375
17.6387818203125
17.6392925625
17.64017375
17.6410731796875
17.64184228125
17.64318944140625
17.64569886328125
17.6478645546875
17.6510670546875
17.6541452734375
17.6568816640625
17.65946996484375
17.6620947421875
17.6657436484375
17.66931630859375
17.6735495390625
17.67693214453125
17.67932791796875
17.6817277109375
17.6842805078125
17.68746600390625
17.68968778125
17.691980359375
17.694598125
17.69650991015625
17.69914125390625
17.70166003125
17.70527912109375
17.70890514453125
17.71271369140625
17.71606214453125
17.71898595703125
17.72203655859375
17.7257152734375
17.72956336328125
17.7331878203125
17.737171359375
17.7420630546875
17.74714070703125
17.7524758125
17.75842847265625
17.764633984375
17.7694199921875
17.77436846875
17.78007384765625
17.7865923515625
17.79354338671875
17.79910023828125
17.8048711171875
17.8105909609375
17.81684355078125
17.82238881640625
17.82754416796875
17.83133169921875
17.83440016796875
17.8346650625
17.83428147265625
17.83231330859375
17.82920675
17.8244889453125
17.818521671875
17.811633734375
17.80466440234375
17.79663469140625
17.7885151171875
17.78017505078125
17.77104135546875
17.7610222109375
17.7495584453125
17.7383785703125
17.72670941796875
17.7160229921875
17.7040210703125
17.69193175390625
17.67865383203125
17.666410265625
17.652486703125
17.6387028359375
17.62456490234375
17.6116843671875
17.5965742734375
17.5820618515625
17.56682236328125
17.5510572734375
17.5357033515625
17.521316015625
17.5058132578125
17.48967367578125
17.47313503125
17.457197921875
17.44046325
17.42374072265625
17.4072105703125
17.3907340546875
17.37603507421875
17.36102292578125
17.3460755390625
17.33087656640625
17.3166622421875
17.30215953515625
17.28876493359375
17.27412526171875
17.25968140234375
17.24494426953125
17.23155328515625
17.21660775
17.20353323046875
17.189650984375
17.17653156640625
17.16427270703125
17.151493996093752
17.13969108203125
17.12689448828125
17.1155224140625
17.10325548828125
17.091646328124998
17.07872634375
17.0666785703125
17.056359140625
17.04524565234375
17.0356420078125
17.026613890625
17.0172810234375
17.008814375
16.9985900234375
16.989787390625
16.98259976953125
16.97404790234375
16.96718836328125
16.9586452265625
16.95022775
16.94201565234375
16.934243578125
16.9263604765625
16.9185078125
16.9095995546875
16.9009875078125
16.8924517109375
16.88463091796875
16.8769654921875
16.86989505859375
16.86238820703125
16.85620732421875
16.84965175
16.84301623828125
16.83805515234375
16.83245214453125
16.82663344921875
16.82176587109375
16.8154154921875
16.81136682421875
16.80617725
16.80092969140625
16.796967078125
16.79206012890625
16.78777505859375
16.782738984375
16.77899589453125
16.7744718125
16.76997219140625
16.76520113671875
16.76238034375
16.75843404296875
16.7554015
16.752192703125
16.74956216796875
16.74581971875
16.7429354375
16.74025197265625
16.73753771484375
16.7358899375
16.73518923046875
16.73194785546875
16.7301307734375
16.7282839765625
16.72552674609375
16.7233751484375
16.7208822265625
16.71917666015625
16.71676291015625
16.71606411328125
16.71371098828125
16.71287888671875
16.71210780859375
16.71081177734375
16.71002814453125
16.7083168046875
16.7083065
16.70794836328125
16.70749523828125
16.70663110546875
16.70621462890625
16.7054666171875
16.704825640625
16.70593081640625
16.70586569140625
16.7071489765625
16.7071135234375
16.70821803515625
16.70965254296875
16.710940496093748
16.7124486875
16.71360699609375
16.71511283203125
16.718032921875
16.72101888671875
16.7231894375
16.72522930859375
16.7283091796875
16.73064158203125
16.73314318359375
16.73635987109375
16.73920107421875
16.74255762890625
16.74649148828125
16.74899069921875
16.75232652734375
16.75519980859375
16.75868019140625
16.76238566015625
16.7657145234375
16.770146046875
16.77465588671875
16.77829573828125
16.78122065625
16.785872609375
16.78945087890625
16.7929673515625
16.79662969140625
16.80117669140625
16.80489405078125
16.80910396484375
16.8127225859375
16.81743207421875
16.82024391015625
16.8255534375
16.8302185390625
16.835745859375
16.840873703125
16.84620979296875
16.84998098046875
16.85613502734375
16.8613061640625
16.8668158515625
16.87203445703125
16.87703625390625
16.8838928203125
16.88882937890625
16.8963590078125
16.901243359374998
16.90985576171875
16.91634201953125
16.92342124609375
16.93234825
16.93924846875
16.94648913671875
16.95368341796875
16.9593697421875
16.96768784375
