123.715568
135.712856
93.465073
87.817925
124.677505
115.762972
124.944250
110.146956
121.681175
113.187226
216.176192
187.626076
152.888498
943.850131
130.324161
120.482298
100.217170
880.342665
138.341774
1072.693864
124.807183
151.367666
169.071800
150.662665
96.031992
92.061168
106.363833
98.914707
237.651727
250.013543
119.624710
106.968133
122.074984
138.860981
145.955839
134.159676
99.361708
107.200015
115.467821
110.235554
134.602057
129.874723
176.942070
150.649634
102.320961
103.280232
149.902929
134.431605
92.548827
91.550942
123.363025
110.558867
150.533194
147.270176
119.038361
172.081308
188.987697
168.524375
113.802453
110.808574
124.480404
149.635723
99.324072
98.605556
153.615157
157.181610
113.445193
107.507764
88.890271
83.331887
131.917014
173.493756
130.618835
117.996363
130.170278
131.103158
189.855368
162.392963
136.977791
125.498890
91.385499
226.092369
114.140992
110.723583
260.467927
226.199086
147.684532
1279.846446
170.648599
152.625627
167.773547
168.971078
147.038507
148.683773
106.923255
101.797615
139.682247
124.233948
145.640501
132.423946
102.949489
263.095626
142.703135
142.983854
168.673732
152.803093
206.298645
177.638637
137.943533
127.952479
97.785485
93.623497
161.116820
144.460560
137.535471
128.846035
151.416251
139.457374
122.796312
119.851944
135.831429
1480.746503
119.865426
119.099139
150.264548
147.467824
244.494504
214.092386
123.556643
120.813788
135.433583
123.667732
111.941973
128.192396
137.800665
125.524664
145.565491
140.297657
177.201043
156.683318
108.710876
102.797024
131.424462
136.030927
123.530075
113.368048
133.791505
127.685436
152.414754
145.461625
125.432647
117.048741
106.497636
116.403439
120.777818
118.689103
105.811633
101.310632
142.359438
137.168201
114.617387
110.222760
181.110551
160.935477
128.357420
114.555069
268.163730
226.662566
115.908082
129.465117
232.202780
208.759168
172.083485
151.388698
139.761868
131.669657
180.642416
173.185412
103.752872
113.466584
168.109773
150.750054
116.399739
106.320946
116.099749
117.052506
120.340724
112.963896
167.438815
145.587470
171.938978
156.214431
136.613238
129.230278
158.878926
146.977322
110.929218
105.748390
158.462885
152.342306
115.779691
115.478632
145.802813
137.049713
355.702881
343.801966
122.611892
115.699813
128.274403
123.932053
112.056706
110.210609
154.230642
162.597467
154.680398
188.860913
112.055355
106.412079
125.721659
234.873095
113.699941
106.469518
104.870467
104.860109
158.850335
141.049134
213.383169
179.059924
167.026470
146.731235
150.599634
136.972391
114.593158
106.806796
119.768092
113.299218
160.044423
141.383405
234.973994
218.396749
116.501464
112.206109
149.988767
145.372520
177.284979
162.490534
132.207485
135.291133
134.577767
116.633375
148.733452
155.568207
115.690277
115.650001
157.252103
142.789162
155.650988
1498.206048
138.710719
130.048668
176.079511
156.162655
137.189416
124.237481
113.006491
111.408699
119.981501
119.316829
157.129106
141.007315
169.458867
150.698067
140.198342
129.141626
118.213650
109.177654
167.569050
146.549204
202.459113
181.262589
187.954042
171.809675
115.861017
122.115322
154.877198
140.592421
128.197669
124.024727
139.314117
125.053773
206.941046
171.819346
176.780268
163.654105
133.007506
136.243391
103.057965
97.213495
156.073815
147.802223
139.117587
135.906400
192.382087
168.882711
180.437091
164.428040
240.594962
206.206434
111.429420
108.149722
131.336219
123.405773
110.196932
118.436896
99.726232
116.655848
135.925643
135.804657
111.165236
111.976706
141.341967
126.931637
133.392270
129.644987
134.360630
133.858490
187.859438
161.022519
175.021101
153.451395
120.089633
121.398577
119.040356
110.895236
105.014986
113.299584
120.804215
124.643935
119.561316
122.478402
195.973116
201.765936
132.733127
126.602482
230.875319
206.444060
112.993851
109.415668
114.397637
106.565703
167.888776
160.243604
122.571790
125.075959
176.554719
150.251214
203.971525
191.496220
149.483222
135.568949
120.114784
115.675930
135.600757
119.673133
150.457138
138.896516
165.526691
157.579348
152.299512
136.261925
134.174978
125.668686
140.887362
145.350269
95.575835
94.325809
124.819853
123.836710
144.463580
141.619536
139.101018
193.543127
256.549960
213.847395
150.075893
145.445330
137.150074
129.304614
139.297447
121.813713
209.245065
208.859435
145.396940
129.728686
166.018429
188.149824
125.841830
159.800861
132.699964
119.705404
139.954441
134.221071
115.599038
114.006769
144.070073
194.494886
116.634058
120.572769
144.713793
131.388326
142.804428
136.465886
126.130402
126.340692
156.726519
144.968067
212.601224
194.141146
154.829953
155.231432
117.628942
117.424115
123.376602
124.103875
213.808134
181.664240
98.151672
127.715139
134.211858
128.790649
164.539986
150.376588
146.670955
131.012380
111.568976
108.153724
116.193165
111.217982
121.248447
627.498334
113.768031
107.125681
118.943869
1220.468017
136.107078
123.444159
131.739959
143.762695
149.546351
154.510862
139.636943
124.055626
119.428780
109.012275
180.930691
165.728797
170.906117
229.786986
98.333175
94.512102
179.449159
240.273024
151.127011
143.169203
111.377466
117.407196
107.666842
108.204123
130.988391
121.364639
160.747249
144.756203
135.295350
1258.530923
118.343611
105.377702
113.510655
110.159922
130.165939
130.264564
193.917023
204.124823
118.216115
110.343717
134.908211
123.301866
143.041437
132.289081
138.101357
124.677809
111.360922
105.528051
295.296303
243.222415
114.655273
105.670545
151.322229
179.929583
106.027078
105.789303
104.211478
109.007659
160.708499
151.745254
165.368396
159.151679
125.344383
135.474524
110.769861
114.770885
123.856622
121.937594
