97.480487
94.141296
94.598282
90.780031
99.179064
93.538272
98.797842
778.804765
110.545865
103.908433
101.869867
98.737937
97.476967
95.723469
90.548669
86.290770
93.120512
89.981867
98.482942
93.382183
100.772490
98.361869
92.968583
223.025169
104.688941
97.323200
93.253828
89.134358
99.274196
96.478570
87.248049
611.050634
101.741571
223.126116
121.927895
111.657185
94.495012
92.261057
85.858121
84.383680
91.625711
91.675500
104.712086
97.626299
98.765889
108.161712
95.050626
91.696739
98.265990
93.980577
100.406553
508.637320
103.124084
98.575422
97.909858
92.402345
113.791743
115.394289
93.278023
214.510191
88.932774
88.247726
91.092371
88.174299
129.008381
117.927763
97.948045
94.712924
94.501201
1258.454193
96.798799
93.202049
106.129112
99.034176
95.313341
92.436596
94.103983
90.617733
137.611061
124.826061
93.168435
89.660441
91.714390
98.293010
116.266829
111.290346
92.120588
89.364986
96.266064
93.147342
113.014200
105.729857
98.792816
95.817936
88.698321
146.766628
98.265535
96.823690
90.697026
90.304290
90.283502
87.805391
93.496855
91.824802
134.456532
331.849332
105.407882
100.130968
114.922004
113.551513
92.358832
316.989981
97.084187
100.330132
117.594752
107.503641
104.992584
100.689260
98.024883
100.163716
113.118583
106.025378
92.474687
90.866549
106.594787
99.609871
97.945470
102.474609
106.225121
103.479863
97.432003
93.436469
91.253918
439.308438
107.420704
101.484947
94.274625
91.812287
110.706102
102.972422
93.501720
90.176120
100.814793
95.733419
100.872931
96.060226
90.774663
88.947018
103.096580
97.478474
107.767207
100.703739
100.287795
96.013987
127.825634
116.801321
94.227372
91.864760
98.230282
102.831349
97.935578
93.076667
110.142750
102.866897
98.507669
92.890489
120.320706
186.380631
103.924950
106.908790
101.742592
107.575186
96.484089
91.925387
106.091609
98.890898
99.422654
124.196931
103.529483
98.872998
103.369809
98.148262
115.646282
106.938924
99.970214
95.632581
102.271186
97.099589
97.751348
91.841726
97.946228
110.732450
90.514400
87.710320
103.982741
98.697608
99.229555
94.139455
106.839439
102.392562
100.601628
98.552806
92.806167
89.844306
107.107449
100.486101
95.467095
192.265211
87.025704
113.538342
106.031603
104.960277
128.903615
117.775770
115.894404
107.463011
86.215402
88.933400
99.337515
94.837515
90.526294
87.167400
122.267521
111.284644
102.954321
102.046190
111.130025
738.923435
97.201546
93.502791
100.389530
97.280411
97.692113
292.024854
111.088526
104.839728
93.381101
90.242459
107.216989
101.839929
109.373577
107.562218
107.593093
103.570317
121.815990
111.753014
93.229581
91.500275
105.314635
1404.045832
101.938866
96.829422
91.657818
90.096225
90.150939
89.302956
110.250041
108.627515
124.567330
116.624605
86.128334
96.755402
98.503578
101.638408
90.473676
87.997494
94.741719
91.070712
102.568234
96.768733
107.307514
98.397826
92.690241
90.787913
89.857361
86.795492
95.286491
91.443521
98.133329
94.846585
91.485632
89.124690
102.179573
96.003805
93.127261
90.771415
119.467284
110.688059
139.965212
127.600549
102.120310
759.083959
90.959281
89.398969
95.522126
92.294018
90.139558
86.263300
93.617060
91.212332
95.197627
95.180474
91.202638
88.236915
100.865109
113.968478
113.694873
106.134431
99.027738
96.321719
98.490634
94.566844
94.581244
105.071950
96.411196
98.788856
95.335662
91.729441
93.033443
95.322798
121.694166
111.466883
93.770021
91.771115
97.660101
95.111252
105.531824
98.694260
101.115996
97.257660
94.576131
93.879276
98.721210
93.333079
96.491465
93.347830
99.789199
94.170832
98.146818
94.856154
102.785692
96.776431
118.619578
118.049789
120.589675
110.117203
108.931047
104.945940
151.656147
133.174597
92.932456
89.800473
98.556567
95.154431
110.989160
544.230646
94.992882
90.809084
108.295487
100.312035
98.828934
93.388403
96.941484
92.715831
109.581757
103.933306
94.690594
91.179067
122.427738
111.474094
87.553417
86.494020
104.382021
100.640141
91.749448
89.793872
102.058171
95.860270
99.376658
95.148562
114.497658
105.726177
103.344484
101.538088
92.252866
89.805854
104.345528
108.503690
102.290935
690.141305
138.015524
124.241532
125.982625
114.121289
95.397115
91.654364
103.670507
97.923615
142.887844
127.037078
96.572713
95.899817
94.725166
90.508307
115.207939
112.733569
115.366828
107.517512
97.862055
94.033469
98.787216
94.390050
95.905404
94.408466
95.926881
91.589353
105.000911
105.661084
100.796381
95.601529
93.003813
93.817892
97.264430
96.966703
95.395654
92.045675
98.800869
95.249364
96.733891
91.875639
115.518143
116.848785
104.369916
98.690397
101.867028
96.467930
109.718245
103.882188
95.000108
100.367905
116.108712
106.858395
105.528049
99.235497
121.029623
110.100417
102.923828
97.554592
100.848695
97.315907
99.280479
93.419534
98.356895
94.019360
129.284114
118.171707
102.806933
96.965171
97.242953
419.505951
106.388403
101.339394
99.871841
95.501601
97.089951
91.603627
88.353936
94.516514
91.024458
88.704404
113.390926
695.139519
88.262631
90.320684
84.300755
804.923541
97.274608
94.211753
92.056711
91.753056
100.424644
96.503965
95.146757
89.792278
94.782635
91.081099
88.140350
86.830214
95.095240
92.117474
84.279060
83.575402
114.879563
105.376806
109.965836
101.859069
107.539345
100.139854
113.770816
103.884152
93.600576
91.359474
101.604760
120.312683
96.570511
183.841575
101.663659
96.404675
114.178816
105.346128
94.347659
91.488565
