129.101972
1030.654321
127.820666
1021.353240
131.921567
2356.747086
125.004664
138.980126
126.886544
146.386479
130.091688
178.248932
126.261362
1345.547904
128.348232
768.828626
125.452888
150.466210
127.727939
576.621061
132.361227
139.430561
126.022561
149.621385
126.599989
1967.008976
134.732544
1101.078484
129.662133
145.521838
123.753874
179.752587
124.040907
439.637513
128.485808
145.341051
127.243889
151.047757
129.074136
493.728162
128.183668
145.680937
129.968581
1865.962519
144.025521
152.393973
128.633183
494.385594
126.055931
809.495287
137.428412
147.836643
130.150268
170.817282
133.837202
138.024837
141.156873
211.560057
128.456973
1261.144696
134.344931
154.963605
131.074639
341.612461
129.636701
166.103139
126.842364
212.590979
126.507343
133.334934
124.599841
134.339139
121.927217
129.395456
133.386717
212.837665
120.617872
238.281971
126.817006
173.647859
126.734396
141.836881
135.147285
155.424654
130.801235
141.733690
127.714209
150.953628
125.751279
162.769538
132.244803
149.711444
124.415799
151.133930
129.773466
844.351142
122.912917
138.309286
131.013853
137.164503
124.475092
308.744850
128.280339
141.332664
130.392521
152.176413
126.430650
864.964336
125.181291
164.610565
124.009840
431.023987
127.678699
157.260374
127.253588
147.312177
122.667377
144.515827
126.676707
139.529088
134.602875
256.203861
126.292407
732.250500
134.611960
169.653669
125.900904
144.968073
138.561216
167.092342
120.538059
694.355340
122.193583
142.910182
128.922845
146.908904
127.433828
165.622026
123.754217
349.852015
136.200996
845.260565
126.057098
133.890322
129.715841
175.189019
131.971227
142.283228
133.843965
141.187744
127.715675
133.997698
128.892459
136.402964
127.650743
151.542645
131.453864
243.597369
128.586026
448.778888
134.540763
137.708971
131.073948
338.588465
136.522130
2432.033008
126.464204
141.002576
126.477904
138.179120
135.802679
150.540973
129.965546
512.323655
127.034767
138.739608
122.691881
1150.128600
122.682999
138.639832
137.967236
143.396457
131.477518
2090.934317
124.816045
147.307916
123.857373
186.864949
123.881818
1093.724492
128.328406
132.381662
123.417267
149.991058
137.358467
145.957017
129.728410
715.051956
130.687740
142.440014
124.363476
147.485914
132.850055
157.185047
126.760910
148.867658
122.583943
146.152174
125.014171
162.999455
134.917676
137.706969
141.619889
156.776546
130.082061
1039.898829
127.408906
2090.609546
128.970404
149.938149
131.355371
1357.964800
128.880684
148.229210
129.953925
1154.044758
130.401453
418.920683
144.425297
320.132934
136.599514
170.745398
128.172241
173.106699
136.591006
143.313084
126.131411
139.792735
126.687499
155.455290
127.245102
598.718224
130.441885
194.562068
135.718996
150.085328
128.017938
135.769140
130.398105
175.231127
126.067259
145.305311
124.488934
153.297162
128.105958
463.224494
127.594319
155.293416
133.649654
1318.367624
123.609244
145.096299
122.394168
794.357836
135.832967
380.306883
131.235518
379.928501
132.929318
286.574832
127.192204
1178.233847
124.527004
134.046295
127.053717
138.467536
125.933438
137.378178
122.993884
190.142960
129.568103
141.244736
129.313618
303.876567
131.908999
143.910488
120.030803
125.132440
125.841628
468.869779
133.325248
155.037991
129.593716
142.653298
123.673141
154.903461
126.886282
2400.660131
127.665729
147.300535
130.644678
763.129862
124.284307
300.462928
127.453604
134.324061
131.377751
150.968238
124.895165
743.362071
126.253152
535.888137
130.380460
139.263879
135.626270
387.221188
126.798977
132.106490
131.883175
137.480627
131.226406
1499.665413
128.939923
138.031235
126.917335
154.536039
132.700195
1006.596277
126.808478
850.092840
132.598304
156.689658
126.161163
402.650271
130.440360
588.514793
132.418492
329.877016
130.498742
147.136357
133.544472
153.281619
131.639953
139.860790
126.780155
138.051042
124.542087
1065.361968
130.664944
824.088057
126.722913
225.996617
129.912812
156.090835
128.493998
131.039196
125.595119
174.625216
127.577863
151.625567
127.472964
1258.183907
129.050046
1218.313697
143.243748
181.840161
122.684690
140.178641
123.358696
289.257906
130.327832
192.643491
132.054027
171.177346
129.747450
137.803779
125.325406
1231.986378
124.819849
152.275943
128.322975
745.253482
125.125724
1236.509959
129.033713
134.089041
127.340615
140.804578
128.258926
138.664902
130.095798
139.879612
126.986300
817.975232
132.595993
142.378074
140.258114
736.822096
145.034129
1347.408659
127.403705
140.584812
125.800547
249.681123
128.220575
172.549387
125.004552
148.484171
126.828736
745.269029
127.156943
141.833421
130.453774
148.136289
128.565425
147.983652
129.038644
136.232766
130.386511
140.815062
128.580806
167.847729
128.993371
152.764556
132.062234
139.434684
125.360945
234.740162
127.229568
156.043889
121.129441
140.867671
131.230686
141.772311
128.297096
166.442272
135.858433
144.835173
133.501895
149.103516
127.574288
306.954153
122.791328
536.597402
125.219026
1094.305071
125.035695
185.939503
131.602078
403.042498
125.476301
1181.064378
137.487220
1733.250872
129.272884
169.033902
130.320865
470.953938
124.281712
216.511943
128.962888
133.028568
130.187184
159.164049
130.329637
144.868943
130.244524
137.653347
131.836079
152.972235
123.281913
139.443585
123.502337
130.537447
128.754970
224.891646
125.937300
133.522032
129.255004
148.101308
125.162173
137.668697
130.689297
2879.504544
124.780436
2594.902195
128.620827
141.783421
127.838762
130.320406
125.945623
210.732441
124.283040
792.856173
128.592945
1027.680674
125.127289
203.974016
122.029423
1285.229756
136.613935
160.677739
125.689751
142.977551
125.703601
143.834166
124.111820
363.322951
128.878687
623.637358
129.418708
467.968238
