338.39879575390626
356.3817642890625
338.162664625
340.183255984375
346.0524658515625
352.73424986328126
358.71438946875
364.5208008828125
370.60149184375
375.8022925625
380.548773
386.1407668515625
391.1081554765625
395.58093753125
399.8546012578125
403.0467633359375
406.466227109375
410.0556010976563
413.9317669023437
417.83290482421876
421.72734894140626
425.10267039453123
427.82637498828126
430.8651713125
433.316218828125
436.523350734375
439.84939279296873
442.5017743359375
445.3912948125
447.59659021484373
449.50133919140626
451.20894319921877
453.18774421484375
454.85237262109376
456.60573501953127
458.6805490429688
460.385814015625
461.88159275
463.4453467578125
465.1190528359375
466.554199578125
467.99689112109377
469.2855068203125
470.435199984375
471.18293849609375
472.060873375
473.13883685546875
474.11697016015626
474.9939662578125
475.8122894375
476.94683451953125
477.91335555859376
478.9847438671875
479.95804790234376
480.99724434375
481.96805481640627
483.0885708671875
483.5950241796875
484.3461449101562
485.0852071640625
485.94921715625
486.73354926171874
487.4169293203125
488.20445414453127
488.95563634765625
489.6529738359375
490.41714875390625
491.11358204296874
491.66672426171874
492.44693979296875
493.0196750703125
493.568181890625
494.29951876171873
494.949276578125
495.6288531914062
496.1985167578125
496.8614126875
497.4743881328125
498.0239135039063
498.60168924609377
499.0993027578125
499.6445634296875
500.28092075
500.81443278125
501.355114078125
501.9636781171875
502.50325637890626
503.05167733203126
503.6305081953125
504.0184357929688
504.57751524218753
504.96917775000003
505.50243958203123
505.9930890625
506.50111625
507.00267196875
507.49104764453125
507.9746867109375
508.46546337109373
508.93671115625
509.446788015625
509.994943703125
510.5297776171875
510.89253387499997
511.335516859375
511.824346296875
512.4003610078125
512.9402649101562
513.34030628125
513.8038864804688
514.2946988046875
514.77426834375
515.1214790703125
515.4745769257812
515.8845517382813
516.2801097226562
516.6338013242188
516.9963560664063
517.4286898632813
517.8122831875
518.1544502148438
518.6200946796876
518.9314464023438
519.2248513632812
519.651692984375
519.911578765625
520.092954546875
520.2681906835937
520.5278996132812
520.7311728085938
521.017392
521.1183764492188
521.2667288710937
521.430536390625
521.6264505742188
521.8144882304688
522.0067916875
522.147237921875
522.2702256679687
522.392716515625
522.464716828125
522.45998753125
522.4920940234375
522.5501338046874
522.6477368984375
522.8346399570313
522.97651353125
523.0762106171875
523.307814953125
523.50019671875
523.685436921875
523.8026765742187
523.9657794023437
524.1197755546875
524.2610086875
524.3689441289063
524.4519580742187
524.5971962890625
524.667359
524.7165919492187
524.8153095117187
524.9407886914063
525.082994671875
525.20578584375
525.3872053320313
525.4732659570312
525.5257829335937
525.6444401796875
525.7411920351562
525.9005666640625
525.9613416757812
526.0911800703125
526.2163924882813
526.2978804570313
526.38682690625
526.5070967773438
526.6283340742187
526.6676751914063
526.7343691601562
526.7724085585937
526.8448214648438
526.962002609375
527.063371609375
527.2370753359374
527.393055015625
527.5364207421875
527.6249051640625
527.6615771289063
527.715306859375
527.8245887460937
527.9048961054688
527.95860478125
528.0405886992188
528.0674455273437
528.0830117148438
528.1716274179688
528.2111395546875
528.2562735078125
528.2981608554687
528.3330237421875
528.3774168828126
528.44772090625
528.5057329492188
528.593572421875
528.6638160390625
528.7530383671875
528.828724328125
528.87939846875
528.9934076445312
529.0486563203125
529.1482428203125
529.2502569648437
529.3408647070313
529.4601496796874
529.5296004492187
529.6507101367188
529.7457493867188
529.838627765625
529.981674375
530.1075409960938
530.2123091367188
530.3195209921874
530.3939249453125
530.4896182617188
530.6201421640625
530.6999067109375
530.8095780351563
530.9165522929687
531.0073405898438
531.1320929453125
531.2058998046875
531.3788915859375
531.5148830039062
531.6425308007813
531.760365078125
531.8698784960937
531.9909519453125
532.0650607226562
532.1542876953125
532.2312645507812
532.2923916132812
532.3146274921875
532.3896377070313
532.4553256992187
532.5092123398438
532.558374640625
532.6118156601563
532.6350978476562
532.6280965546875
532.6641290273437
532.7238302265625
532.7982441953125
532.8283369296875
532.8987719882813
532.9266548515625
533.0192538789063
533.10101184375
533.1317309765625
533.1806173046875
533.2357847109375
533.2869814140626
533.3071597382813
533.34298053125
533.3872174882813
533.4367602929688
533.4790803554688
533.5194007734375
533.58375959375
533.616924
533.63595853125
533.6797813359375
533.70086184375
533.7175290234375
533.7587732226563
533.7841890078125
533.8281347734375
533.8354752617188
533.8714977265626
533.8880625234375
533.9051775820312
533.9296749335938
533.9499146640625
533.956109921875
533.972161109375
534.0116126640625
534.0043237851562
534.0047269648437
534.0490773554687
534.0644751015625
534.0777248945312
534.0918710585937
534.1293693242187
534.1586138984375
534.1353474492188
534.1253256484375
534.09960259375
534.1273882148438
534.128315125
534.1605452617188
534.172600328125
534.1770401015625
534.2182250429687
534.277100859375
534.340568234375
534.3768233632812
534.4188365820313
534.4339280507812
534.4714695117187
534.5275336992188
534.5583695078125
534.6102735078125
534.6667193398438
534.717337421875
534.7709502773438
534.8295080039062
534.86199196875
534.8574129296875
534.8524421484375
534.8621734804688
534.8687669804688
534.8716049023437
534.8696264804687
534.903270921875
534.9546851953125
534.9941630078125
535.0268336523437
535.0865909375
535.1276376953125
535.1482435
535.1576510585937
535.1998622890625
535.2149568046875
535.3054988476563
535.3310401523438
535.408231234375
535.4787694609375
535.5375902460937
535.58103628125
535.6255884921875
535.657512703125
535.71777734375
535.7563327851562
535.8265601328125
535.8595539960937
535.8867156171875
535.9414513164063
535.9922624453125
536.047216171875
536.0974071914062
536.1296476484375
536.183537046875
536.2201730273438
536.240934234375
536.2904845507812
536.314563671875
536.3158569296875
536.339607734375
536.3712055
536.3770755976562
536.3653878945313
536.5086608554687
536.7486988085938
537.0051660546875
537.2379999804688
537.4712430390625
537.7186240507813
537.94739934375
538.1715491484375
538.4050840820313
538.646069015625
538.8933872421875
539.1292635976563
539.3408900234375
539.5858719453125
539.8233113515626
540.0520298515625
540.2973978554687
540.5395328632812
540.7984290742188
541.0728069179687
541.3387729765625
541.6311495273437
541.9466576367188
542.2318192734375
542.54552996875
542.8623639335938
543.202749796875
543.53193628125
543.8851683164063
544.2358941640625
544.59100734375
544.9357983125
545.3154278515625
545.69957328125
546.0821610625
546.4843924179687
546.8790952109375
547.2910626328126
547.7185136289063
548.1498682773438
548.5730928007813
549.0214574921876
549.4714635117188
549.9480223125
550.4533493007813
550.9308341171875
551.4224971445312
551.9222219453125
552.4568689960937
553.0062763007812
553.5640228554688
554.149795375
554.7097708867187
555.3194594960937
555.9041838046875
556.521283421875
557.1485414179688
557.780914625
558.4130611171875
559.0495472304688
559.7249600078125
560.3864646523438
561.0652353789062
561.7942444921875
562.5167544492188
563.2398233476563
564.0067875234375
564.7380581484375
565.5093280585937
566.2993215273437
567.1036013828125
567.9249827382813
568.7361791796875
569.5832543046874
570.4311220078125
571.2853967539063
572.1633214453125
573.0379267460937
573.9172240664062
574.813038296875
575.7321799804688
576.62619246875
577.55332840625
578.497407328125
579.4241826171875
580.3969040390625
581.3600830742188
582.30584790625
583.2807544492188
584.2796276953125
585.2814903007812
586.2950987460938
587.3200003671875
588.3417900703125
589.379868828125
590.4185116210938
591.4682161640625
592.5083475546875
593.5580087070313
594.6587396484375
595.7563973007813
596.8472034140625
597.9929617382812
599.1336823242187
600.2897111835938
601.4335955039063
602.6032687890626
603.7597983203125
604.9645828242187
606.1544572460938
607.35111853125
608.5656254609376
609.7838375
611.0394673242188
612.3056386875
613.5379546640625
614.8418520898438
616.0936573242187
617.4355208945312
618.7135296289063
620.020168671875
621.35559096875
622.683247109375
624.0325752148437
625.3899280742188
626.7563878984375
628.1048665976563
629.5127085273438
630.9294113632812
632.3304234296875
633.7344292617188
635.1310644570312
636.5543207265625
638.0059221640626
639.455741078125
640.9250677773438
642.4187980976562
643.8863220664063
645.3726737617187
646.8616151445312
648.3990690898438
649.9137770507813
651.4672855
653.0044965898437
654.5630294414062
656.1195556835937
657.69448190625
659.2673817617188
660.846976109375
662.4623535078125
664.0394251953124
665.674256546875
667.3053499296875
668.9188259257812
670.528206515625
672.2066080234375
673.8818244882813
675.526505828125
677.2072753046875
678.8873920195313
680.590223375
682.30491671875
684.0188860820313
685.741389484375
687.44373334375
689.2029310429688
690.9516723242187
692.7086733867187
694.478549265625
696.256455078125
698.0364135703124
699.8570409023438
701.6513681015625
703.468504578125
705.2847612578125
707.1252507929687
708.958319140625
710.8014966015625
712.6632047226562
714.5246187070312
716.377095625
718.2159113710937
720.1031111875
721.9751659257812
723.8355590195313
725.7224439140625
727.6261631875
729.525175921875
731.462767390625
733.3730492773437
735.2894047734375
737.2011864101562
739.1309272382813
741.0711338710937
743.011525421875
744.9795776757812
746.8991331757812
748.8584181367188
750.862188671875
752.8411406601563
754.8331373867187
756.8475406445313
758.8571886289062
760.8840560351563
762.9096150742188
764.936464609375
766.992968875
769.0340324140625
771.088803
773.1511519570313
775.2438628632813
777.3521531757813
779.42118634375
781.5341128046875
783.6459166484375
785.7990331289062
