108.247411
89.415575
110.136922
90.229637
85.634279
71.277479
98.611022
81.498683
121.910850
103.512368
108.493812
90.557370
76.182384
63.825183
113.507386
92.946998
85.581167
76.040797
116.241142
96.619967
82.565053
71.288084
215.048622
174.362616
111.501725
89.902654
83.841617
70.461445
101.572462
87.400738
70.068597
60.742070
247.958173
197.225316
133.838205
111.830325
105.364060
87.568871
78.595772
68.615783
94.409124
77.911736
62.577677
55.026160
134.581995
110.101012
233.621136
183.580383
91.446487
76.170514
136.643092
112.529664
92.385027
80.963245
101.384755
87.638651
99.925171
83.795403
98.125777
81.300481
133.241864
106.975595
102.650840
84.650628
141.204281
115.828007
143.864924
116.439466
99.031343
85.184398
75.609981
65.335130
136.250983
108.743521
109.364462
90.821360
112.394740
93.259928
167.223954
132.899424
94.798520
78.288506
121.072482
99.292089
140.957582
117.852331
121.880721
99.675597
82.075299
69.218727
100.277881
85.590850
154.989964
125.417551
81.579798
68.328556
98.735674
83.427203
66.277568
60.175680
110.191253
92.183421
102.715175
86.166502
117.463885
99.279221
110.354383
90.712633
111.088705
94.688824
151.460611
122.176528
96.739059
82.318221
102.299342
84.294090
107.389992
90.022780
72.444131
64.241319
101.913669
87.866153
142.711341
115.988101
194.971515
156.435239
83.591648
69.768506
126.667234
108.676833
115.231085
95.232287
92.976780
78.237181
95.845100
79.704710
97.135461
82.468137
149.836982
120.657427
113.107297
93.574577
91.048577
77.291670
91.217316
76.687427
127.368120
104.436776
78.363678
68.906931
101.901243
86.498179
107.950087
90.583937
124.859589
104.524486
87.459987
75.211694
134.645676
111.199733
76.721110
66.782860
93.148519
78.420229
198.247535
157.182638
109.953658
93.466235
97.481461
83.219568
149.696561
125.115753
173.105272
138.986211
87.530045
73.660824
98.032190
81.008732
102.169182
86.169181
167.729653
133.585042
138.548220
112.053882
116.952256
96.770246
100.880397
84.540424
85.408669
73.937634
130.671155
110.441560
98.473288
85.293857
211.081266
167.835446
127.331864
104.830443
97.819479
81.881725
94.848648
80.776119
168.725959
136.115404
103.258877
88.662289
75.133481
65.348360
185.854488
146.670084
117.659104
96.852650
159.837583
128.124027
318.903928
252.533226
108.483092
90.332715
114.785318
98.798653
104.562778
87.070952
116.566777
98.364091
176.538598
142.153212
117.557773
95.353587
105.932532
89.268425
85.743346
72.618046
118.503077
104.781986
143.883989
119.861856
86.236386
73.466345
164.214464
131.883914
170.518036
136.769390
94.856238
80.707074
104.512854
86.457815
106.164707
89.409961
168.786407
137.577437
91.560686
77.777422
126.794844
103.411402
101.930032
84.938348
91.704357
79.069504
145.967325
121.637201
118.738105
100.773017
105.116540
86.746045
101.268775
84.887446
111.662769
92.807181
132.963199
109.395350
114.105101
93.798865
64.322520
56.074360
90.223686
76.050042
91.325231
76.093504
91.001329
80.813878
182.195022
148.524918
97.727839
81.718633
125.519289
104.414351
87.346203
75.382986
90.709905
76.769590
113.120804
94.637106
128.600118
104.043626
140.809962
115.880949
155.321893
122.845106
106.593313
88.343127
111.084221
92.860662
110.816720
92.266403
155.925472
130.074891
123.680952
102.188798
107.521277
89.890247
88.591720
75.013588
99.793362
84.030956
95.387368
84.555019
110.133533
93.038163
136.827706
112.755648
250.800854
195.676284
116.075547
94.633390
90.928601
77.288491
102.854283
84.690627
89.532814
74.255434
108.354228
88.123526
209.280282
168.767745
113.589785
93.344551
138.273523
113.557152
112.640826
92.712232
119.229010
98.235219
87.703521
73.270184
120.052602
99.545279
121.450938
100.232903
138.644782
113.006697
94.791428
79.403883
132.734658
109.364089
122.162213
102.110227
98.093268
82.226565
97.005689
82.148045
105.440246
87.332069
124.446437
101.086519
129.945992
106.864865
113.426584
94.773775
139.885360
113.563356
114.322045
96.236130
74.140324
64.805299
101.462865
85.521553
109.658700
89.482410
144.599668
117.569023
110.298546
91.596672
112.057705
92.992371
94.830191
78.881903
114.376549
98.473918
107.316744
87.335363
98.294067
83.444822
135.985499
109.646316
162.593518
131.853683
90.060515
75.609747
118.169699
97.634957
167.325923
132.434038
131.807910
108.198014
106.971584
88.300747
98.591453
82.153461
158.510415
125.554307
176.143773
140.956079
118.161745
98.225612
166.326526
131.502949
107.169466
90.421598
108.714894
90.946659
112.577226
92.965755
119.354139
101.626423
94.031676
81.033708
119.761443
99.832996
88.799892
76.556358
116.906350
98.026737
113.965813
96.427413
124.760876
103.836122
99.274221
85.186814
93.884222
78.398257
88.952869
74.950728
100.354691
85.233203
122.318449
99.772545
97.287385
81.160133
138.794519
113.832006
120.144497
99.134746
95.486774
78.675131
122.502634
100.202868
76.965631
66.992209
74.623188
64.948303
220.286122
176.064807
113.130563
93.721135
155.357908
125.543099
143.128656
116.150774
195.189716
155.621239
122.005160
100.940267
116.909595
96.930763
135.063354
111.855284
150.807228
121.285090
121.629790
99.196845
74.998860
64.913174
119.234682
97.589782
158.759996
125.070988
116.446019
96.092582
98.521106
82.515267
74.585459
64.144348
143.235817
116.957557
122.953785
100.393811
154.373970
125.962512
109.996959
89.161069
127.702203
105.601791
159.119658
129.757120
134.380390
111.423267
103.796121
88.258783
131.278761
106.539832
75.193403
65.628111
