20.4399813203125
20.85954294921875
21.0729555625
21.1247031015625
21.219936765625
21.2887353046875
21.31759765625
21.34830362109375
21.34530133984375
21.3552711875
21.3549289375
21.34475296484375
21.36000536328125
21.3842531875
21.37806654296875
21.38872193359375
21.39419853515625
21.3920206796875
21.3978444609375
21.38476784375
21.381138828125
21.382337140625
21.387466609375
21.39356813671875
21.39718878515625
21.4083129453125
21.41187740625
21.4156795546875
21.40696435546875
21.41348926953125
21.41701203125
21.41721976171875
21.424410171875
21.42742180078125
21.42799383984375
21.42785953125
21.427169421875
21.43400013671875
21.43217688671875
21.43440996484375
21.4381433984375
21.44623598828125
21.444025734375
21.44265787890625
21.44266248828125
21.44877059375
21.44486815234375
21.4422860234375
21.44129266796875
21.44724905078125
21.4422290546875
21.43800308203125
21.4448290078125
21.44617612890625
21.444920515625
21.44574687890625
21.44701282421875
21.45180875390625
21.4462761328125
21.45151181640625
21.44952701953125
21.44418248046875
21.4446657578125
21.44336013671875
21.4468796953125
21.45226676171875
21.453218765625
21.4538622109375
21.456218328125
21.45611115625
21.46225114453125
21.46464534765625
21.46270978515625
21.46225284375
21.46419596484375
21.46623495703125
21.46859422265625
21.47534658203125
21.473757203125
21.4743344609375
21.4761018671875
21.47395875
21.475769015625
21.472637015625
21.47546903125
21.474470328125
21.47561760546875
21.47565030078125
21.47569015234375
21.47703485546875
21.477359078125
21.4736076875
21.47078237109375
21.471124390625
21.471320625
21.4722570546875
21.47594702734375
21.4771331328125
21.474854578125
21.47726441015625
21.47774675
21.475361828125
21.47473346484375
21.4751947578125
21.47454544921875
21.476395421875
21.47964107421875
21.4792276171875
21.47808132421875
21.4784652109375
21.47893951953125
21.47627900390625
21.47394389453125
21.47212701171875
21.4684658671875
21.47102985546875
21.47160284375
21.472309742187498
21.4715084921875
21.47107516015625
21.4724666484375
21.474884300781248
21.4763888359375
21.47656293359375
21.4774457890625
21.4782492734375
21.4779989921875
21.4538656640625
