11.01616717578125
13.18963120703125
14.5268138671875
15.70481658984375
16.52801967578125
17.1102676171875
17.54222667578125
17.7244600625
17.80027029296875
17.84142600390625
17.9871672734375
18.1071166015625
18.23596852734375
18.313857078125
18.41979274609375
18.477214484375
18.5781766875
18.6574026875
18.734590953125
18.8033771015625
18.798370078125
18.789800562499998
18.8427805859375
18.91025629296875
18.97678175
18.99786734375
19.01260533984375
19.02361640234375
19.04653390625
19.05074696875
19.10892264453125
19.1557668671875
19.16349469140625
19.1645408828125
19.1813020703125
19.2081889140625
19.19553018359375
19.17352434375
19.16348554296875
19.1665245546875
19.178070625
19.21650448046875
19.227205265625
19.206612390625
19.20908322265625
19.2375788671875
19.25786485546875
19.27132903125
19.28639462890625
19.3262541015625
19.35883650390625
19.37689026171875
19.38923548046875
19.405818484375
19.4088614609375
19.41737719921875
19.41926811328125
19.42898526953125
19.4331567421875
19.423062453125
19.40791486328125
19.3814977109375
19.35202311328125
19.33019914453125
19.309524875
19.31729243359375
19.33414380859375
19.33827029296875
19.33124617578125
19.3154413359375
19.31945063671875
19.3290031875
19.336731359375
19.3459751875
19.35117197265625
19.37412573046875
19.396695296875
19.39993235546875
19.40044315234375
19.4245974296875
19.44732848828125
19.47259192578125
19.479281359375
19.47295905078125
19.4628178984375
19.45031385546875
19.44290315234375
19.43220396484375
19.41747449609375
19.39791075390625
19.3777325078125
19.35329200390625
19.3296409296875
19.3150108828125
19.3033243515625
19.29756997265625
19.28955401171875
19.2825885859375
19.2719135625
19.26656005078125
19.26183307421875
19.252636046875
19.2468811484375
19.24277328515625
19.233315421874998
19.2263404765625
19.2281117265625
19.2256540234375
19.21939176953125
19.21444453515625
19.21072425390625
19.21963933203125
19.23471933984375
19.247098734375
19.2584285625
19.265566265625
19.2709347578125
19.2732049921875
19.27814420703125
19.28091354296875
19.28126275
19.2863505390625
19.29122755859375
19.29497897265625
19.29459480859375
19.2923152578125
19.292215109375
19.28130721484375
