0.3851589921875
0.87262487109375
1.07275048046875
1.14105851953125
1.22853819921875
1.29598110546875
1.326438859375
1.351125703125
1.35364646484375
1.36250723828125
1.36186792578125
1.3641398515625
1.37651905078125
1.393101703125
1.3887405078125
1.39667698828125
1.399271578125
1.40135226171875
1.4071081484375
1.4033680625
1.3959260703125
1.40106551953125
1.401424765625
1.40613405859375
1.41164475
1.4228642109375
1.4264796015625
1.42801409375
1.4238711328125
1.42818691796875
1.4288956640625
1.432446046875
1.43777442578125
1.43543706640625
1.43736642578125
1.43494674609375
1.43613909375
1.4421931328125
1.4414248203125
1.4420931484375
1.44595664453125
1.4512397109375
1.451140640625
1.45071257421875
1.449252921875
1.45387719921875
1.45352728515625
1.4522224765625
1.452461421875
1.45701353125
1.453949859375
1.45263204296875
1.4571464296875
1.4598338046875
1.4592169296875
1.4607129765625
1.4616720546875
1.4646093515625
1.4615202812499999
1.4649063203125
1.46358618359375
1.46031951171875
1.46108066796875
1.460295984375
1.46195966796875
1.4657313984375
1.46645483984375
1.467108390625
1.46794142578125
1.46766980859375
1.47090003125
1.47285687890625
1.4713990234375
1.47113092578125
1.47204662109375
1.47304321484375
1.4746309921875
1.47806756640625
1.4770051875
1.47674083984375
1.47840049609375
1.4767034609375
1.4786028828125
1.47652255078125
1.47880190234375
1.4787681015625
1.479139015625
1.47923506640625
1.47902539453125
1.4802308984374999
1.48060790234375
1.47802247265625
1.4765686875
1.47660996875
1.4763582109375
1.47727209375
1.47918240234375
1.48121236328125
1.480426171875
1.481876859375
1.483383859375
1.4828017578125
1.4817721328125
1.48230380078125
1.48245605859375
1.48295531640625
1.48569668359375
1.48594958984375
1.4851837890625
1.48527985546875
1.48555673046875
1.48386818359375
1.48229374609375
1.48099367578125
1.478355640625
1.47985641015625
1.48002514453125
1.480720625
1.4802779765625
1.4802828984375
1.48012240234375
1.481627
1.48225154296875
1.4827150390625
1.48287840625
1.48385649609375
1.48410709375
1.488372640625
