4.1625197890625
6.08634423828125
7.31361275390625
8.4206937578125
9.19950628515625
9.752850195312499
10.166479875
10.336725625
10.4018335078125
10.43420097265625
10.5727299140625
10.6867978828125
10.808159890625
10.88503114453125
10.98647458203125
11.04032251953125
11.1342354609375
11.2096417265625
11.2845700703125
11.35017137109375
11.3425786953125
11.33238372265625
11.383538140625
11.446977015625
11.51190384765625
11.5312526875
11.54397126171875
11.55425951953125
11.57547303515625
11.58029522265625
11.63783847265625
11.6830646328125
11.68944530859375
11.69024098046875
11.70693404296875
11.7330216875
11.720404921875
11.69949288671875
11.6897671328125
11.69253577734375
11.70297038671875
11.73975114453125
11.7500988203125
11.7293462265625
11.73159402734375
11.75740815625
11.7766617421875
11.78992314453125
11.8043372265625
11.84383244921875
11.875661875
11.89392201171875
11.90601253515625
11.92174686328125
11.92397160546875
11.93108548828125
11.93247471875
11.94173
11.9456970234375
11.93552768359375
11.9200020234375
11.89385097265625
11.8645695859375
11.8432208984375
11.82221686328125
11.82950131640625
11.846698125
11.850457078125
11.8440699453125
11.828688386718751
11.83237327734375
11.84165997265625
11.849023296875
11.85802471484375
11.86315407421875
11.8857396796875
11.90736603515625
11.9105352265625
11.91102331640625
11.934626359375
11.956758796875
11.98132370703125
11.98789696875
11.98196437109375
11.97212889453125
11.959744140625
11.9522944921875
11.94122350390625
11.9268664453125
11.9077849453125
11.888144375
11.864110640625
11.84093248046875
11.82625925
11.81476211328125
11.80909033984375
11.80111224609375
11.79405217578125
11.783775109375
11.77817697265625
11.77338147265625
11.7645995625
11.75884686328125
11.75460929296875
11.745627640625
11.73891141015625
11.7410049609375
11.73871629296875
11.73255784765625
11.72751159765625
11.7237571015625
11.732361984375
11.74739123046875
11.75969027734375
11.770698234375
11.77728119140625
11.78255121484375
11.78463119921875
11.7893601796875
11.79219276953125
11.792198546875
11.797593140625
11.8020901015625
11.80573858203125
11.80535840625
11.8030529453125
11.80333689453125
11.79886925390625
