9.03861884375
10.64413010546875
11.60870846484375
12.0061778515625
12.3059566640625
12.42337297265625
12.6600079765625
12.7534645234375
12.8813100859375
13.013138171875
13.09537696484375
13.05248561328125
12.9545194921875
12.90161934765625
12.8814494296875
12.90870471484375
12.9446075859375
12.90768851953125
12.92056064453125
12.92488634375
12.95481803515625
12.9419315
12.8983344375
12.9083244375
12.91034253125
12.93815623828125
12.929999195312499
12.8879364921875
12.87898803125
12.8952667109375
12.87206114453125
12.8429171484375
12.84651672265625
12.83632176953125
12.833006171875
12.85845016015625
12.86609212109375
12.86858762890625
12.86376651171875
12.8281235546875
12.8490553359375
12.846975203125
12.861972546875
12.887386445312499
12.89925042578125
12.90602462890625
12.9135958359375
12.9065981328125
12.89984168359375
12.90271784375
12.90929577734375
12.8797142421875
12.86784303125
12.86984413671875
12.877978171875
12.89105373828125
12.90448708203125
12.91122042578125
12.8994448046875
12.88295857421875
12.86561317578125
12.85987387890625
12.85130638671875
12.84888505078125
12.866161046875
12.8734309921875
12.8702890546875
12.87370826171875
12.87492188671875
12.88016797265625
12.89357424609375
12.91083845703125
12.90334973828125
12.8990841484375
12.89910619921875
12.9069818046875
12.9070470546875
12.91388842578125
12.92755678125
12.93799042578125
12.946849046875
12.93709972265625
12.9327559765625
12.92951246875
12.9232975
12.92285613671875
12.920107617187501
12.92882082421875
12.9228890078125
12.91153752734375
12.912327125
12.90376531640625
12.89673715234375
12.88764107421875
12.88509095703125
12.8871732421875
12.89695653125
12.890464937499999
12.88223876171875
12.88580025390625
12.88522375
12.8805845859375
12.8765594765625
12.86688405859375
12.85894644140625
12.848768140625
12.8511347734375
12.86117665234375
12.85879419140625
12.85797693359375
12.8616593203125
12.86457366015625
12.86777474609375
12.8679734453125
12.86357721484375
12.86341469140625
12.865800046875
12.868028296875
12.87184015625
12.87601008984375
12.8922890078125
12.889344671875
12.893159359375
12.89092095703125
12.88856801171875
12.88892266015625
12.8955905703125
12.88166248046875
