28.008473
26.299588
27.224390
28.025894
27.047439
24.620070
26.627386
30.085813
31.643228
30.528798
28.181765
24.767988
36.245272
33.343797
23.407038
23.497452
30.685272
38.453970
31.211363
30.129500
25.836136
28.790109
24.964310
30.485273
28.189852
27.250446
28.429001
30.535610
29.815712
27.820107
36.060298
25.707115
24.511897
33.001483
32.660945
24.005327
21.950681
25.947230
23.379677
29.974884
26.744736
29.916589
42.863100
29.597835
27.028085
23.730489
22.708692
33.559861
27.903212
25.231695
32.357061
25.936657
24.045593
28.584738
30.285484
28.781147
29.101033
24.095123
24.201562
27.170086
29.963617
27.191843
28.555882
25.193303
25.956386
22.751437
27.764083
30.895293
20.838081
30.879249
24.885162
27.129327
34.756042
28.538028
23.080382
29.068250
30.695888
33.858320
26.019099
28.779264
24.736870
24.939647
29.625487
26.674246
25.018550
38.107339
26.753928
29.928425
25.618569
27.266712
28.429907
24.138129
21.237851
22.671879
28.458167
30.339770
25.271449
21.493439
26.864499
23.327701
28.853911
34.070726
36.071636
29.924219
28.087012
31.234451
26.635740
24.510326
22.974996
26.795883
24.292986
26.163200
26.865135
23.852147
23.639231
30.690700
31.741821
35.321155
30.077497
22.219269
37.866120
32.167285
23.561423
32.415737
37.074154
25.615762
25.174438
32.299481
32.097568
36.749466
30.624537
27.297687
24.094209
27.223055
37.278255
25.921775
31.609953
25.747269
27.525208
33.098773
28.180106
30.719958
25.429801
25.944900
27.956671
30.510004
46.495408
29.768431
27.650946
26.307137
23.225527
25.190743
25.271068
33.109784
30.748775
30.397690
26.665111
22.686573
25.918063
25.196467
27.301647
35.870661
29.298896
22.921639
33.758520
31.316247
26.108179
28.136218
26.694175
31.817319
36.327551
23.517284
30.778893
30.430172
23.568652
29.055324
32.943505
30.867900
29.875856
23.167981
30.400366
28.014681
24.869573
29.253884
38.657682
28.800434
27.747237
30.658915
39.169602
25.478327
27.650442
34.197157
28.510714
26.476116
25.049691
33.170910
32.137142
24.656225
23.678445
29.187514
30.912674
26.751333
30.191583
31.557334
26.133313
31.663198
22.387510
32.532700
27.712857
33.614076
31.369836
32.971281
27.414739
32.147459
37.632640
35.951287
28.165133
30.495757
35.098035
28.647247
29.355928
28.123646
24.907699
22.930659
28.025216
39.443448
27.302446
32.565763
27.241902
25.415516
22.464074
33.156504
33.129644
25.336740
28.636552
31.073289
28.663288
24.882676
27.795726
26.328494
27.065960
25.601228
28.300702
23.242663
32.438380
31.958653
32.523991
29.706723
33.055502
30.107535
26.613350
28.806753
26.164978
26.841421
25.621095
32.243815
