34.342770
36.202183
31.572034
37.017590
30.959349
30.684868
39.191099
34.550385
38.097018
34.221573
29.151643
36.780308
36.038060
35.035802
33.139213
33.231431
44.813692
40.461587
36.985691
33.818935
31.866965
37.891104
30.620980
41.068220
34.054924
39.946151
33.943071
38.714651
33.096188
31.538264
43.779243
32.585545
33.840219
39.518533
43.001988
34.505158
30.977181
38.642273
38.512086
40.912340
31.122627
32.092288
38.725192
37.963443
33.496159
35.256427
32.147280
33.965548
38.700993
35.253606
34.701573
31.350674
41.801733
36.655212
34.483332
31.700181
33.230838
30.844123
39.599794
33.320730
33.299879
31.833567
35.716586
37.323041
37.395776
30.923642
36.689529
34.125121
33.142935
33.041874
35.487997
31.338901
35.862432
34.487345
31.652255
33.734467
35.030953
32.995070
36.134368
37.843099
33.563300
32.217808
33.831222
32.198459
42.274075
34.804076
36.899357
35.126768
30.738871
31.881272
39.000909
33.578232
31.597628
32.411732
33.022416
33.993041
33.196424
31.929981
29.598398
32.659643
33.551412
35.875856
32.527569
35.763630
37.861851
39.995233
35.049530
36.345526
38.341627
33.393247
33.688872
30.375703
29.023184
32.001226
28.818709
42.463160
29.310375
37.930974
34.261202
31.050703
40.509511
33.409662
31.634799
36.070699
39.375582
32.607999
29.317605
34.475872
39.213678
36.899814
35.975506
32.234611
38.288224
33.113255
38.347790
32.085953
35.964831
33.303920
40.269243
36.361913
32.702098
30.551107
30.072566
30.071608
30.050340
32.907831
39.606315
32.302745
34.770204
29.649511
31.605334
33.075973
29.950337
32.851935
33.133652
34.239113
40.378524
29.558304
31.124540
33.613215
34.742719
38.505151
31.217000
31.652118
32.733058
38.248519
36.932618
34.746242
36.159006
32.626386
37.529813
30.339796
29.754317
31.539964
34.485712
37.701881
35.721753
31.824647
32.113385
34.934999
33.394297
33.208154
33.655946
36.514685
43.625339
35.318714
33.261592
35.692867
37.527311
30.409216
29.500500
29.412078
31.266238
30.865754
30.290127
36.290124
42.061193
32.964123
32.072968
34.056704
33.494086
32.925692
34.645660
33.326391
32.486652
32.448112
27.621686
34.630886
33.751349
37.105276
33.861484
34.923720
32.537349
31.316291
34.313237
40.487310
36.191327
32.566252
31.914240
38.221838
33.086608
31.652876
33.861456
33.023251
29.491605
37.386447
31.225817
36.314516
32.508748
30.253217
34.315394
37.682614
31.976431
31.472323
41.053953
35.549677
32.280759
32.394058
27.925105
29.570923
35.298999
32.391110
35.364496
31.473527
39.582406
34.168191
36.263907
32.913521
32.773259
35.170092
38.845353
33.412439
31.781233
31.030149
40.645880
33.624423
