83.884480
102.897152
97.433835
86.924709
103.628146
92.927306
82.919977
88.148565
102.852099
102.286761
103.487689
93.794786
96.164964
109.718858
97.858313
84.679045
114.108959
104.522433
136.938375
107.859017
82.295355
83.982097
114.709775
139.371303
94.531292
93.999913
92.702433
94.087881
106.492090
80.279418
98.504625
108.843057
99.968689
90.322896
105.507930
104.358468
104.578987
98.253693
97.140625
89.443926
91.098301
111.492760
95.797748
100.674863
108.373428
95.161414
105.448573
112.419697
113.784719
82.106388
121.042133
88.073392
99.525222
105.895022
94.545522
91.071538
97.230120
103.023983
108.489028
94.612767
123.931587
82.843172
96.476642
90.221100
77.653831
115.877503
86.695568
91.565782
83.697644
91.273621
103.378368
107.110644
93.267560
105.783380
92.880047
85.647323
108.985619
116.801239
110.684659
131.415089
105.132367
96.397916
91.280579
100.127240
101.242226
115.044559
93.092448
86.915395
93.535831
93.437295
89.775206
118.453893
106.021842
106.156231
93.546539
88.981711
108.307682
95.319300
104.294747
95.693842
96.298103
99.865295
90.911159
105.259576
89.558656
94.521035
102.613241
88.152314
88.428562
105.635416
81.567815
92.095370
93.716058
84.056717
96.383591
85.732598
72.687006
117.316373
96.537817
87.739983
113.983186
104.561263
101.997778
99.098747
95.916774
87.357654
84.876177
115.064650
112.513612
104.068937
99.555482
90.449548
100.377760
100.356728
102.876907
124.845626
81.503121
87.946744
97.017889
100.767415
113.829985
104.122517
102.231000
93.961919
98.938911
83.230414
133.890556
111.473239
118.844694
95.386354
115.420864
97.865220
108.281477
105.935322
96.435805
94.306599
88.471708
109.767710
90.143759
115.051696
90.926874
87.229792
97.812558
102.119277
95.046806
110.952771
101.468895
149.056105
76.010545
106.138438
96.644459
107.100699
121.194436
91.357733
98.157915
107.020890
104.595756
96.091877
87.208393
110.275295
105.068143
88.071837
91.553498
88.945491
82.506919
93.573535
89.848818
90.572312
98.302705
93.537107
95.244776
95.475702
90.329969
100.018744
118.693622
85.578496
85.604636
89.890101
106.945257
114.278416
101.272240
91.423631
92.683368
78.986331
103.333168
96.604894
88.887152
92.625524
85.979258
99.163341
99.156845
134.449801
114.890178
110.269137
89.607521
101.365164
101.482495
97.620413
97.229937
99.461075
102.083562
98.290504
121.471755
103.178282
112.472901
108.418346
81.099089
106.987506
107.823839
106.055725
109.312773
85.133160
88.608743
118.307552
94.002249
109.627307
132.791334
102.732470
87.246157
91.564524
98.597545
94.499180
112.970680
96.414707
85.637431
99.767377
107.432813
104.366032
98.274916
87.697942
94.385506
104.093278
107.773909
97.717567
90.911602
118.357448
