8.975965
9.381864
9.012765
9.648609
10.951842
7.735726
8.880188
7.573307
8.612866
10.860956
8.336885
9.482523
9.161309
6.898523
7.442426
8.780593
10.086983
11.350751
9.100224
8.724365
9.061535
7.014125
8.454287
8.362286
9.196643
10.736573
8.781327
9.036365
11.504825
7.849659
9.762543
8.466239
9.123185
7.807561
9.029255
7.508858
7.671236
6.695699
9.266644
8.029337
7.074163
9.139326
8.070253
8.507635
8.750702
9.139761
8.000727
8.783943
9.281673
8.222310
7.760213
7.277428
10.207837
8.204652
9.442886
8.072291
7.784696
10.122814
7.601298
8.909629
8.432707
7.842873
8.991312
7.976282
12.405875
8.767485
8.370967
7.233176
7.819583
9.397404
7.305062
8.673273
9.107111
10.281184
9.496236
7.944796
9.325528
9.774411
8.120359
7.569816
8.032062
8.504179
9.528578
9.412247
9.221342
9.715856
7.860945
9.262084
7.597399
7.715604
7.757423
8.314202
9.993232
8.568515
8.456604
8.517899
9.468588
7.708115
7.574125
9.004342
9.769944
8.469828
8.074349
8.007469
8.554826
8.124577
9.095154
10.112227
9.148264
8.563470
10.304521
7.209710
8.365977
7.354112
8.199216
9.151861
9.156703
9.905729
7.941657
8.796700
11.738528
11.325523
9.242438
10.885208
10.688818
7.307818
8.665806
10.021111
8.055818
8.257544
9.650370
10.355646
7.098714
7.154587
12.242930
9.438903
9.268872
9.378342
9.383921
13.184275
8.580190
8.816220
8.115535
8.762566
6.453620
7.278648
9.743661
7.771499
7.940540
9.201795
10.852700
8.973829
6.886198
10.139408
7.223536
10.772396
9.237957
12.458864
7.831624
9.633445
8.285264
7.830867
8.141212
8.038557
10.420246
8.616561
7.642258
10.853398
8.739755
7.731149
8.300041
10.254088
8.868639
9.924444
10.559102
8.472299
8.495490
10.146757
8.825873
8.198624
9.293975
9.635570
9.360073
8.156245
10.327151
9.066843
7.663033
7.706592
9.042616
11.494162
8.818333
9.964538
8.920079
9.099746
7.147602
11.741641
11.575898
8.212184
8.749703
9.319279
8.229216
9.693211
8.002518
9.914146
9.514453
7.284377
7.701061
10.001717
8.770297
6.918682
7.700325
8.992861
8.338205
9.929446
10.511895
9.075829
9.762596
8.602647
9.620162
9.215062
9.131143
10.196420
9.242561
8.411419
7.629829
8.524339
10.421496
9.827063
8.386389
8.036362
11.152593
9.848830
9.180817
9.037415
10.379641
10.331921
8.627802
8.822398
9.049276
7.805193
9.190612
6.349613
9.128192
9.163446
8.490857
10.159278
9.942658
9.432486
11.949796
10.575440
9.913719
8.926302
8.419606
7.042068
8.868875
10.399179
