137.382278
152.617685
148.800636
170.760007
143.808089
137.362618
145.254509
154.401974
140.802262
155.364731
123.343309
151.219194
154.886211
182.487540
153.077894
169.938038
179.492046
172.258773
145.624644
175.569744
136.822314
155.904684
170.057636
148.890543
129.306176
146.016095
141.902057
149.739948
178.109695
155.435121
169.037692
173.150085
158.316594
136.442512
159.530942
144.116352
189.239980
151.718811
153.804093
179.703018
139.933751
207.211006
204.469212
142.613981
194.399813
151.077758
129.188829
129.303782
145.622380
154.390736
127.241344
132.500008
181.318667
143.061263
157.389004
141.962540
169.432338
142.379336
165.309627
164.296727
163.098598
133.354429
134.645224
146.080871
152.255760
155.695149
189.951207
137.618342
144.608790
192.599283
155.665527
185.634604
153.525025
151.706313
162.648552
145.415525
145.018438
161.790767
188.609747
165.137283
136.305425
143.585149
169.568258
188.063647
154.883070
164.971878
154.932393
162.690092
162.949103
130.403262
136.657685
141.345137
157.234685
180.297515
136.439121
128.216433
154.823813
121.858393
147.586232
141.176655
168.948587
186.013271
135.574216
138.226646
141.395505
168.263646
167.507503
149.761243
146.237929
142.261593
142.565713
142.719616
135.317940
175.527712
184.154759
161.876389
174.895362
181.698390
154.105998
152.265171
169.056181
160.435631
166.782872
141.809837
142.377500
159.903170
140.505312
159.997559
184.130141
155.816525
150.435490
184.382503
127.491901
164.717491
131.753064
147.763964
146.148119
149.908326
170.604746
186.319364
148.221506
152.842522
145.045697
140.730150
126.239150
134.446063
154.160455
130.749837
147.963909
155.406318
133.941224
145.907887
141.280298
143.586448
154.712420
158.472163
134.453319
116.314443
159.197058
141.769718
170.684121
183.402286
148.746930
142.429906
181.178060
164.244717
147.690674
160.383870
144.383097
174.702710
133.003232
159.850449
159.097282
147.385840
158.787020
169.804120
140.681515
165.176340
137.560544
145.886332
156.080932
145.790176
178.077259
164.680586
154.699480
143.715511
139.364914
172.380116
144.387386
181.166675
153.101485
150.113738
151.990637
148.609426
161.924717
140.822592
149.297427
158.893108
161.707777
152.534835
188.942341
164.097305
155.983443
175.705073
137.827506
144.097171
136.497489
159.473724
149.350909
163.509521
178.131672
191.384638
163.749328
148.089836
161.187787
125.212263
157.983566
151.899287
148.383282
184.227761
169.064596
147.816019
139.150424
141.089185
144.542692
142.701585
144.799285
134.795890
140.031114
125.450340
153.514679
156.003877
153.627781
218.875731
146.237752
149.215130
141.671756
140.672012
131.519470
134.561818
164.831452
143.585789
143.691578
152.011581
166.031869
143.986096
161.148900
165.662018
151.543681
156.918029
191.312154
148.759498
131.338689
149.614028
163.157788
154.506461
