105.880121
124.978005
119.830193
108.865368
125.770848
115.015542
105.102458
110.354553
124.898581
124.269313
125.638692
115.895203
118.394853
131.749227
119.996725
107.198712
136.187799
126.880115
159.029432
129.940703
104.623283
106.368662
136.716419
161.450690
116.628696
116.347645
114.825463
116.256677
128.569813
102.247778
120.684449
130.638328
122.209873
112.591182
127.746020
126.580447
126.943784
120.518279
119.619050
111.745057
113.370597
133.843311
117.960495
122.595213
130.458294
117.094530
127.454814
134.680037
136.007759
104.176718
143.310169
110.261137
121.765922
127.890318
116.754061
113.394517
119.208107
125.602061
130.303660
117.110114
146.143197
104.999969
118.448485
112.501918
99.771321
138.191969
109.085242
113.635906
105.818792
113.214901
125.886565
129.192881
115.431221
127.696532
115.161631
107.807901
131.100642
138.772920
132.794308
153.571323
127.599727
118.673439
113.491559
122.255275
123.326531
137.018305
115.158952
109.364604
115.586077
115.395514
112.135549
140.742647
128.418838
128.172369
115.779944
111.202482
130.745464
117.578691
126.563629
117.700633
118.403863
122.009485
113.087828
127.626453
111.623368
116.489681
124.952306
110.186703
110.701268
127.823317
103.923293
114.235347
115.834597
106.209490
118.422808
107.916080
95.156005
139.409645
119.005740
109.913557
136.047766
126.527977
123.989396
121.449327
118.272752
109.566665
107.080567
137.361295
134.741901
126.311480
121.777328
112.535973
122.638844
122.553046
125.028810
147.132825
103.808101
110.245745
119.292810
123.057678
135.973695
126.247133
124.473727
116.111946
121.095761
105.704881
155.872459
133.559660
141.145033
117.693451
138.002986
120.050778
130.268001
128.236377
118.726545
116.564729
110.655074
132.019284
112.388119
137.216353
113.366318
109.525216
119.862145
124.359171
116.986123
133.320569
123.570795
171.201851
98.362051
128.275923
118.746766
129.291578
143.075471
113.765586
120.437650
129.102779
126.764047
118.267774
109.377751
132.203268
126.906275
110.429186
113.758308
110.824529
104.429892
115.574177
111.958982
112.696453
120.371506
116.000800
117.368083
117.911284
112.263905
122.144648
141.098317
107.868634
107.827191
112.164451
129.282393
136.137231
123.571867
113.764860
114.909343
101.093144
125.538039
119.041378
111.069551
114.960152
108.238188
121.606781
120.912564
156.579674
136.862251
132.530844
111.640314
123.563612
123.427647
119.679878
119.620583
121.935532
124.508133
120.198645
143.666962
125.233653
134.518166
130.722975
103.106455
129.313201
129.966667
128.063038
131.684601
107.376237
110.644459
140.496664
116.274794
131.766093
155.052911
125.069447
109.792154
113.833256
120.745814
116.602204
134.955521
118.466956
107.644732
122.172559
129.831108
126.653340
120.250098
109.706089
116.695456
126.343635
130.084243
119.736147
112.655462
140.668668
