128.751217
129.120693
128.961485
130.520016
132.070713
126.230496
129.715754
126.901607
128.126864
131.494996
127.451115
129.936935
130.179650
126.665771
127.004504
129.081770
130.429309
132.552345
129.348303
128.721351
128.983226
126.345617
128.622529
127.105508
129.439885
130.984189
128.907518
129.415635
131.782032
127.238619
130.230199
127.698079
129.576689
127.379018
128.713381
127.594595
126.900989
126.127671
129.045836
127.763707
126.962360
129.328441
127.890125
127.862481
130.189773
129.332856
128.110900
128.467125
129.210729
128.287136
126.611199
126.582153
131.818845
128.049702
129.810248
127.698376
127.541289
130.575411
127.222894
129.046210
128.466998
127.838286
129.520311
128.313612
132.891110
128.096851
128.435260
126.548894
128.388118
129.446036
127.263159
128.942673
129.299626
130.428687
129.971380
126.436439
129.634673
130.051454
128.225624
127.621036
127.894189
129.363950
129.558729
129.861443
129.576056
130.654369
127.478762
130.018156
128.373925
127.769819
127.865577
128.128007
129.778813
128.603811
128.198496
128.452319
129.738014
128.902317
127.442209
129.387241
129.496299
128.809290
127.628859
127.446548
127.790952
127.625600
129.150877
129.760989
129.155076
128.600088
130.855105
126.685186
128.658930
126.589337
128.520848
128.235259
129.273873
129.360433
127.803536
128.952541
131.620241
131.654561
130.272061
132.219217
130.977558
128.101583
129.308742
130.543965
127.330518
127.559785
129.086207
131.310893
126.447890
126.532677
132.460941
129.090681
129.555044
129.296637
129.769365
133.541907
127.936093
127.883366
126.880747
128.296117
125.927622
125.921359
130.252464
127.381069
127.759776
129.011008
131.632750
128.738190
126.504232
130.147954
126.393465
132.426671
129.866010
132.535564
128.214781
129.724043
127.872172
126.608660
128.188598
128.083934
130.293078
127.936403
127.465822
131.496441
128.691882
127.786163
127.947213
130.252641
129.025627
130.417254
131.292158
128.050221
127.204593
130.469505
128.350898
128.961801
128.827748
129.403631
129.487952
128.149230
130.291546
128.595019
126.945336
127.463283
128.016750
131.358191
128.528285
130.129319
128.951703
128.796667
127.543610
131.841298
131.646053
129.136655
129.215937
129.451450
127.426474
130.274668
128.190336
130.208116
129.304866
125.703077
126.740523
129.926771
129.247420
126.884713
126.981816
129.519376
127.943246
130.379607
130.901094
128.198577
129.965510
128.855458
130.362231
129.747839
128.763723
130.765778
129.919948
128.428722
128.106510
128.502200
131.155643
129.777666
128.597317
127.274929
130.563221
130.009126
128.762035
129.690386
129.957489
131.130034
129.153964
128.160567
129.931176
127.360789
129.755338
125.277189
128.985868
128.685344
128.026507
130.371255
130.212281
129.747217
133.246148
131.055750
130.414580
128.826075
127.578334
126.759694
129.790757
130.171923
