446.21852697265626
483.3424801953125
505.12835009765627
517.0765577890625
524.5777298007813
530.2704667773437
535.6518557226563
538.5225552617187
539.6113709921875
541.1557933046874
542.7989626875
544.099462890625
544.5990100351562
545.0814192460938
545.6307140742188
545.846506953125
547.1273951171875
548.581294078125
549.7324406015625
549.9910501875
550.017414375
550.2133184179687
551.0411517460938
552.1387122226563
552.70564228125
553.2414852265625
553.36690125
553.1707831132812
553.0852815351562
552.8158486835938
553.108347765625
553.2786256992188
553.0722531796876
552.7347004257813
552.730465390625
552.9962980117187
552.8402856914063
552.5531080117188
552.3831010273437
552.2999060898437
552.3611901171874
552.8319595859375
553.0569356328125
552.8168132070313
552.8530994960937
552.8577717539063
553.021425578125
553.2047634882813
553.316216859375
553.67291415625
553.82303021875
553.8191695273438
553.8398016953125
554.057432640625
554.1879975742188
554.4773640976563
554.6639254335937
555.1019428710938
555.0213041523438
554.9420303945312
554.7376508867187
554.472840921875
554.1198554609375
553.8474103828125
553.6554595898438
553.8303139375
553.9600117851562
553.973659375
553.9109602304687
553.7911443515625
553.9655968046875
554.1708698984374
554.1933605898438
554.1111967695313
554.212193421875
554.4887582421875
554.6494484843751
554.702407625
554.6768921523437
554.8042082851563
555.0315438359376
555.0747902929687
555.1257955859375
555.0717818242188
555.009489046875
554.9349400234375
554.8775084023438
554.706793578125
554.5288863632812
554.4533188007813
554.3510962226562
554.1316032851563
553.903441140625
553.710093046875
553.49740375
553.3502678945313
553.2239204257812
553.1257200195313
552.9624370390625
552.9591455351563
553.0455384960937
553.0122515585938
552.9436197304688
552.8535227304687
552.7478915078125
552.6699531445313
552.7030269453126
552.762471875
552.7135661757812
552.647472453125
552.6166046953125
552.6435963203126
552.7127967851562
552.7940582070313
552.8515679921875
552.8462840429687
552.78446303125
552.7675252421875
552.783797171875
552.8632118007813
552.894982171875
553.0296363320313
553.1052309765626
553.1896854257812
553.2469406640625
553.266879421875
553.3060672539062
553.3399992539063
