103.067483
101.057988
102.215622
103.087200
101.674252
99.892793
101.733638
105.080445
106.894898
105.751885
103.462360
99.756990
111.530948
108.380850
98.476695
98.646880
105.685782
113.750216
106.249063
105.118356
100.601685
103.986224
99.338750
105.568618
103.176118
102.117647
103.261742
105.561785
104.634698
102.953135
111.154216
100.637748
99.516070
108.736764
107.784165
98.762840
96.564382
100.916995
98.167360
105.433720
101.759679
105.091155
118.350189
104.794551
101.930934
98.930557
97.545048
108.797338
102.774176
99.557131
107.530920
100.971221
98.892589
103.802024
105.488845
103.652299
104.153431
99.292688
99.053410
102.257417
104.936837
102.479456
103.592385
100.091451
100.624149
97.592545
102.797779
105.831889
95.693408
106.099320
99.704468
101.802770
109.929776
103.675694
97.970675
104.225453
105.625967
109.211424
100.667000
103.561526
99.796369
100.063915
104.356011
101.668137
99.927778
113.218528
101.671534
105.010492
100.453378
102.224718
103.272839
98.928108
95.943181
97.510944
103.572988
105.286466
100.187455
96.493555
102.049224
98.181966
104.064535
109.342547
111.346198
104.907087
102.945644
106.221558
101.358736
99.078284
97.718648
101.714630
99.028298
101.141776
102.016801
99.074306
98.628654
105.628224
106.821408
110.374251
105.622193
97.101144
113.207832
107.044102
98.327354
107.404881
112.129656
100.303436
100.257025
107.139358
107.006688
111.961193
105.339449
102.425119
98.676304
102.207052
112.293996
101.114865
106.761827
100.583610
102.646092
107.683819
103.109113
105.817917
100.427752
100.993941
103.033179
105.459065
121.858867
104.879684
102.583057
101.288357
98.031887
99.889233
100.438127
108.219005
106.016710
105.475205
101.664850
97.756676
101.018963
99.967611
102.289738
110.832650
104.567904
97.510794
108.835181
106.358304
100.968462
103.010995
101.266737
107.118579
111.544458
98.276358
105.480095
105.597437
98.360837
104.002194
107.928302
106.044835
104.890445
98.123526
105.435658
102.919835
99.725681
104.365556
113.591750
103.550061
102.919179
105.589796
114.448503
100.397991
102.624465
109.206604
103.881623
101.612763
99.836682
108.226371
107.087111
99.476871
98.488472
104.116036
106.314181
102.004801
105.367437
106.795451
100.956004
106.731294
97.451266
107.972570
102.849831
108.734598
106.586814
108.104670
102.204033
107.393998
112.776023
111.152357
103.106299
105.631515
110.467362
103.798641
104.240000
103.106003
100.079894
97.631683
103.143719
114.807688
101.887380
107.424263
102.225379
100.054721
97.119482
108.232212
108.392947
100.039414
103.857776
105.902018
103.893238
99.698883
102.895053
101.408473
101.664747
100.619212
103.397719
98.150201
107.244414
106.773938
107.774031
104.750439
108.099251
104.955660
101.271072
103.586333
100.861345
101.924786
100.438828
107.189017
