21.08883548046875
22.4409982890625
22.987895453125
23.0496592421875
23.168681269531252
23.18242976953125
23.2745425234375
23.35674043359375
23.4034195625
23.4890736953125
23.5792545546875
23.6134654921875
23.63557361328125
23.68989790234375
23.73882484375
23.7277749921875
23.7442316015625
23.75619009765625
23.78335117578125
23.76975596875
23.755469859375
23.749694421875
23.73516707421875
23.76693519140625
23.76258050390625
23.7705453515625
23.76218378515625
23.75235751953125
23.75698237890625
23.752268140625
23.75289257421875
23.74614887109375
23.7404529296875
23.73654757421875
23.72391650390625
23.7308793671875
23.72334531640625
23.7342185625
23.73486050390625
23.73257712109375
23.74087936328125
23.745159453125
23.7525202265625
23.75861592578125
23.7699473359375
23.77427439453125
23.77924025
23.7771018046875
23.793630140625
23.800876796875
23.8035446171875
23.7962988828125
23.78969186328125
23.79238387890625
23.79541939453125
23.79616950390625
23.80216209765625
23.799401015625
23.796223546875
23.7983136171875
23.79061824609375
23.79285294140625
23.78343196875
23.77837758203125
23.77414274609375
23.78221656640625
23.78664519921875
23.7872532109375
23.79039863671875
23.795452578125
23.799241124999998
23.79949903515625
23.7976358671875
23.79006534765625
23.78918665234375
23.78480257421875
23.7923794765625
23.786624609375
23.79735078125
23.8054327265625
23.8116058828125
23.801379078125
23.80674927734375
23.8098345859375
23.81371971875
23.8196493203125
23.8250490078125
23.82416612109375
23.81655944921875
23.820475453125
23.81607102734375
23.81669578515625
23.81475228125
23.81950212890625
23.821410109375
23.82150997265625
23.8287575390625
23.82717983203125
23.82220513671875
23.8208689296875
23.82052868359375
23.817428453125
23.81701486328125
23.81393159765625
23.81490079296875
23.810234640625
23.8099502421875
23.821566296875
23.8249139609375
23.83197028125
23.8370072421875
23.83565980078125
23.82869536328125
23.8265090703125
23.825779890625
23.82324063671875
23.82417594921875
23.820404328125
23.81563437109375
23.81629647265625
23.82050979296875
23.8183322578125
23.8192655703125
23.819605375
23.82569648046875
23.8258469609375
23.8244054921875
23.80385240234375
