3.1597877109375
3.22722158203125
3.23515948046875
3.2389825
3.24552971875
3.24435427734375
3.25116783984375
3.2531434609375
3.254870203125
3.26449484765625
3.2706838984375
3.2713668828125
3.26812265625
3.26696296484375
3.268192953125
3.27051289453125
3.2717535703125
3.271867546875
3.27196953125
3.27122809765625
3.271802328125
3.27060069140625
3.2689762890625
3.2681330234375
3.269936125
3.26903241796875
3.26951879296875
3.2684315859375
3.2675910859375
3.26729490234375
3.26826901171875
3.268295046875
3.26796810546875
3.26747546875
3.2676546015625
3.26899966015625
3.27003231640625
3.270785015625
3.27075589453125
3.270152125
3.2704535859375
3.2708463359375
3.2709494609375
3.2723216953125
3.2723244609375
3.27221776171875
3.2715365703125
3.27313081640625
3.27276781640625
3.27140984765625
3.2707945
3.2704403203125
3.27108894140625
3.2713538671875
3.27001396875
3.27046162109375
3.271020609375
3.27095891796875
3.27126924609375
3.2713810390624998
3.270983484375
3.2706779921875
3.27048316015625
3.27083202734375
3.27167757421875
3.27206653125
3.2719690859375
3.271865078125
3.27228999609375
3.27208266015625
3.272281921875
3.2720337578125
3.2713537578125
3.2706417265625
3.27100300390625
3.27162126953125
3.27187914453125
3.2719019140625
3.2724376640625
3.27229052734375
3.2726251328125
3.2714678046875
3.27160637109375
3.271515390625
3.27128917578125
3.271114671875
3.27158124609375
3.272038890625
3.27188863671875
3.2718813046875
3.2715819375
3.27144023828125
3.2716135
3.27155629296875
3.2713664296875
3.2714821484375
3.27200170703125
3.271937703125
3.27151021875
3.27137275390625
3.27147895703125
3.27109051171875
3.27105335546875
3.2709163281249998
3.27080625
3.26976080078125
3.26978371875
3.26990541796875
3.26992423828125
3.26977715625
3.269922546875
3.269925234375
3.26971941796875
3.2695425703125
3.2690841953125
3.26901108203125
3.26916578125
3.26942411328125
3.26933134375
3.26948225390625
3.27045299609375
3.27032480078125
3.27033731640625
3.27041393359375
3.2706235
3.27051351171875
3.2702673671875
3.26866161328125
