4.11776541796875
5.2865715234375
5.75869233984375
5.79883323046875
5.9030709140625
5.90673411328125
5.98053607421875
6.053695859375
6.09758828125
6.173177921875
6.2531332109375
6.28414287890625
6.3067874453125
6.3555857187500004
6.3981383359375
6.386802515625
6.403458375
6.41213510546875
6.43688610546875
6.4250234765625
6.41114804296875
6.40499906640625
6.39156957421875
6.42137328125
6.415907078125
6.4246696171875
6.4151945078125
6.4059647070312495
6.41024092578125
6.40588313671875
6.4061367109375
6.400095375
6.3943457109375
6.3906087578125
6.3774900859375
6.38211833984375
6.3753110390625
6.38602725
6.386289796875
6.3837013671875
6.391160234375
6.39457034375
6.40214598828125
6.4075472109375
6.4169675546875
6.42029075
6.4245888359375
6.4227672265625
6.4382859296875
6.44487541796875
6.44812201953125
6.4415124296875
6.4350804609375
6.4381063515625
6.4412079609375
6.44214368359375
6.44764720703125
6.44488026171875
6.44217678125
6.44385775390625
6.436823671875
6.43832951171875
6.4294769453125
6.42524787109375
6.42147969921875
6.42845366796875
6.432770703125
6.43308248828125
6.43664669140625
6.4410394375
6.44426846484375
6.44411216796875
6.4432674375
6.4366799609375
6.43526580078125
6.4304844843749995
6.4370412109375
6.43128032421875
6.44178876953125
6.45007155078125
6.455992328125
6.44663819921875
6.45221325390625
6.45473984765625
6.4580849453125
6.46395375390625
6.4684142734375
6.46814700390625
6.4610795234375
6.46456037890625
6.460755125
6.46108028515625
6.45919726953125
6.46382596875
6.4657564140625
6.46575988671875
6.47249361328125
6.47121903125
6.46685182421875
6.465384390625
6.465738265625
6.46304471875
6.4623994765625
6.45898417578125
6.46011520703125
6.45591057421875
6.454960640625
6.46611103125
6.46885885546875
6.4751423515625
6.47975165234375
6.47887551953125
6.47224272265625
6.47041086328125
6.46955096875
6.4672552421875
6.4679356640625
6.4641161953125
6.45932073046875
6.46022353125
6.4642925
6.46240771484375
6.4631551171875
6.46323618359375
6.46893904296875
6.46897116796875
6.467537609375
6.46105162109375
