5.764627
5.713752
5.485678
5.574257
5.655717
5.694466
5.803876
5.702471
5.622168
5.875433
5.649595
5.665121
5.798767
5.860937
5.676738
5.582176
5.993231
5.713602
5.850300
5.652432
5.565611
5.654896
5.844640
5.899841
5.513144
5.803725
5.867919
5.737039
5.367490
5.627114
5.824812
5.675686
5.644548
5.703034
5.994343
5.635981
5.734754
5.660947
5.852070
5.726682
5.458300
5.479592
5.743192
5.710276
5.726148
5.493566
5.520541
5.743404
5.873662
5.715051
5.776785
5.791315
5.860977
5.801881
5.686649
5.742800
5.698630
5.624808
5.764963
5.596737
5.803450
5.288366
5.484188
5.916937
5.601847
5.674288
5.648104
6.026133
5.712367
5.782826
5.569616
5.447758
5.583478
5.913167
5.489013
5.669971
5.672720
5.750783
5.621266
5.544305
5.933418
5.541390
5.906786
5.752928
5.716735
5.599788
5.816872
5.911171
5.764652
5.706344
5.851635
5.638390
5.833662
5.478843
5.486562
5.777510
5.581051
5.639464
5.449225
5.447632
5.566129
5.814371
5.587567
5.547349
5.896500
6.047395
5.587142
5.782770
5.836024
5.807132
5.779167
5.682090
5.678912
5.876492
5.684855
6.261732
5.636506
5.938866
5.709056
5.667018
6.052781
5.934500
5.655884
5.701205
5.914628
5.642857
5.568610
5.594982
5.695252
5.787808
5.957540
5.644682
5.735339
5.556048
5.808137
5.622268
5.799052
5.642173
5.694768
6.204573
5.584729
5.507773
5.619962
5.694848
5.665284
5.802849
5.899833
5.655551
5.721835
5.393266
5.643261
5.787654
5.745090
5.454639
5.583344
6.012656
5.854505
5.729870
5.373490
5.536593
5.893247
5.946579
5.524891
5.748432
5.474919
5.885165
5.680884
5.541183
5.721773
5.541886
5.698048
5.609781
5.389523
5.734450
5.598405
5.651463
5.752458
5.839002
5.627855
5.764457
5.749319
5.548944
5.792292
5.924128
6.066417
5.813871
5.607492
5.636369
5.688010
5.536649
5.643033
5.479529
5.792047
5.547587
5.437492
5.684131
5.689138
5.644586
5.590132
5.971722
5.741628
5.452345
5.720123
5.720368
5.750588
5.633638
5.638686
5.719380
5.618249
5.652478
5.586839
5.652456
5.790145
5.649858
5.902705
5.949379
5.719193
5.937563
5.745823
5.672160
5.699134
5.568820
5.600562
5.450511
5.727765
5.578061
5.640501
5.683705
5.771999
5.684399
5.700267
5.857262
5.684614
5.642343
5.902641
5.848476
5.491224
5.598346
5.456623
5.326530
5.708369
5.680372
5.896642
5.555057
5.849432
5.695255
5.831725
5.857803
5.255965
5.722929
5.870273
5.874883
5.667308
5.770271
5.951600
5.532898
