44.953398
45.389240
41.570380
43.936500
47.277125
47.166458
42.907528
46.747581
42.422219
47.769069
42.396612
44.373329
43.882854
41.798494
40.243710
44.211088
46.161673
48.694684
47.097706
45.075895
47.975125
46.176610
41.321510
44.438858
39.058996
45.952495
45.857852
49.969438
46.470656
47.105879
51.190687
49.239527
43.909017
43.878211
47.163775
42.645847
40.107567
46.974679
40.329940
47.069946
41.848219
47.591680
49.278911
41.964909
48.472870
48.783071
42.426344
39.713878
38.852713
40.602398
43.506837
42.073684
48.942966
42.909298
49.094790
41.553905
46.030053
44.165048
48.181309
44.963016
49.393451
40.732587
39.861442
42.723816
41.812653
43.850220
47.561018
47.090395
47.132520
46.632750
39.101992
47.007683
47.957024
44.360923
41.419334
47.958356
47.020687
41.301561
50.586388
43.852426
50.052842
37.606299
50.155714
48.974092
47.279811
42.503014
46.612504
51.502100
46.420423
36.845656
46.974127
38.383601
41.235385
45.213965
44.614586
39.172196
43.421515
40.984850
49.359658
40.691459
43.660222
48.466255
46.866779
44.570227
45.400348
51.185295
45.843950
45.132170
45.615290
46.852112
43.805098
42.754944
49.233441
50.494995
51.390995
44.722253
47.101515
45.335550
42.129723
39.940195
49.832682
49.272821
52.321774
45.383638
41.040810
46.339720
43.727243
43.737416
52.367752
42.337648
43.034152
40.122592
43.895008
44.272875
42.530632
48.730171
39.064007
43.332186
42.578362
44.006340
42.488044
44.397775
37.969739
41.801828
46.637502
40.847086
43.607161
39.004801
42.204927
43.754722
42.650965
41.760569
45.218381
44.410048
47.362559
40.773848
40.890772
37.880280
44.723077
38.300153
46.188381
49.984548
43.747800
38.964739
48.126427
46.533236
48.807056
52.259667
41.778226
46.300602
45.853074
46.123460
50.946697
42.991211
40.786357
49.361499
44.656118
38.773708
41.118824
41.688247
43.993733
49.329516
51.215873
46.397057
46.163175
43.656030
40.798065
46.445442
45.333902
47.062471
46.636706
40.017235
48.449943
40.901293
42.469387
45.520034
51.078209
44.248649
49.383189
45.612302
46.815354
42.686864
46.116652
49.298039
42.781834
41.242017
37.661330
45.188375
38.507713
44.654815
51.906715
46.517233
43.299234
49.265623
40.909014
37.791920
48.870235
41.293947
43.077865
49.235495
43.917669
42.556368
41.055194
44.797263
48.273239
47.911135
42.832044
41.455861
43.150318
39.884420
44.888208
46.497008
45.446086
52.758781
40.846513
47.695996
46.679713
41.476550
46.257156
47.878066
42.817476
44.636581
44.063887
47.862551
46.428872
42.812671
43.521095
43.668283
46.448647
45.902106
46.025610
39.316619
38.670963
38.256108
52.776141
47.932368
