436.30034766015626
460.048227859375
474.50954745703126
479.70394391796873
484.56294136328125
486.32201669140625
489.670492046875
491.59857108203124
492.1741299609375
492.69310865625
492.45972393359375
492.221477625
491.8767961289063
493.2521670703125
493.9800345859375
494.124753
494.4658936914063
494.84411396484376
495.948878171875
495.98595426953125
495.79610376953127
495.5653498046875
495.4843029492188
495.75417729296873
495.6216104765625
495.50663903515624
495.3979928515625
494.9843794375
494.85496821875
494.95379771875
495.24366102734376
495.2993286875
495.335085546875
495.127531421875
494.98402293359374
494.8450243828125
494.6332556132812
494.472528140625
494.830034328125
495.2415431640625
495.528924265625
495.8532792109375
495.9828202421875
496.40016038671877
496.86100059375
496.8461504140625
496.68275316796877
496.53017642578124
496.57407431640627
496.4878066328125
496.38044158203127
496.0930350351562
496.035658078125
495.9523611796875
495.748134625
495.8182555546875
495.890322859375
495.9422617734375
496.01072380468753
496.1008124492187
495.99014291015624
496.004655421875
496.1159199648437
496.20132124609376
496.2719235390625
496.45340383203126
496.5140063320313
496.49747252734375
496.5804015117188
496.7036265625
496.78120126171876
496.8244841992188
496.7243409921875
496.64856313671874
496.6862368242187
496.5742817304687
496.5715909804687
496.6143053125
496.56580209375
496.7498979921875
496.74944141796874
496.5743890039063
496.4776187578125
496.42093124609374
496.2603790625
496.1904398125
496.1087162421875
496.06626707421873
495.994643484375
495.9176680390625
495.83779065234376
495.718114015625
495.66097419140624
495.5204047421875
495.5018281484375
495.482090234375
495.3338938632813
495.24633609765624
495.08565051953127
495.01781619140627
494.91338528515627
494.87027963671875
494.7601034921875
494.7569176953125
494.7240200078125
494.7310174140625
494.7938382578125
494.73722925390626
494.69031644140625
494.62469533984375
494.481053921875
494.388708265625
494.3826026171875
494.31605408203126
494.24776956640625
494.15332946484375
494.096475234375
493.9715272265625
493.868170359375
493.88793471875
493.9419613710937
494.00444335546877
494.140144578125
494.20004848046875
494.29677250390625
494.34648177734374
494.3332258203125
494.315524046875
