100.987537
99.238345
102.213581
102.723645
99.795273
101.869412
101.445506
101.480203
106.604774
105.310147
102.405659
100.525444
107.089888
107.765069
100.540000
100.986705
106.215200
106.592821
104.069661
103.460050
99.939377
102.987060
98.897521
105.619706
100.685911
102.413077
102.504419
104.727081
100.369742
104.063016
108.757219
100.339829
99.367858
108.001630
105.851406
98.692927
100.405574
100.682543
101.642584
108.823220
101.278479
101.917446
107.875869
104.134828
101.937593
98.848255
99.929800
106.671399
100.558854
101.580849
103.139112
102.207521
97.788239
107.139375
105.550485
107.437776
104.478621
102.566395
101.490047
102.586147
104.339281
103.983904
101.522383
99.452481
98.749108
97.739955
101.460807
102.037761
98.421881
102.510873
100.512972
101.825773
103.545719
102.292310
98.871353
106.160911
106.316912
104.780843
100.827483
101.491521
101.020792
101.399689
105.366214
101.468350
102.528685
108.740646
100.009478
102.293787
100.849848
101.852519
102.221182
100.147870
99.441776
98.982175
103.594339
105.280154
99.901370
98.299776
103.219468
99.663687
106.251377
106.417266
110.083554
105.645140
100.641312
103.969405
99.955046
101.310647
99.473950
101.290376
99.924671
101.187952
102.345228
101.671517
99.050194
106.112370
102.138863
108.974181
103.863550
100.693023
108.200029
104.161339
100.969804
104.245364
108.508575
98.415434
98.391602
103.896749
102.320869
107.621991
100.802005
104.999481
101.093839
101.715071
105.356751
102.733066
103.675287
101.990727
101.171172
110.587491
103.003591
103.289841
101.858298
100.972062
103.945665
104.892952
111.413392
102.577982
100.292675
101.950730
101.678429
97.668664
103.516709
106.280306
104.717457
104.662518
101.942329
99.607373
100.898337
99.842680
101.639905
107.762032
105.031470
98.564554
105.445082
104.205017
104.227159
102.201023
99.642547
102.237258
107.658830
102.041076
105.833602
102.751239
101.185348
103.253498
102.260249
106.236365
106.083169
100.416304
103.415707
100.270574
99.304829
105.175472
110.561267
101.994182
103.093013
100.970483
109.758659
101.080028
101.044901
103.685169
103.155044
102.423106
99.141348
104.341560
108.664761
98.886492
101.611275
106.031038
106.534915
100.491494
102.832752
104.711523
101.737234
104.235027
98.112065
103.740970
105.926903
104.651110
103.408419
105.396112
102.475715
106.826389
107.164056
109.545820
102.408381
105.337289
105.385858
102.119042
101.493521
100.306157
101.391956
98.212639
102.976352
110.766758
101.852607
103.065141
100.375674
98.372113
101.362562
105.669952
111.698085
98.404003
103.964372
105.405011
104.610752
100.318938
101.351079
102.933639
101.552049
99.415967
101.441476
98.584581
107.392692
104.117265
109.835111
103.741965
106.053878
103.959315
101.796069
100.323535
101.795121
101.076111
99.953246
104.294752
