21.556208
20.760105
20.912838
22.467578
21.897849
22.169660
22.130555
21.958198
21.700051
21.664050
21.445400
21.394772
21.246424
21.590902
21.511814
21.344517
21.351394
21.437225
21.258238
21.137883
21.121013
21.217858
21.170108
21.138867
21.049055
20.940302
20.950789
20.957148
20.930782
20.961354
21.001240
20.984827
21.151472
21.147053
21.108211
21.059421
20.997970
20.974527
20.975033
21.005870
21.060758
21.176428
21.262900
21.416748
21.353000
21.345743
21.323233
21.380375
21.355904
21.365975
21.408772
21.391155
21.354723
21.351024
21.348264
21.360369
21.408163
21.362926
21.341678
21.311839
21.294813
21.226851
21.220140
21.220353
21.246475
21.246987
21.205587
21.160664
21.118155
21.131841
21.139164
21.168902
21.179410
21.168640
21.181304
21.163265
21.145117
21.152117
21.198051
21.189286
21.233507
21.220979
21.207176
21.195024
21.209528
21.244821
21.297822
21.274590
21.307115
21.318578
21.280339
21.275525
21.269283
21.289715
21.299509
21.271399
21.270236
21.263284
21.240246
21.250560
21.241139
21.202431
21.223547
21.233462
21.296263
21.340860
21.374256
21.358364
21.353042
21.335547
21.358471
21.377295
21.369383
21.386799
21.374924
21.394233
21.482585
21.463442
21.447378
21.426716
21.413052
21.425596
21.444234
21.444510
21.426573
21.420903
21.405599
21.379846
21.857380
21.769618
21.110329
21.400622
22.012586
21.649880
21.355759
21.592408
21.213453
21.038556
20.860660
20.679443
20.872800
20.798991
20.849870
20.775978
20.761644
20.746518
21.154939
21.196618
21.141433
21.009336
20.953575
21.031355
22.388308
23.200582
23.052531
22.971573
22.834628
22.854510
22.805570
22.706753
22.658138
22.638336
22.555863
22.450625
22.442729
22.338511
22.206641
22.157348
22.127609
22.080276
22.075489
22.097457
22.050093
22.023552
21.987607
22.009728
22.014547
22.004838
22.072430
22.071745
22.004940
21.978051
21.946436
22.002624
22.058344
22.045908
22.173760
22.178034
22.111490
22.059596
22.037545
21.965331
21.940136
21.884605
21.875992
21.882096
21.816803
21.795529
21.845948
21.835993
21.791209
21.821855
21.848684
21.834974
21.823647
21.809903
21.806533
21.813865
21.802818
21.796479
21.781490
21.769020
21.787841
21.773994
21.727834
21.719981
21.724862
21.724374
21.704808
21.694351
21.657938
21.629095
21.614105
21.642914
21.629838
21.599648
21.583149
21.549008
21.560431
21.558852
21.537343
21.538047
21.540956
21.519465
21.499264
21.484100
21.456000
21.428105
21.403994
21.400325
21.388801
21.404526
21.426346
21.408939
21.414405
21.430548
21.406527
21.390237
21.398329
21.398613
21.381853
21.528357
21.547797
21.541829
21.539725
21.509938
17.591921
19.109893
19.584927
19.919963
21.262060
22.717087
22.400600
22.679340
22.899428
23.014948
24.233008
23.963075
23.520698
23.563276
23.288489
23.112749
22.777355
22.626751
22.372727
22.576345
22.711570
22.584474
22.430729
22.441738
22.313274
22.233133
22.174326
22.552610
22.835217
22.684972
22.668093
22.738035
22.728242
22.692916
22.700714
22.683223
22.753557
22.571509
22.496253
22.442667
22.372234
22.391819
22.308117
22.189916
22.251636
22.178021
22.192938
22.119475
22.107875
22.039053
21.979335
21.895984
21.991578
21.915914
21.937062
21.959040
21.920529
21.905383
21.842064
21.810875
21.802606
21.886475
21.855621
21.773054
21.744243
21.681412
21.665334
21.744339
21.715409
21.700923
21.682730
21.718875
21.696574
21.651815
21.624145
21.618830
21.607868
21.596030
21.603469
21.596878
21.638992
21.640368
21.632286
21.680696
21.679807
21.678630
21.672104
21.635768
21.627156
21.581368
21.548167
21.539312
21.506348
21.481028
21.503201
21.484619
21.602164
21.573199
21.590589
21.578294
21.577141
21.531653
21.527748
21.560955
21.538146
21.525155
21.491466
21.473854
21.462513
21.467703
21.483025
21.475269
21.490158
21.504918
21.525638
21.543480
21.527149
21.536107
21.532118
21.509714
21.488345
21.484459
21.524213
21.501996
21.490211
21.466702
21.452735
21.405717
26.872323
24.391544
24.298692
23.338667
22.448553
22.591441
22.315074
22.077186
21.936846
22.152243
22.179617
22.003374
21.843660
21.785176
21.560761
21.616873
22.489600
22.491379
22.239448
22.168994
21.981090
21.860630
22.031212
21.923375
21.831712
21.765710
21.697866
21.685774
21.653271
21.833089
21.879473
21.795379
21.722952
21.731388
21.742612
21.729607
21.699511
21.650929
21.593201
21.579360
21.581833
21.534494
21.494911
21.494713
21.500602
21.412662
21.463179
21.575931
21.798344
21.776205
21.701170
21.642948
21.700349
21.680893
21.641011
21.681958
21.667271
21.646553
21.733136
21.874104
21.847334
21.863587
21.894790
21.945303
21.917749
21.871708
21.840664
21.810153
21.778098
21.776109
21.748511
21.782507
21.854521
21.824170
21.835737
21.835415
21.817606
21.854607
21.847213
21.979902
21.968687
21.958043
21.934972
21.902637
21.938624
21.919217
21.887091
21.850828
21.831915
21.846722
21.814290
21.824177
21.813888
21.799249
21.785475
21.767747
21.726779
21.716928
21.708050
21.742070
21.734626
21.720356
21.732037
21.747925
21.726701
21.729762
21.758510
21.799229
21.787912
21.771189
21.735201
21.720214
21.839089
21.968809
22.020598
22.004617
21.983153
21.962400
21.926006
21.905203
21.897226
21.884553
21.886026
21.860862
21.874506
21.868334
21.854977
21.839498
22.686875
23.442527
24.079700
22.721494
22.109147
21.721406
21.718965
21.404517
21.329977
21.486575
21.330235
21.150944
20.950162
20.893194
20.875601
20.884180
21.084474
21.031479
21.332300
21.424274
21.416458
21.354476
21.387229
21.512638
21.543897
21.561696
21.480179
21.511372
21.720889
22.039222
22.084642
21.985789
21.909566
21.846784
21.767166
21.806735
21.714252
21.786827
21.785736
21.733877
21.714118
21.739876
21.669517
21.633387
21.634127
21.684286
21.725783
21.693519
21.624559
21.660676
21.605080
21.595735
21.574580
21.544257
21.570756
21.498641
21.495461
21.442503
21.435926
21.418953
21.430003
21.436802
21.404814
21.379990
21.346224
21.341550
21.371009
21.310665
21.305781
21.335320
21.305611
21.301505
21.299267
21.304068
21.283507
21.241706
21.270918
21.322811
21.327918
21.359723
21.433741
21.411248
21.387632
21.430354
21.488474
21.525432
21.522201
21.547148
21.521266
21.484959
21.481299
21.470585
21.488966
21.505521
21.490622
21.551139
21.536436
21.524489
21.523238
21.501577
21.519525
21.530900
21.539970
21.538596
21.522086
21.546573
21.573825
21.569178
21.577742
21.580922
21.564053
21.537412
21.536235
21.537561
21.525933
21.529770
21.516894
21.579356
21.584167
21.578966
21.555892
21.556615
21.550370
21.613893
21.628219
21.625039
21.620442
21.623160
19.151093
18.762647
19.292117
20.861500
21.588465
22.047509
22.056319
22.057919
21.795980
21.373528
21.335302
21.463819
21.279226
20.960017
20.693872
20.532416
20.667277
20.594858
20.663549
20.663317
20.534406
20.414708
20.393076
20.399635
20.430997
20.521033
20.489755
20.489442
20.485709
20.412173
20.388732
20.400807
20.426198
20.378684
20.325967
20.374525
20.412640
20.441883
20.663666
20.828895
20.775734
20.874509
20.881652
20.851424
20.817926
20.778074
20.771391
20.852416
20.856438
20.869115
20.884504
20.849567
20.894901
20.949827
20.927650
20.858216
20.856363
20.912449
20.874711
20.872319
20.842324
20.924336
20.941517
20.917690
20.916422
20.911343
20.865505
20.862552
20.840751
20.799236
20.795266
20.739423
20.710353
20.713401
20.703849
20.720125
20.701340
20.674370
20.626866
20.615661
20.600360
20.590042
20.585478
20.565200
20.564277
20.611776
20.615690
20.622130
20.653102
20.641214
20.643103
20.715601
20.695148
20.746202
20.726114
20.784296
20.787031
20.783319
20.767915
20.796111
20.801594
20.778871
20.745777
20.729350
20.783727
20.775159
20.753250
20.740299
20.743061
20.747861
20.735463
20.706039
20.696846
20.697265
20.678924
20.664180
20.650770
20.637995
20.657807
20.641322
20.643187
20.699730
20.764371
20.733298
20.790164
20.841152
20.842289
20.810917
19.745434
20.109418
19.530014
19.570063
19.194061
19.389091
19.188723
19.860290
20.041343
19.986514
20.530071
20.700151
20.535830
21.589471
21.645351
21.453980
21.326522
21.301244
21.272788
21.295821
21.212428
21.025066
21.196924
21.375442
21.312938
21.254781
21.180123
21.169384
21.101368
21.166390
21.257737
21.208926
21.077058
21.070089
21.071952
21.118134
21.085818
21.006941
20.972190
21.018742
21.126344
21.140348
21.122862
21.075984
21.118475
21.224505
21.384404
21.376200
21.377877
21.406014
21.403293
21.367889
21.394611
21.628162
21.608522
21.630203
21.562998
21.562544
21.565632
21.540632
21.513861
21.512701
21.604372
21.610535
21.666711
21.681611
21.606333
21.612630
21.582706
21.589771
21.589509
21.549154
21.521174
21.511144
21.492733
21.470017
21.509952
21.512358
21.495389
21.489840
21.472598
21.429749
21.438491
21.422475
21.459210
21.553621
21.728412
21.708292
21.736518
21.757224
21.768597
21.725905
21.704429
21.766323
21.755884
21.747288
21.712395
21.690805
21.694112
21.663531
21.672232
21.699063
21.672673
21.681350
21.784622
21.843684
21.852523
21.883368
21.893714
21.871112
21.870193
21.852051
21.850759
21.826631
21.805724
21.839615
21.827232
21.871315
21.886962
21.902347
21.889365
21.906087
21.885876
21.888201
21.902381
21.895014
21.904576
21.924913
18.697460
20.281843
21.011190
20.996215
21.864973
21.300483
21.172091
21.035281
21.476999
21.151433
21.184855
21.053185
20.999567
20.894048
20.668639
20.630154
20.472194
20.494334
20.592060
20.979327
20.865786
20.754229
20.790675
20.878347
20.801358
20.829383
20.942823
20.948335
20.934476
21.117579
21.096635
21.079302
21.044546
20.998753
20.982227
21.040825
21.020766
21.076348
21.327381
21.443940
21.456087
21.479343
21.436971
21.372978
21.340753
21.314049
21.265813
21.287172
21.235928
21.186362
21.146246
21.108804
21.146924
21.072943
21.110263
21.108851
21.116083
21.121312
21.132086
21.173029
21.183082
21.133408
21.087928
21.067147
21.004422
21.009448
21.017746
21.003468
21.026339
21.062407
21.034758
21.110183
21.145524
21.120784
21.104054
21.086243
21.042358
21.024777
21.016245
21.031238
21.013707
21.038738
21.113447
21.076399
21.106835
21.109453
21.091460
21.090177
21.069536
21.102957
21.081066
21.073477
21.080499
21.048193
21.037814
21.029199
21.021845
21.015229
21.016366
20.982868
20.968678
20.931686
20.967159
20.949448
20.954659
20.957062
20.960162
20.947765
20.969818
20.992149
21.013844
21.031131
21.053384
21.102318
21.083800
21.089755
21.090275
21.068947
21.076227
21.133786
21.121741
21.107780
21.115694
21.101017
21.090094
21.088128
21.074656
21.052505
31.562526
26.266882
24.209903
24.952768
23.851850
22.897510
22.569907
22.307056
22.135600
22.023272
21.849152
21.719123
21.488143
21.369078
21.244747
21.076514
21.091848
21.257795
21.110126
21.276536
21.417938
21.564888
21.418596
21.451327
21.393669
21.340814
21.382306
21.326699
21.380062
21.383513
21.323538
21.413494
21.389502
21.356875
21.314915
21.252459
21.234561
21.325337
21.307652
21.278465
21.261919
21.359536
21.265869
21.220525
21.191037
21.232881
21.286822
21.334721
21.301780
21.304955
21.245079
21.302849
21.294412
21.295405
21.265204
21.218912
21.164472
21.163866
21.229809
21.205238
21.189313
21.155710
21.109708
21.100119
21.094389
21.090812
21.164566
21.213426
21.289482
21.306413
21.405285
21.383935
21.376778
21.376770
21.387091
21.375414
21.361691
21.338316
21.333910
21.363534
21.341899
21.340943
21.339890
21.327504
21.337253
21.382119
21.366009
21.318666
21.305664
21.307191
21.321058
21.313544
21.297486
21.256509
21.250808
21.234891
21.254214
21.247622
21.211710
21.205610
21.221819
21.227021
21.222962
21.204057
21.208471
21.180020
21.189621
21.169986
21.187386
21.162787
21.168362
21.151247
21.130696
21.141326
21.127014
21.115380
21.123054
21.133438
21.106620
21.132023
21.108660
21.097669
21.085422
21.081546
21.091873
21.094092
21.089991
21.085693
21.894525
22.225269
21.567529
21.896976
21.641605
21.528740
21.464763
21.809994
21.730234
21.389319
21.297165
21.685520
21.597280
22.180210
22.269691
21.926946
21.917170
21.933579
22.166891
22.312111
22.271259
22.235937
22.536742
22.577212
22.580129
22.418971
22.256024
22.206187
22.250679
22.397808
22.254639
22.528225
22.427492
22.331004
22.315275
22.360874
22.326009
22.373542
22.276257
22.218710
22.253711
22.266893
22.137199
22.125842
22.109469
22.147966
22.129871
22.090779
21.984001
21.961666
21.900349
21.924326
21.914851
21.923070
21.857942
21.909737
21.894047
21.835329
21.788830
21.752584
21.771661
21.773169
21.758932
21.724788
21.788176
21.932444
21.983275
21.952101
21.970014
21.959193
22.062277
22.062173
22.004202
21.958975
21.903651
21.880892
21.976153
21.940570
21.917337
21.956996
21.937072
21.937561
21.912950
21.907735
21.910543
21.887645
21.874918
21.855066
21.827809
21.821009
21.787067
21.789293
21.757825
21.725876
21.712976
21.709055
21.695721
21.687041
21.666516
21.696823
21.681320
21.763884
21.943544
21.924052
21.972623
22.000772
21.992741
21.976856
21.987098
22.029984
22.049214
22.049997
22.047149
22.064172
22.076683
22.077476
22.108623
22.097559
22.072646
22.048841
22.035790
22.030126
22.002690
21.988320
21.990288
21.981192
21.956077
21.926454
17.320411
18.489657
19.012098
19.123094
19.239147
19.424519
19.347728
19.382751
19.974372
20.355826
20.322254
20.222019
20.336825
20.311902
20.384974
20.264644
20.311949
20.196055
20.166230
19.956622
20.002915
19.928101
19.940450
19.930183
19.907155
19.857762
20.036853
20.106350
20.083696
20.113292
20.153737
20.079301
20.081101
20.137201
20.145360
20.217657
20.211407
20.230050
20.208841
20.187977
20.293225
20.291027
20.353626
20.408907
20.371268
20.368873
20.448659
20.413256
20.358513
20.383607
20.410641
20.440221
20.415200
20.449213
20.497225
20.475465
20.482485
20.523203
20.581939
20.563776
20.548629
20.526648
20.547226
20.668546
20.685162
20.691621
20.638365
20.808696
20.840671
20.817142
20.792539
20.779612
20.762721
20.760426
20.750816
20.738507
20.693508
20.705367
20.690178
20.716195
20.729008
20.697177
20.667333
20.701552
20.689382
20.728992
20.708758
20.685425
20.667503
20.685538
20.659351
20.657518
20.648356
20.632397
20.701445
20.713756
20.712777
20.713680
20.721201
20.721294
20.730690
20.809381
20.879581
20.893139
20.903209
20.922958
20.897765
20.923456
20.980626
20.958083
20.967817
20.965017
20.972881
20.979201
21.001405
21.003187
21.006529
21.014231
21.001409
21.020864
21.014821
20.973088
20.968365
20.951158
21.019885
21.009007
20.993452
20.962207
22.696457
20.936509
22.054411
23.483371
22.878424
24.318005
23.960302
23.425973
23.048515
22.709696
22.385652
22.466680
22.286758
22.112445
22.125672
22.025024
21.941120
21.806065
21.618732
21.523070
21.582129
21.556100
21.734626
21.690048
21.655628
21.528344
21.529287
21.489540
21.436961
21.371561
21.507302
21.477148
21.463928
21.679196
21.612226
21.647157
21.616815
