6.755805
7.810078
7.498993
7.630419
7.676036
7.816784
7.890468
8.007354
8.108615
8.106209
8.126882
8.224241
8.198104
8.198362
8.174918
8.150425
8.162635
8.120079
8.125346
8.026082
7.983825
7.987558
8.036520
8.016520
7.957863
7.920091
7.902150
7.903794
7.910669
7.902799
7.916156
7.893636
7.917270
7.911735
7.887660
7.892038
7.917316
7.909545
7.907129
7.908007
7.929406
7.936998
7.970304
7.951351
7.960120
7.962905
7.979268
7.985128
7.976339
7.952649
7.953789
7.942127
7.928746
7.948288
7.949211
7.958183
7.950164
7.967760
7.961561
7.941844
7.933617
7.952943
7.968889
7.960596
7.951590
7.951008
7.932129
7.951668
7.970710
7.962862
7.975223
7.966148
7.955639
7.952842
7.933776
7.938242
7.930580
7.923524
7.928207
7.933147
7.922585
7.927336
7.946676
7.955572
7.954995
7.956450
7.948701
7.949348
7.948828
7.956780
7.953296
7.951806
7.951438
7.949670
7.965738
7.965374
7.968443
7.967023
7.963810
7.962013
7.967419
7.957259
7.949159
7.948737
7.955456
7.972930
7.973500
7.977607
7.979703
7.971330
7.976210
7.978784
7.988974
7.998218
7.991466
7.991726
8.004363
8.008789
8.005935
8.000093
8.000394
7.993506
7.991086
7.992547
7.996031
8.005414
8.001907
7.994343
8.080308
8.190652
8.359915
8.006040
7.985797
7.988942
7.832224
7.855725
7.814609
7.885401
7.944196
8.024073
8.000036
7.967823
7.944419
7.931933
7.866292
7.873025
7.935230
7.952860
7.952613
7.993601
7.964032
7.984877
7.933708
7.962569
7.982307
7.965256
7.959066
7.958743
7.950312
7.936917
7.909487
7.889308
7.902970
7.927314
7.949212
7.966662
7.956320
7.947780
7.972042
7.936477
7.881551
7.896953
7.877112
7.889610
7.871211
7.889404
7.885857
7.889990
7.874628
7.880652
7.881261
7.903308
7.906608
7.917877
7.918431
7.909238
7.891150
7.892402
7.893940
7.881630
7.888441
7.899970
7.906204
7.911864
7.919218
7.915211
7.900749
7.893395
7.882548
7.876592
7.864088
7.880760
7.893292
7.895239
7.906796
7.899698
7.896800
7.894763
7.889873
7.885329
7.888437
7.887334
7.895047
7.895731
7.888296
7.892786
7.897962
7.902891
7.915383
7.919787
7.927874
7.929027
7.928556
7.932220
7.939146
7.954003
7.956994
7.964851
7.971873
7.966673
7.972657
7.971000
7.972753
7.966569
7.959651
7.954507
7.953979
7.953935
7.963193
7.959323
7.968104
7.982811
7.985377
7.982965
7.983549
7.978649
7.963010
7.967075
7.966692
7.959357
7.962124
7.949831
7.945585
7.950611
7.947127
7.941754
6.983385
7.406490
7.116204
7.320621
7.606270
7.582939
7.560915
7.586670
7.701491
7.766498
7.688565
7.695750
7.711967
7.690139
7.657614
7.657168
7.625452
7.574334
7.615247
7.689547
7.739399
7.775243
7.732628
7.738185
7.737645
7.758331
7.770061
7.802226
7.842207
7.863015
7.882454
7.892257
7.892195
7.913243
7.860396
7.862475
7.872849
7.858525
7.857826
7.834527
7.808236
7.821607
7.828030
7.855359
7.838458
7.851821
7.865871
7.860101
7.864607
7.864738
7.862650
7.825883
7.820363
7.828599
7.853669
7.888934
7.876211
7.872117
7.874084
7.874159
7.882740
7.871862
7.862781
7.851539
7.841985
7.834392
7.840549
7.837884
7.851527
7.869511
7.859777
7.863918
7.869475
7.861792
7.865160
7.860767
7.870559
7.874131
7.883900
7.888071
7.898644
7.900031
7.917418
7.924801
7.934805
7.937997
7.932675
7.932920
7.929305
7.927680
7.928170
7.920578
7.922773
7.924637
7.923903
7.923274
7.935636
7.931549
7.932813
7.933233
7.926014
7.927672
7.928939
7.932520
7.921299
7.918783
7.910224
7.902116
7.901615
7.910301
7.915114
7.919024
7.918518
7.923769
7.932996
7.943223
7.945141
7.953260
7.957357
7.956172
7.951086
7.956876
7.958947
7.953783
7.942552
7.949299
7.948098
7.932375
7.404671
7.941031
8.058793
8.505241
8.398511
8.519160
8.249868
8.137272
8.079812
8.011525
7.959158
7.880499
7.856281
7.846070
7.870389
7.867837
7.839910
7.795499
7.793551
7.786738
7.809956
7.821744
7.849049
7.831672
7.822571
7.881860
7.884589
7.870688
7.838846
7.862059
7.904837
7.877317
7.899035
7.933155
7.930589
7.920104
7.934048
7.942914
7.952684
7.953464
7.943268
7.941094
7.971604
7.949441
7.913765
7.899456
7.918280
7.915124
7.917951
7.921227
7.923406
7.946853
7.932906
7.917334
7.901026
7.912438
7.920046
7.909251
7.906986
7.906712
7.906088
7.930848
7.947696
7.945981
7.934426
7.940387
7.933392
7.936140
7.950899
7.952284
7.943469
7.960123
7.963027
7.955381
7.948504
7.949711
7.922383
7.938694
7.930221
7.926406
7.937353
7.938416
7.929630
7.946405
7.936451
7.928302
7.933378
7.919817
7.918414
7.930151
7.924006
7.913172
7.917403
7.914086
7.911217
7.901673
7.909362
7.919522
7.929269
7.939260
7.949481
7.965270
7.973148
7.981866
7.977017
7.983368
7.984695
7.985371
7.987889
7.980366
7.981851
7.988832
7.989979
7.989256
7.998516
8.000717
8.012597
8.020470
8.015281
8.022071
8.020033
8.027329
8.033777
8.035632
8.025915
8.025440
8.030855
8.024304
7.418200
7.932711
8.008325
7.977967
7.865472
7.781050
7.948619
7.948221
7.921255
8.057002
7.996857
8.060683
8.038649
8.051215
8.019778
7.971110
7.955019
7.930858
7.955219
7.932255
7.938288
7.900732
7.908768
7.928068
7.952512
7.956318
7.959036
7.975630
7.998004
8.002607
7.919383
7.952777
7.912500
7.917705
7.899627
7.896055
7.899518
7.856744
7.900916
7.921034
7.927236
7.931987
7.956102
7.970888
7.993062
8.031333
8.033354
8.036681
8.039810
8.034845
8.031108
8.019437
8.007819
8.003828
8.005199
8.015787
8.020109
8.030029
8.014006
8.007863
8.030087
8.034217
8.013903
8.013891
8.009131
7.998318
7.978800
7.969865
7.979787
7.973176
7.964349
7.959700
7.948450
7.942467
7.931985
7.916437
7.917320
7.933371
7.926452
7.925923
7.932008
7.928568
7.918427
7.922209
7.921830
7.920842
7.916059
7.924184
7.934295
7.945055
7.943750
7.949652
7.953600
7.950805
7.950266
7.954045
7.947277
7.947253
7.952474
7.956993
7.949962
7.947556
7.940953
7.945567
7.944247
7.943910
7.939716
7.933896
7.936698
7.942875
7.939199
7.933295
7.928004
7.924399
7.926162
7.930680
7.933551
7.934323
7.928148
7.927353
7.921723
7.917118
7.911840
7.909534
7.906796
7.913247
7.918850
7.914164
7.271215
7.197547
7.046405
7.025559
7.472197
7.693533
7.687912
7.738551
7.728593
7.732229
7.781190
7.631031
7.653783
7.625768
7.654546
7.577459
7.621553
7.648494
7.713664
7.725793
7.751750
7.788793
7.846254
7.848479
7.857061
7.834736
7.847468
7.841526
7.835214
7.807641
7.803052
7.795219
7.805674
7.833710
7.858946
7.856925
7.850478
7.840763
7.876066
7.878360
7.874237
7.863314
7.887264
7.887846
7.895171
7.898896
7.888016
7.879488
7.884791
7.883733
7.879250
7.872809
7.876732
7.889212
7.896173
7.917817
7.922580
7.924796
7.920952
7.898430
7.902551
7.901190
7.891114
7.899565
7.887074
7.877864
7.888768
7.898757
7.914029
7.901259
7.914263
7.896248
7.888880
7.885129
7.917306
7.905137
7.904878
7.901303
7.897844
7.904895
7.892385
7.894169
7.902373
7.912820
7.921670
7.937672
7.936892
7.945490
7.945736
7.944641
7.952746
7.954385
7.944243
7.963171
7.959107
7.954643
7.964783
7.961703
7.963363
7.964862
7.972687
7.969510
7.962772
7.963382
7.975007
7.966862
7.968877
7.967948
7.963446
7.966165
7.956868
7.967149
7.978882
7.977954
7.980818
7.982758
7.989768
7.984084
7.981612
7.982682
7.981664
7.981706
7.978215
7.976925
7.967241
7.981098
7.993614
7.991025
8.431222
8.415714
8.601574
8.493580
8.358739
8.374953
8.386688
8.321847
8.411366
8.324912
8.418325
8.430629
8.489117
8.400360
8.354586
8.319173
8.286652
8.239239
8.200607
8.189794
8.161146
8.145691
8.123303
8.114690
8.091566
8.073661
8.059653
8.064186
8.076696
8.047091
8.086697
8.072705
8.067924
8.052413
8.047772
8.001145
8.018608
8.004451
7.989123
7.966099
7.946490
7.945727
7.925731
7.931357
7.932461
7.922855
7.922106
7.897374
7.914306
7.904113
7.906495
7.890224
7.894680
7.909426
7.904601
7.900769
7.900614
7.901600
7.909905
7.922682
7.921427
7.925854
7.940581
7.945456
7.952859
7.951045
7.959082
7.961685
7.979890
7.985152
8.006366
8.007447
8.013366
8.011894
8.027089
8.020159
8.019409
8.010023
8.004698
8.003781
7.996187
7.984647
7.985849
7.990290
8.005020
7.986775
7.985145
7.998471
8.005630
8.013651
8.002595
7.989311
7.985734
7.991951
7.985588
7.989594
7.975366
7.977633
7.984518
7.984007
7.987496
7.978037
7.975702
7.971789
7.952949
7.956887
7.955065
7.962619
7.957466
7.952642
7.963029
7.963324
7.956160
7.954888
7.951070
7.955490
7.949510
7.958786
7.967127
7.978492
7.983947
7.997970
8.004577
8.002864
8.002338
8.008497
8.009179
8.003486
6.927019
7.686674
7.928013
7.869762
7.836699
7.827213
8.109128
7.924330
7.974913
8.062370
8.095833
8.118755
8.105137
8.085583
8.114947
8.126304
8.174474
8.137979
8.151493
8.125974
8.126532
8.087074
8.057239
8.023323
8.016069
8.092696
8.097010
8.118246
8.142452
8.174710
8.172875
8.174070
8.139183
8.105048
8.099558
8.066569
8.051112
8.030695
8.009269
8.068019
8.068007
8.090286
8.093811
8.099783
8.083229
8.085422
8.058379
8.054393
8.041201
8.041775
8.008256
8.037133
8.038736
8.030899
8.031414
8.029648
8.027847
8.039641
8.036167
8.038795
8.037979
8.052546
8.056694
8.057442
8.049241
8.048474
8.045471
8.050108
8.048856
8.061831
8.070805
8.065718
8.056753
8.027148
8.032310
8.051517
8.053958
8.058952
8.070117
8.068305
8.068052
8.056815
8.058220
8.044402
8.038860
8.043120
8.049591
8.051144
8.056846
8.059019
8.066959
8.054788
8.060664
8.060364
8.070328
8.065537
8.063424
8.068555
8.075229
8.083281
8.086707
8.087862
8.085921
8.077984
8.070436
8.077287
8.080363
8.077806
8.074155
8.069714
8.071203
8.074411
8.082364
8.080371
8.089911
8.096539
8.091084
8.090744
8.084479
8.099636
8.096830
8.098748
8.107979
8.114656
8.108243
8.104090
8.101177
8.096907
8.757584
8.777392
8.345086
8.376141
8.214275
8.351129
8.203559
8.155525
8.234483
8.162174
8.092032
8.082992
8.163004
8.199716
8.250209
8.155303
8.083699
8.157389
8.118734
8.184342
8.182126
8.144959
8.211586
8.194519
8.185111
8.207592
8.213877
8.165881
8.159841
8.156119
8.161331
8.167399
8.149651
8.184000
8.178685
8.161450
8.155647
8.143241
8.167082
8.131051
8.140473
8.136135
8.099399
8.104628
8.095418
8.095709
8.114890
8.109286
8.105729
8.091787
8.075443
8.050910
8.048338
8.051506
8.069558
8.044702
8.026901
8.028768
8.032900
8.041215
8.034023
8.043100
8.029674
8.027161
8.019003
8.010994
8.006363
8.003209
7.996085
7.995261
7.993341
7.998149
8.001517
8.002652
7.985179
7.982160
7.988775
7.990786
7.983221
7.994100
7.989462
7.997739
7.989395
7.988328
7.998145
8.017807
8.017117
8.025238
8.018912
8.041126
8.046359
8.044020
8.058209
8.070390
8.066902
8.060848
8.059086
8.059260
8.042024
8.044840
8.056597
8.062678
8.074311
8.081704
8.081279
8.077586
8.075369
8.071397
8.062179
8.049977
8.054899
8.056065
8.064888
8.061368
8.063889
8.057379
8.061893
8.064479
8.058183
8.055329
8.053311
8.051301
8.046411
8.052165
8.058026
8.056983
8.052102
8.039012
6.756359
6.911683
7.224503
7.328399
7.198601
7.463373
7.549484
7.714387
7.589809
7.720566
7.728144
7.689268
7.679134
7.797243
7.846671
7.772086
7.799743
7.765480
7.885262
7.930372
7.970986
7.921938
7.953427
7.937770
7.980224
7.977878
7.986182
8.042344
8.069063
8.091630
8.103716
8.096059
8.114059
8.134993
8.162268
8.211552
8.211161
8.255883
8.246405
8.227532
8.230437
8.246505
8.220086
8.229033
8.189351
8.210419
8.204059
8.204903
8.159659
8.151043
8.142426
8.149449
8.150351
8.152691
8.140739
8.138909
8.156319
8.144889
8.142776
8.134769
8.132656
8.138150
8.137879
8.131303
8.108611
8.120360
8.122520
8.115093
8.108916
8.110968
8.116488
8.127016
8.132719
8.134904
8.139208
8.113448
8.112653
8.096248
8.096382
8.099764
8.089445
8.080874
8.088312
8.095403
8.095399
8.102400
8.105583
8.095339
8.089784
8.095403
8.093330
8.091486
8.087978
8.091039
8.093337
8.098821
8.107376
8.112288
8.120180
8.123744
8.114071
8.109669
8.110060
8.116892
8.114782
8.119662
8.127590
8.116884
8.109296
8.120347
8.126966
8.130115
8.127694
8.124465
8.120439
8.115778
8.107605
8.099424
8.109650
8.101902
8.100600
8.100592
8.104205
8.106737
8.107029
8.108210
8.104128
8.093321
8.285008
7.596889
8.060196
8.075147
8.073766
8.027870
8.021513
8.223541
8.127696
8.116398
8.110909
8.024142
7.966675
7.953897
7.948464
7.956527
7.978962
7.970276
7.967564
7.947638
7.973212
7.979582
7.991595
8.007072
8.017307
7.974213
7.970190
7.934315
7.921318
7.938626
7.949588
7.953212
7.964205
8.003739
8.007826
7.983378
7.980425
7.972011
7.948921
7.947016
7.964224
7.945902
7.968905
7.955285
7.947610
7.950932
7.972182
7.984602
7.955559
7.965430
7.996578
8.015889
8.018045
8.004705
8.019278
8.014834
8.014910
8.021339
8.043937
8.052363
8.047612
8.056354
8.044402
8.050518
8.054198
8.071700
8.040207
8.057435
8.051570
8.049962
8.043204
8.039375
8.029873
8.030294
8.032889
8.037459
8.049946
8.047167
8.040010
8.045018
8.027643
8.010889
7.993070
7.998654
7.998152
7.996929
8.012767
8.010546
8.006150
8.017202
8.019168
8.025762
8.021121
8.026398
8.010059
8.000518
8.004284
7.993459
8.001531
7.996097
8.000196
7.997088
8.000803
7.998137
8.003298
7.999814
8.005225
8.012893
8.010738
8.000140
7.995431
7.995089
7.992303
7.986669
7.992385
7.990384
7.989973
7.996120
8.005478
8.006957
8.002920
8.002662
7.996353
7.989600
7.997931
7.999514
7.987733
7.981082
7.200835
7.437725
7.648807
7.949489
7.900736
8.012911
7.968633
7.907861
7.805370
7.771352
7.772910
7.850897
7.899803
7.906928
7.894647
7.826290
7.882517
7.907915
7.932619
7.939638
7.949365
7.937716
7.925796
7.969971
7.969428
7.977162
7.972854
7.953581
7.959358
7.984221
8.010783
8.017700
7.999332
8.001286
8.017650
8.045136
8.035719
