27.137680
29.990762
32.854994
30.740612
30.895968
31.245617
31.236059
33.744367
33.241394
32.593382
32.368377
32.856647
32.393417
32.289231
33.614875
33.169020
33.894604
33.699595
33.287767
32.776331
32.336667
32.499260
32.660995
32.307180
32.339519
31.981672
31.698481
32.052961
32.590776
32.460290
32.465794
32.339984
32.407277
32.402262
32.292763
32.211558
32.122963
32.368253
32.219280
31.999909
32.412924
32.644358
32.670526
32.926829
32.777150
32.656736
32.608009
32.545022
32.418007
32.339350
32.459726
32.378440
32.438123
32.564848
32.678329
32.561561
32.482386
32.328563
32.250629
32.121265
32.082772
32.447357
32.550806
32.504755
32.344080
32.273231
32.140345
32.102053
32.082138
32.036966
32.213278
32.251821
32.182254
32.358973
32.313937
32.217855
32.195340
32.147232
32.074055
32.076034
31.999740
32.102704
32.122507
32.049895
32.235441
32.178594
32.199933
32.195541
32.261799
32.790487
33.174557
33.200265
33.216077
33.172534
33.267034
33.402968
33.420308
33.423513
33.473728
33.395048
33.335661
33.303949
33.308622
33.299913
33.288646
33.333488
33.387701
33.405677
33.356617
33.492133
33.441932
33.463393
33.718158
34.235365
34.331578
34.454374
34.737326
34.932144
34.872281
34.798554
34.714690
34.657652
34.646893
34.635889
34.719570
34.841040
34.786178
34.674552
25.955777
30.959868
29.900234
30.150823
31.191977
30.989820
30.121408
31.682147
32.607345
31.895184
32.258401
31.598573
31.132510
30.635955
31.119206
31.479718
31.158747
30.855822
31.179483
30.904611
30.794075
30.657610
30.470828
30.380546
30.562366
30.872160
30.686171
30.674867
30.453298
30.284536
30.155686
29.991415
29.791718
29.659159
29.769168
30.107705
30.517084
30.591084
30.391089
30.399649
30.366176
30.253001
30.129906
30.280613
30.199242
31.017668
31.533235
31.625544
31.764465
31.759038
31.690097
32.249107
32.431895
32.998361
32.871933
33.080574
33.041546
32.869606
32.859566
32.775589
32.728101
32.612839
32.518016
32.425579
32.318334
32.235337
32.401201
32.499690
32.507605
32.450794
32.392266
32.355039
32.228910
32.293071
32.392640
32.470389
32.442802
32.456894
32.458624
32.493504
32.433240
32.538948
32.499717
32.464662
32.469001
32.735620
32.827682
32.903887
32.814096
32.789247
32.856480
32.896847
33.052486
32.965098
32.941593
32.952130
32.969711
32.888542
32.867376
32.784602
32.729344
32.702305
33.194045
33.214196
33.169845
33.121145
33.108847
33.094143
33.038931
33.035248
32.997679
32.953130
33.033283
33.294332
33.384165
33.306177
33.309203
33.232380
33.197744
33.329236
33.353478
33.332390
33.287484
33.232085
33.192288
33.115115
33.113111
33.020879
27.526685
25.290137
25.684228
25.964313
26.984044
27.478281
27.456903
28.134251
27.894662
27.745283
30.137954
31.075896
31.211048
32.297970
32.083000
31.785220
31.817863
31.324480
31.090551
32.115826
32.028510
31.873025
31.613725
31.700007
31.793915
31.822874
31.911495
31.948006
32.603742
32.801594
32.514994
32.574930
32.960600
33.290069
33.165309
33.199389
33.486541
33.153180
32.953307
32.860812
32.655112
32.452928
32.272086
32.299989
32.211406
32.617084
32.724949
32.795997
32.710656
32.746220
32.647712
32.405771
32.283929
32.202166
33.199300
34.705002
36.649815
37.711415
37.982830
37.881736
37.877263
38.136245
37.997789
37.751594
37.628341
37.444554
37.674826
37.589018
37.572332
37.829195
37.624059
37.541890
37.503343
37.334174
37.344454
37.167727
37.215581
37.200827
37.223068
37.372946
37.331428
37.320853
37.923422
38.179279
38.164283
38.189741
38.063019
37.934229
37.829342
37.712442
37.571336
37.709231
37.582473
37.570509
37.675537
37.584614
37.797065
37.833710
37.771293
37.745567
37.624837
37.527530
37.552961
37.450146
37.315457
37.236624
37.163287
37.029031
36.916586
36.846787
36.776293
36.641155
36.624719
36.571629
36.583847
36.520349
36.484559
36.530126
36.447912
36.358280
36.255302
36.188142
36.087411
35.989162
35.894897
35.866899
35.776194
35.622756
23.680834
36.842759
34.214993
35.584487
33.885742
32.563630
34.223948
33.786759
32.862553
31.994576
31.720476
31.412500
31.122249
31.462033
31.454691
31.193865
31.404528
31.858436
31.743677
31.457234
31.560205
31.933509
32.316018
33.473558
33.299892
34.322327
34.314232
34.067246
33.994427
34.586821
34.734114
34.838894
34.575255
34.540744
34.699551
34.473657
35.152246
35.192063
35.090457
34.909587
34.630831
34.987978
36.582840
36.716009
36.571520
36.569436
36.477464
36.227595
36.486272
37.393927
37.166719
37.162146
37.705394
37.448644
37.198008
37.336622
37.059093
36.890681
36.751793
36.776430
36.715797
36.905014
36.891938
37.055700
36.867415
36.828871
36.721159
36.608650
36.487845
36.353496
36.223549
36.263539
36.217184
36.148532
36.154029
36.120351
35.989063
36.091941
35.984121
35.987991
36.344015
36.372227
36.235541
36.201002
36.116203
36.001833
36.026863
35.893186
35.931279
35.834967
35.818343
35.750046
35.761383
35.888657
35.779733
35.753751
35.796742
35.849722
35.813621
35.790054
35.705978
35.778349
35.837739
35.881479
35.868062
35.777607
35.754584
35.704195
35.615387
35.516320
35.433751
35.374338
35.277576
35.285011
35.398697
35.715306
35.707170
35.696209
35.632981
35.574995
35.465520
35.359471
35.307798
35.201989
35.114261
35.068968
34.979686
34.900861
36.147199
35.521480
38.063806
34.820206
33.274795
31.624426
34.178539
36.223813
34.989963
35.849593
36.193734
36.478016
38.092770
37.199457
36.470093
36.442300
36.509497
36.122022
35.553536
35.097145
34.663019
34.166514
34.496036
35.092500
35.212671
35.101330
35.165501
34.950181
34.728922
34.705792
34.463412
34.092652
33.799037
33.552008
33.751446
34.088595
34.123860
33.916521
33.776771
33.791448
33.644613
33.421079
33.495710
33.499699
33.314800
34.446270
35.218744
34.968416
34.843699
34.794989
34.648288
34.625390
34.539885
34.813470
34.851014
34.674100
34.540808
34.453964
34.269405
34.175601
34.254092
34.603783
34.511015
34.641223
34.485949
34.382477
34.217962
34.024584
33.938878
33.934421
33.864421
34.124790
33.973671
33.837528
33.737361
33.612388
33.515906
33.540882
33.503765
33.368090
33.338371
33.298376
33.190012
33.127912
33.067310
33.110183
33.055146
32.999282
32.978723
32.951295
33.146346
33.155564
33.123073
33.329714
33.334229
33.348205
33.316048
33.226725
33.228164
33.315322
33.338077
33.353990
33.267333
33.338773
33.283653
33.209120
33.164378
33.068675
32.964325
32.971619
33.039965
32.959968
32.923236
32.868450
32.819778
32.864701
33.158689
33.635087
33.822612
33.850868
33.949586
33.919377
33.832140
33.856245
34.221860
34.285793
34.259812
34.399587
27.017827
28.659004
27.455869
27.991152
28.400049
30.162585
30.894180
32.307010
32.475060
31.834674
31.170563
30.475766
30.405165
30.563646
30.294422
29.904657
30.591201
31.131862
31.307224
31.348207
31.739869
31.914608
31.917877
32.200362
31.931669
32.006308
31.924935
31.621920
31.357738
31.425448
31.402258
31.436426
31.284688
31.400574
31.316353
31.405862
32.154150
32.088447
32.338164
32.440084
32.762678
32.944853
33.024671
33.148461
33.451096
33.383704
33.198777
33.057207
32.964507
33.016962
32.943131
32.810477
32.782483
32.865602
32.733154
32.794627
32.989985
33.042818
33.002809
32.890404
32.815215
32.792888
32.781308
33.322646
33.366084
33.441706
33.610438
33.732870
33.609901
33.632838
33.640809
33.485299
33.336472
33.223119
33.627135
33.579354
33.475219
33.385383
33.232319
33.164106
33.079840
32.978977
32.857076
32.866571
32.832240
32.977583
33.081526
33.054248
33.095975
33.049221
32.996257
33.001620
32.969743
33.048045
33.022259
33.001286
32.949155
32.920443
32.907932
33.103667
33.271868
33.194657
33.113487
33.040676
33.024310
32.986270
32.940051
32.920442
32.830584
32.826785
32.775585
32.699705
32.794139
32.837945
32.811723
32.794192
32.773243
32.701624
32.724445
33.009541
32.932580
33.045553
33.483686
33.499742
33.445231
33.578911
33.722783
34.024658
31.902628
30.544903
36.964726
40.068429
38.747577
36.287089
36.892523
35.718853
35.850045
35.231478
35.250006
36.024807
37.366471
36.977570
36.454771
36.317722
36.049558
36.348649
35.568654
35.653194
35.245974
34.957002
34.531968
34.663958
34.213763
33.895004
33.767630
33.372071
33.638624
33.499973
33.945613
33.709852
33.448951
33.119755
33.027451
32.732671
32.659126
32.529638
32.556001
32.370301
32.196306
32.229435
32.786377
32.931923
32.838241
32.880547
32.905032
33.081642
33.126775
33.443837
33.460236
33.263252
33.086859
33.263861
33.421138
33.363484
33.281182
33.434697
33.676668
34.113293
34.907841
34.915715
34.832946
34.765803
34.702890
34.854277
34.857612
34.764480
34.628811
34.689979
35.029820
35.235304
35.202672
35.074242
34.974813
34.822121
34.686285
34.614753
34.522604
34.400996
34.291092
34.160694
34.159047
34.218037
34.294195
34.201575
34.151251
34.167696
34.187750
34.170441
34.095709
33.999918
33.986294
33.979720
34.086426
34.208055
34.117992
34.115558
34.498065
34.400471
34.312166
34.211928
34.116897
34.077679
33.998011
33.944563
33.882455
33.974293
34.054257
33.994619
34.121608
34.049724
34.009626
33.951873
33.905770
33.908278
33.803216
33.779311
33.714732
33.867849
34.051398
34.073524
34.206542
34.234494
34.194934
34.153468
34.082464
34.036655
33.079082
31.783465
32.527578
32.111594
30.514869
29.893205
32.010955
31.007460
34.886006
34.852721
34.436789
33.589870
34.030862
34.043358
33.600300
33.199959
32.979848
33.293851
36.041090
39.732771
41.521618
40.831941
40.126538
39.627867
39.366317
39.467358
39.299092
39.215322
38.943169
38.583989
38.371099
37.952162
37.507315
37.151938
36.782648
36.398782
36.121602
35.819278
35.568233
37.444769
39.506104
41.092322
42.164859
43.156416
42.799504
42.406058
42.058012
41.735927
41.351542
41.332635
41.143624
40.979215
40.788495
40.460821
40.300199
40.746925
40.635755
40.555111
40.501105
40.481901
40.381888
40.257332
40.057638
39.846690
39.644164
39.393503
39.183317
38.985360
38.799170
38.827019
39.039569
38.911761
38.757452
38.601619
38.493023
38.453751
38.362686
38.453311
38.456754
38.784131
38.587954
38.550386
38.476621
38.373209
38.239960
38.470834
38.415872
38.391427
38.201563
38.144836
38.024055
37.878513
37.738740
37.622743
37.836034
37.968521
37.942155
37.872889
37.735666
37.629626
37.539855
37.373480
37.286776
37.186892
37.224398
37.112548
36.991611
36.879135
36.813660
36.723425
36.608375
36.555895
36.712916
36.819462
36.868295
36.948423
36.969257
36.868132
36.781208
36.913032
36.947550
36.895632
36.913125
36.908783
36.832762
36.892539
36.828346
36.775529
38.447992
70.967452
59.193827
59.355361
56.147173
51.756931
48.208063
45.836242
43.876360
43.386064
42.077077
41.699894
41.391400
40.532374
40.008507
39.707442
38.775218
39.745436
39.613606
40.592505
41.807544
41.921624
41.492530
40.858193
40.689228
40.669815
40.209384
39.948539
39.457707
39.072690
39.127880
39.809178
39.817447
39.789864
39.523732
39.258950
39.069412
39.146179
39.466821
39.409606
39.400198
39.309684
39.174289
39.321574
39.112017
38.788195
38.452390
38.577205
38.451964
38.288665
38.030716
38.264529
38.199193
37.953544
37.887896
37.803789
37.652749
37.569168
37.579880
37.450795
37.258757
37.210143
36.994792
36.931086
36.752449
36.603908
36.446249
36.402167
36.465382
36.478482
36.583181
36.470121
36.373883
36.288415
36.166948
36.146696
36.169168
36.025270
35.898814
35.960871
35.939889
35.810055
35.723878
35.751150
35.647569
35.607666
35.485720
35.435619
35.342303
35.624871
36.074539
36.133146
36.109332
36.020302
35.981583
35.970929
35.964387
36.008823
36.021551
36.064190
36.143829
36.023310
35.969661
35.858056
35.766783
35.727828
35.655168
35.590139
35.622011
35.568341
35.909767
36.388445
36.414978
36.315889
36.325474
36.207409
36.273316
36.305229
36.201709
36.147688
36.072025
35.974134
35.924991
35.980750
36.194629
36.119662
36.059527
36.058537
43.027117
39.803475
36.826131
34.343790
32.935589
32.003145
32.136886
32.330552
33.242661
32.597797
32.017723
31.929890
32.081848
32.322429
36.131133
37.210851
36.559872
36.074433
36.813198
38.460804
38.499576
37.886870
38.208169
38.179977
38.621969
38.262333
38.068018
39.016700
39.740963
39.770109
39.540828
39.170166
38.697810
38.459061
38.098320
38.778378
39.337525
39.737219
39.423077
39.363990
39.043892
38.826842
38.380615
38.095963
37.814707
37.956814
37.976815
37.860687
37.572965
37.429509
37.206249
37.165036
37.222779
37.201420
37.497072
37.292291
37.380483
37.211672
37.265124
37.108553
37.104170
36.966297
36.824091
36.771000
36.622450
36.692516
37.011283
37.019507
37.063136
37.174996
37.577316
38.044903
37.935598
37.828749
37.774910
37.614172
37.451263
37.299214
37.143078
37.112424
37.145807
37.131885
37.012093
37.020855
36.944030
36.798308
36.872890
36.858255
36.783085
36.916346
36.770046
36.640876
36.528238
36.400640
36.263997
36.278849
36.749187
37.123730
37.232604
37.624198
38.022199
37.920559
37.935029
37.870756
37.716444
37.594502
37.631691
37.580787
37.442429
37.566376
37.663810
37.721429
37.738376
37.678765
37.615027
37.715610
37.611895
37.498395
37.565273
37.565717
37.444675
37.442374
37.485364
37.391311
37.394393
37.315362
37.260213
37.183934
31.751317
29.819467
30.771781
32.586697
31.409554
31.784398
31.178840
31.299458
31.100238
31.721754
31.469455
30.761871
30.223436
29.983414
29.887068
30.019274
30.347178
30.474472
30.512015
30.221959
30.334487
30.432108
30.347576
30.151834
30.413537
30.202049
30.006706
30.305389
30.358816
30.273495
30.711169
30.742936
30.648138
31.600698
32.324891
32.164643
31.932853
31.908309
31.853164
31.741100
32.433285
33.348924
34.035904
34.046402
33.832808
33.866323
33.855648
33.642728
33.421729
33.231552
33.191276
33.184648
33.196039
33.055499
33.127378
33.091648
33.125576
33.106871
33.269844
33.279115
33.139989
33.024227
33.644445
34.715039
36.088749
36.876415
37.037667
37.082715
36.912149
36.740318
36.686652
36.721771
36.603790
36.491174
36.401273
36.350548
36.265128
36.261537
36.213682
36.407820
36.721923
36.634761
36.443064
36.420211
36.293956
36.309929
36.302965
36.209263
36.059451
36.302845
36.222979
36.198034
36.127843
36.066974
35.927736
35.823614
35.769427
35.712485
35.632167
35.544168
35.548004
35.495341
35.502999
35.478851
35.401074
35.284597
35.201147
35.131050
35.204858
35.276890
35.494175
35.399603
35.347064
35.328525
35.343719
35.287231
35.225520
35.201388
35.151188
35.234999
35.200779
35.115444
35.016860
34.940038
34.987029
34.965053
34.871401
34.770867
29.651249
30.319036
31.669254
32.507116
34.146239
37.194425
37.093198
35.400446
34.446521
33.686831
32.709348
32.948431
32.752371
32.326873
32.041784
31.573527
31.579349
31.491501
31.527463
31.531208
31.350361
31.093142
31.551089
31.565103
31.432361
31.271582
31.161441
31.117180
31.035889
31.160347
31.148054
31.137794
31.469318
31.315024
31.124360
31.080137
31.403580
