33.841069
37.732957
40.304423
38.334347
38.530011
39.018959
39.080159
41.713046
41.310250
40.655438
40.455003
41.042151
40.555585
40.453456
41.755752
41.283912
42.020395
41.784845
41.374512
40.762870
40.276744
40.445694
40.658267
40.281119
40.256491
39.859873
39.559443
39.916512
40.459819
40.322523
40.341258
40.195570
40.284084
40.274089
40.142384
40.067231
40.005168
40.242749
40.090750
39.873434
40.309702
40.547324
40.607120
40.845017
40.704543
40.585631
40.552729
40.495208
40.358528
40.256259
40.378689
40.285439
40.332280
40.478941
40.592740
40.484459
40.398836
40.261605
40.177726
40.028976
39.983205
40.366772
40.485910
40.429769
40.259380
40.188043
40.035638
40.017079
40.016802
39.963768
40.151808
40.181050
40.100233
40.272968
40.209949
40.119020
40.089196
40.033371
39.964318
39.970992
39.884395
39.992492
40.031483
39.967648
40.153073
40.097812
40.111556
40.106391
40.171886
40.708034
41.088967
41.113390
41.129525
41.084653
41.195917
41.331222
41.351510
41.353176
41.400046
41.319892
41.265445
41.223080
41.219850
41.210544
41.206084
41.268762
41.323904
41.345949
41.298912
41.426442
41.381561
41.405000
41.670142
42.196484
42.286239
42.409379
42.705938
42.904912
42.842779
42.763870
42.680688
42.617155
42.603703
42.594498
42.681848
42.813071
42.754931
42.635921
33.949832
39.096324
38.201168
38.087520
39.121248
38.925511
37.909045
39.492838
40.372466
39.734333
40.154917
39.571413
39.086058
38.563387
39.022822
39.374691
38.991794
38.698472
39.086782
38.832216
38.724693
38.625898
38.411747
38.343997
38.473634
38.813982
38.647763
38.620806
38.392383
38.220824
38.081234
37.899730
37.672093
37.519268
37.643652
38.004316
38.437184
38.527660
38.316587
38.316301
38.306073
38.156030
37.977327
38.144272
38.043245
38.874052
39.372675
39.482215
39.617920
39.616504
39.531793
40.099090
40.283062
40.870469
40.748584
40.967851
40.930629
40.750394
40.722504
40.639990
40.594154
40.466879
40.378600
40.297050
40.195788
40.118756
40.291517
40.385776
40.378912
40.314329
40.244393
40.200364
40.061011
40.142634
40.255356
40.334784
40.319530
40.326059
40.325462
40.357900
40.293268
40.393872
40.357293
40.321217
40.333689
40.601121
40.686357
40.767402
40.683144
40.663136
40.741828
40.786310
40.949118
40.862620
40.839043
40.853502
40.877609
40.810894
40.793320
40.717949
40.669543
40.637330
41.135201
41.153923
41.111043
41.055844
41.035958
41.016642
40.960329
40.957189
40.928507
40.880684
40.969375
41.245098
41.338252
41.257240
41.260987
41.179762
41.129471
41.265314
41.289361
41.261841
41.219933
41.152443
41.108722
41.035818
41.030678
40.922642
34.437844
32.637321
32.726032
33.218395
34.525618
35.013033
34.983671
35.695614
35.568098
35.484915
37.793018
38.745179
38.899443
39.965066
39.721302
39.420298
39.417413
38.874360
38.680527
39.781025
39.744932
39.627093
39.326091
39.417001
39.508030
39.556746
39.656034
39.723609
40.419992
40.638693
40.371790
40.443498
40.826915
41.178182
41.000479
41.037273
41.334032
40.986161
40.785109
40.671373
40.437519
40.248586
40.074683
40.129862
40.022719
40.440966
40.562498
40.627976
40.548703
40.583864
40.483172
40.204158
40.077428
40.002809
41.024948
42.566539
44.498919
45.556794
45.830603
45.729400
45.733554
45.981946
45.834844
45.577637
45.444473
45.252158
45.490813
45.402217
45.400759
45.675327
45.459924
45.381518
45.349281
45.172946
45.185381
45.004220
45.062922
45.052192
45.084555
45.237976
45.206963
45.198367
45.816974
46.080742
46.075181
46.104216
45.972531
45.844715
45.736383
45.617592
45.476588
45.607387
45.483731
45.473535
45.577603
45.485897
45.711210
45.743333
45.682469
45.657087
45.529253
45.433744
45.460282
45.361432
45.215383
45.133271
45.050759
44.908528
44.794808
44.733071
44.667671
44.536688
44.519998
44.472382
44.494030
44.440418
44.407034
44.460204
44.381778
44.290912
44.182877
44.121532
44.023011
43.919540
43.813736
43.792031
43.699939
43.525845
31.050756
44.790812
42.268380
44.094932
42.283256
41.070552
42.463605
41.904254
40.918213
39.983758
39.663063
39.278859
38.963564
39.286826
39.304824
39.045411
39.229931
39.635771
39.514436
39.216898
39.344844
39.730476
40.143569
41.283447
41.099191
42.181554
42.174822
41.911775
41.808059
42.424320
42.613992
42.694497
42.453157
42.453678
42.611129
42.374592
43.066983
43.115653
43.023595
42.843700
42.553216
42.907998
44.533045
44.645099
44.464113
44.445589
44.370446
44.115821
44.377477
45.289324
45.064546
45.082973
45.611270
45.339108
45.071853
45.221318
44.951402
44.771936
44.631006
44.655991
44.595284
44.808846
44.813622
44.973978
44.773448
44.740542
44.625241
44.515251
44.410127
44.277636
44.138502
44.195803
44.152621
44.076329
44.073706
44.040141
43.882962
44.001683
43.885513
43.885155
44.251758
44.280850
44.135773
44.117590
44.023062
43.900883
43.931540
43.783828
43.820891
43.736548
43.713851
43.634706
43.651094
43.774162
43.662562
43.627381
43.677995
43.740927
43.715028
43.701568
43.628389
43.716415
43.783993
43.836442
43.818574
43.734486
43.712831
43.663386
43.577016
43.469959
43.389813
43.337265
43.241905
43.248199
43.371466
43.690490
43.694742
43.692217
43.623626
43.572594
43.461259
43.362215
43.316861
43.213155
43.115408
43.069982
42.986350
42.880535
43.428610
43.399368
46.016440
42.746758
41.105509
39.373910
42.104495
44.153632
42.887885
43.885666
44.170784
44.518609
46.108036
45.221069
44.460656
44.390398
44.446582
44.036768
43.489279
43.013123
42.583391
42.047053
42.382652
42.999085
43.149736
43.043794
43.107191
42.907531
42.707424
42.688348
42.362513
42.025055
41.689861
41.447317
41.625550
41.958795
41.997546
41.748894
41.654079
41.689479
41.549457
41.328956
41.430280
41.449229
41.283816
42.455288
43.230629
42.984626
42.863139
42.807864
42.658827
42.624086
42.527126
42.795312
42.835409
42.669117
42.539306
42.462110
42.261588
42.161268
42.261107
42.615668
42.502513
42.633126
42.472515
42.357134
42.172771
41.970595
41.894489
41.882995
41.804841
42.059957
41.898060
41.755244
41.644566
41.504826
41.409285
41.451417
41.407715
41.272301
41.249221
41.204820
41.086605
41.029496
40.968486
41.010403
40.951275
40.903134
40.891661
40.874981
41.068638
41.082986
41.054596
41.258404
41.262364
41.279375
41.240343
41.150920
41.157458
41.248742
41.264303
41.277806
41.184149
41.260265
41.203260
41.128318
41.079190
40.977718
40.876309
40.889740
40.954311
40.868481
40.826514
40.768072
40.720764
40.770386
41.066728
41.544575
41.726291
41.754332
41.847785
41.812764
41.720482
41.742442
42.105070
42.175711
42.155432
42.289900
34.208103
35.792640
34.459110
34.969521
35.838568
37.833599
38.570961
40.034226
40.185827
39.545833
38.928330
38.086536
38.039949
38.168128
37.931988
37.462791
38.190401
38.758893
38.996814
39.049906
39.471801
39.685195
39.746765
40.031003
39.770296
39.823492
39.755378
39.445385
39.175918
39.216576
39.188307
39.215126
39.071696
39.213617
39.154942
39.240121
39.982727
39.903020
40.189847
40.296676
40.614556
40.786242
40.889774
41.013340
41.324445
41.259375
41.063271
40.912750
40.824435
40.875352
40.796489
40.656094
40.633260
40.728400
40.604256
40.687327
40.887165
40.942247
40.898278
40.762732
40.692173
40.668536
40.647304
41.197028
41.229961
41.296593
41.476749
41.609534
41.502532
41.513085
41.533886
41.361237
41.204158
41.087687
41.523551
41.462706
41.358328
41.264897
41.107671
41.046277
40.949391
40.850536
40.737153
40.757194
40.730709
40.891873
40.995417
40.977116
41.019433
40.970886
40.925492
40.932439
40.890466
40.987625
40.958268
40.934080
40.890708
40.858773
40.848037
41.045534
41.221842
41.141119
41.052785
40.981318
40.976602
40.930646
40.886726
40.866400
40.772122
40.771438
40.710893
40.645014
40.750719
40.793589
40.770382
40.754897
40.741154
40.663220
40.683881
40.969774
40.890921
41.004896
41.439195
41.453932
41.389384
41.537241
41.693052
41.972950
40.279096
38.907164
45.541631
48.549439
47.097810
44.650661
45.263624
44.024540
44.242770
43.541606
43.652919
44.439957
45.842508
45.363464
44.794530
44.612311
44.315753
44.567191
43.754148
43.825967
43.386563
43.080411
42.634412
42.759928
42.288965
41.952601
41.809612
41.417148
41.693942
41.525734
42.012717
41.761443
41.495597
41.151739
41.054221
40.714317
40.658065
40.513989
40.523131
40.314069
40.120066
40.152464
40.690150
40.841610
40.749065
40.782368
40.806871
40.957301
41.019217
41.325851
41.342810
41.130094
40.956280
41.149543
41.301409
41.240548
41.157256
41.312237
41.562569
42.011172
42.804110
42.817066
42.748794
42.686335
42.631403
42.780639
42.791645
42.701210
42.583139
42.649704
43.010183
43.216296
43.191461
43.062668
42.977162
42.818073
42.681153
42.599841
42.502017
42.379937
42.263318
42.120809
42.119412
42.182520
42.273431
42.162920
42.110467
42.139945
42.166523
42.157191
42.071817
41.963042
41.946630
41.945725
42.046368
42.171933
42.067301
42.066978
42.455727
42.357329
42.272244
42.162417
42.065095
42.022150
41.923116
41.873911
41.809930
41.909515
41.983909
41.920084
42.057576
41.985672
41.938874
41.879573
41.829701
41.835998
41.724947
41.709896
41.654329
41.818375
42.007731
42.043728
42.183116
42.209617
42.168990
42.133723
42.063514
42.009418
40.068257
39.475792
40.474141
39.986285
38.350433
37.716507
40.107536
38.922317
42.847228
42.903087
42.510687
41.686224
42.108655
42.099460
41.688381
41.305862
41.130253
41.410453
44.171069
47.838807
49.630405
48.901593
48.166368
47.633880
47.361707
47.540173
47.374958
47.311834
47.063837
46.734084
46.519796
46.103765
45.626564
45.235928
44.860540
44.444970
44.153237
43.830483
43.558777
45.494730
47.558133
49.164270
50.241714
51.238922
50.865657
50.474436
50.099026
49.771636
49.373366
49.355258
49.130726
48.995112
48.805891
48.469976
48.310167
48.753151
48.639545
48.571663
48.513193
48.497221
48.396633
48.286872
48.091673
47.881576
47.669782
47.420074
47.205690
47.012149
46.824862
46.866798
47.088861
46.956244
46.793009
46.606853
46.503205
46.482886
46.394563
46.489757
46.504415
46.830910
46.633486
46.585007
46.511805
46.394164
46.255046
46.488991
46.440318
46.417516
46.233715
46.179457
46.066527
45.907593
45.772805
45.656214
45.879370
46.007424
45.978697
45.914937
45.784124
45.684990
45.599038
45.434323
45.344919
45.237321
45.267196
45.162241
45.044211
44.929223
44.859967
44.764844
44.651482
44.602148
44.767612
44.873005
44.931539
45.018670
45.033434
44.932532
44.839244
44.985713
45.017269
44.967914
44.994214
44.997154
44.914532
44.970238
44.902661
44.841763
47.131713
79.715948
67.519897
67.698142
64.322043
60.080374
56.367140
53.952945
52.067497
51.501965
50.121292
49.734216
49.513083
48.694852
48.223579
47.830524
46.826122
47.871287
47.698893
48.744641
49.957575
50.037596
49.675684
49.027075
48.846192
48.846298
48.390297
48.082127
47.585953
47.196708
47.261252
47.948438
47.939278
47.943320
47.674336
47.391269
47.196568
47.262527
47.606474
47.514473
47.513545
47.418426
47.246756
47.398028
47.179950
46.857100
46.539686
46.659624
46.529927
46.350714
46.075939
46.284967
46.217202
45.974043
45.924657
45.816931
45.648448
45.568012
45.583694
45.461941
45.263242
45.224522
44.995875
44.929794
44.742901
44.586845
44.424344
44.377931
44.433690
44.446268
44.548692
44.441542
44.349210
44.265543
44.126224
44.103526
44.132988
43.991631
43.857654
43.930785
43.905416
43.784040
43.689185
43.715614
43.621517
43.602464
43.479207
43.437121
43.336985
43.641614
44.096640
44.153312
44.144007
44.066969
44.024224
44.007501
43.999473
44.043771
44.039179
44.084480
44.175490
44.060709
44.018500
43.914293
43.822580
43.779896
43.704929
43.635451
43.658178
43.591800
43.938324
44.418677
44.454070
44.350865
44.362666
44.238084
44.308394
44.342268
44.232164
44.174991
44.097273
43.997062
43.942048
44.003157
44.222939
44.147145
44.081860
44.055403
49.627513
46.634965
44.017042
41.638757
40.115397
39.440278
39.658065
40.013753
40.813018
40.300407
39.726966
39.601568
39.738250
40.092788
43.955061
44.962079
44.337919
43.812706
44.672356
46.366495
46.448115
45.787774
46.137973
46.092273
46.576034
46.210799
46.022998
47.022506
47.775174
47.824670
47.606842
47.230144
46.775517
46.553644
46.219169
46.948747
47.505760
47.951641
47.626984
47.547869
47.229702
47.030104
46.556966
46.280443
45.959187
46.124263
46.139147
46.023229
45.689464
45.537692
45.305072
45.271554
45.331270
45.313915
45.597413
45.390386
45.496738
45.316104
45.368207
45.203874
45.197212
45.063295
44.920568
44.861373
44.690101
44.772858
45.094424
45.095408
45.133307
45.247077
45.654975
46.133931
46.030858
45.926129
45.876798
45.691092
45.527664
45.359497
45.203785
45.176033
45.199932
45.177585
45.065579
45.081534
45.004163
44.865729
44.944263
44.919935
44.838154
44.977534
44.829599
44.699571
44.583401
44.458769
44.324384
44.345166
44.824451
45.203182
45.319934
45.714492
46.103345
45.996522
46.010983
45.952622
45.795572
45.678492
45.723350
45.662720
45.517184
45.652363
45.756364
45.817479
45.832142
45.768844
45.700914
45.797272
45.685243
45.563581
45.640969
45.633458
45.510630
45.508296
45.555267
45.463962
45.467291
45.389720
45.330852
45.244177
39.996275
37.354539
38.738867
40.588994
39.428760
39.770973
39.155560
39.487382
39.186626
39.796575
39.540066
38.747954
38.148224
37.900252
37.803903
37.943928
38.291439
38.416064
38.452668
38.143248
38.281373
38.384138
38.312616
38.128954
38.401442
38.146069
37.949872
38.210970
38.248336
38.180840
38.630545
38.663198
38.580410
39.571580
40.303962
40.119940
39.883964
39.851982
39.770303
39.657904
40.369504
41.265982
41.977297
41.975951
41.753834
41.791634
41.801007
41.601004
41.351024
41.170526
41.161820
41.172969
41.186699
41.031924
41.118533
41.077556
41.110529
41.098835
41.284241
41.300921
41.156501
41.048577
41.657624
42.733480
44.110811
44.915488
45.046305
45.108669
44.931942
44.757663
44.697733
44.729390
44.601360
44.489368
44.401525
44.355838
44.282264
44.276602
44.221264
44.420782
44.718400
44.615097
44.405956
44.388386
44.261582
44.275906
44.284572
44.188327
44.034938
44.289746
44.211624
44.193931
44.118866
44.063660
43.908278
43.794335
43.744613
43.676789
43.604769
43.510770
43.519256
43.463276
43.474853
43.447935
43.375344
43.255077
43.177449
43.114843
43.186054
43.247807
43.460228
43.365764
43.310906
43.287042
43.307680
43.249100
43.187353
43.169004
43.127824
43.213062
43.174519
43.089284
42.984324
42.900846
42.955659
42.935061
42.829619
42.720252
36.759859
37.698710
39.301081
40.431381
42.026670
45.192774
45.037885
43.275625
42.219889
41.431057
40.457006
40.769498
40.624340
40.204179
39.907874
39.371237
39.435853
39.376208
39.436915
39.448055
39.275257
39.001061
39.447623
39.503579
39.368539
39.213116
39.100657
39.036688
38.962695
39.113396
39.127345
39.124309
39.436613
39.284308
39.110575
39.093459
39.406371
