3.196651
3.302426
3.058136
3.081602
3.090439
3.336829
3.397804
3.565576
3.495252
3.460197
3.413419
3.498727
3.470097
3.391327
3.427501
3.386735
3.357887
3.336186
3.309621
3.254159
3.305780
3.355454
3.350830
3.332864
3.342060
3.352540
3.329716
3.305192
3.296769
3.315569
3.294343
3.271827
3.276525
3.257735
3.253065
3.232331
3.226866
3.249478
3.268891
3.280846
3.261782
3.251342
3.276612
3.264161
3.284901
3.270938
3.256037
3.247028
3.237420
3.228366
3.221507
3.206458
3.186089
3.177749
3.163087
3.163882
3.162243
3.169221
3.225202
3.206664
3.214021
3.209622
3.194960
3.189042
3.183183
3.175824
3.158453
3.156389
3.169473
3.188389
3.206462
3.197997
3.185614
3.184491
3.174947
3.164615
3.164945
3.178421
3.171352
3.162862
3.153039
3.150442
3.153159
3.156970
3.150386
3.158844
3.153973
3.159037
3.157832
3.169582
3.166995
3.164161
3.165451
3.174994
3.176872
3.170612
3.164114
3.165042
3.159354
3.159910
3.197193
3.207735
3.203612
3.201844
3.220348
3.225895
3.230524
3.223395
3.216825
3.209553
3.205257
3.213783
3.210499
3.223668
3.222209
3.221902
3.217840
3.216784
3.212534
3.220849
3.217334
3.206592
3.205699
3.200797
3.197741
3.202157
3.198729
3.195492
6.702947
5.264431
4.603295
4.596984
4.544543
4.192399
3.988209
3.850004
3.716744
3.639897
3.559827
3.465943
3.432704
3.452080
3.416553
3.398495
3.334860
3.459897
3.466246
3.415842
3.379311
3.365369
3.341331
3.309084
3.279373
3.356603
3.346013
3.333670
3.322337
3.376278
3.349211
3.357501
3.336627
3.303150
3.332625
3.320631
3.310226
3.274163
3.257150
3.233868
3.231607
3.191488
3.161774
3.173911
3.167521
3.154202
3.138790
3.149357
3.143395
3.155922
3.199293
3.206068
3.191617
3.208008
3.259426
3.248360
3.243285
3.231730
3.225472
3.221585
3.211506
3.199466
3.198237
3.217418
3.253623
3.247367
3.242859
3.236812
3.227444
3.219954
3.212692
3.210473
3.205668
3.201276
3.203974
3.204339
3.214921
3.208291
3.203522
3.197965
3.199161
3.194397
3.193694
3.189878
3.201409
3.210370
3.205415
3.201245
3.197956
3.204247
3.199332
3.194391
3.193683
3.204968
3.196569
3.198779
3.199328
3.207494
3.212632
3.213770
3.226695
3.226509
3.235041
3.234778
3.242276
3.237017
3.229451
3.224723
3.227580
3.226588
3.229815
3.229903
3.222869
3.230484
3.230271
3.228998
3.220589
3.219770
3.208333
3.212519
3.210517
3.214098
3.209791
3.207502
3.202775
3.204807
3.215166
3.208832
2.631340
3.142887
2.913321
3.013321
3.232423
3.167615
3.188600
3.379887
3.374915
3.341369
3.264317
3.178725
3.153947
3.158029
3.141851
3.116650
3.124877
3.092479
3.082097
3.132492
3.149773
3.113898
3.062792
3.071973
3.070332
3.043162
3.054637
3.051435
3.053609
3.114600
3.180915
3.174986
3.181522
3.167041
3.145625
3.129432
3.115789
3.098877
3.108025
3.097885
3.077413
3.081186
3.075261
3.064877
3.070607
3.058089
3.062717
3.074700
3.071325
3.090760
3.107143
3.084484
3.099083
3.109825
3.113561
3.161428
3.147855
3.141330
3.140115
3.129976
3.164611
3.157412
3.154927
3.142865
3.142290
3.146625
3.135054
3.124091
3.133453
3.160521
3.155864
3.167197
3.166319
3.158134
3.158342
3.147315
3.156471
3.150712
3.144766
3.141201
3.131061
3.123854
3.128628
3.148391
3.144381
3.143196
3.147686
3.160537
3.160523
3.153926
3.150347
3.141510
3.132866
3.132805
3.145663
3.137789
3.150523
3.142917
3.142373
3.147413
3.151940
3.145328
3.147853
3.148287
3.138004
3.142297
3.140620
3.143199
3.137268
3.152594
3.153175
3.146767
3.152842
3.160532
3.157732
3.163382
3.162645
3.159425
3.153712
3.152891
3.150210
3.150249
3.148280
3.152196
3.154260
3.157228
3.159415
3.155622
3.108337
2.892912
2.962563
3.037992
2.836427
2.999096
2.885569
2.889485
2.893027
2.847768
2.824503
2.818975
2.830013
2.841074
2.944082
3.008501
2.976228
3.063103
3.068543
3.036930
3.008261
2.982310
2.975871
2.987558
2.983474
3.003344
3.009390
2.998415
2.980056
2.996146
3.024528
3.001374
3.032702
3.053768
3.060405
3.046354
3.044752
3.065697
3.047536
3.049114
3.037354
3.023726
3.056106
3.039369
3.019884
3.008169
3.006446
3.018335
3.014712
3.004588
3.049149
3.078383
3.076932
3.072243
3.086488
3.086569
3.077088
3.064897
3.079597
3.077547
3.063527
3.062604
3.058245
3.064065
3.059537
3.061786
3.062102
3.094032
3.093799
3.116223
3.107448
3.122918
3.120925
3.112440
3.112102
3.102684
3.095794
3.094082
3.083907
3.093286
3.082914
3.102611
3.107334
3.109576
3.101074
3.097415
3.094719
3.092084
3.087215
3.085843
3.083330
3.079979
3.084572
3.077904
3.079170
3.081565
3.100587
3.108764
3.113010
3.137421
3.152676
3.155178
3.154464
3.155611
3.153188
3.148150
3.150279
3.161644
3.160632
3.157938
3.170611
3.181513
3.176555
3.183680
3.181138
3.176433
3.202083
3.199141
3.193198
3.191730
3.186651
3.199365
3.194371
3.195513
3.189018
3.189966
3.192431
3.187901
2.748430
3.075984
3.187969
3.087746
3.002493
3.000442
2.972597
2.948801
3.001444
3.023075
3.016280
3.222312
3.216109
3.200158
3.198511
3.270586
3.298313
3.268278
3.304438
3.282515
3.297835
3.285545
3.260618
3.266326
3.298358
3.298760
3.280223
3.267639
3.267720
3.290719
3.255856
3.264076
3.246110
3.244980
3.223418
3.227026
3.274035
3.236963
3.235679
3.232070
3.223361
3.260641
3.240540
3.219928
3.209427
3.240489
3.245850
3.260302
3.273120
3.250800
3.242869
3.220782
3.208059
3.202517
3.199427
3.189352
3.180500
3.168673
3.146861
3.143878
3.162447
3.149974
3.156945
3.160158
3.151103
3.137755
3.133772
3.125198
3.153191
3.142061
3.134586
3.127341
3.126855
3.112343
3.106027
3.104244
3.113131
3.120199
3.128122
3.127790
3.126327
3.119677
3.118991
3.135776
3.131404
3.143271
3.174750
3.184830
3.201556
3.218067
3.208750
3.206456
3.209448
3.207093
3.204249
3.195179
3.198675
3.196730
3.196723
3.192202
3.189145
3.203213
3.203238
3.196719
3.187198
3.182227
3.188752
3.187214
3.188421
3.188892
3.191563
3.190270
3.189822
3.186377
3.185517
3.213561
3.228289
3.223825
3.216511
3.216419
3.210869
3.208354
3.217332
3.217365
3.213836
3.223369
3.218289
3.217211
2.982703
2.648808
2.514167
2.540072
2.790737
2.911437
2.902834
2.980239
3.035286
3.014654
3.119728
3.076389
3.124255
3.160955
3.157231
3.097879
3.078069
3.044602
3.041411
3.091150
3.098270
3.091389
3.095548
3.073421
3.212689
3.191911
3.186438
3.174584
3.161978
3.138027
3.114739
3.111904
3.128037
3.122147
3.121905
3.136254
3.134969
3.115212
3.144091
3.206769
3.186165
3.204178
3.261221
3.254311
3.257914
3.263570
3.264022
3.245790
3.245090
3.234508
3.245807
3.235456
3.238167
3.226836
3.256304
3.255966
3.258963
3.245865
3.248961
3.227955
3.224062
3.214780
3.213031
3.198385
3.197704
3.185306
3.196003
3.212900
3.224406
3.219841
3.236721
3.229809
3.230327
3.262225
3.286869
3.268456
3.261243
3.264417
3.259263
3.271076
3.273708
3.265743
3.285339
3.294117
3.288858
3.306463
3.301117
3.298734
3.301571
3.293194
3.307282
3.300105
3.297465
3.311694
3.315487
3.321115
3.324227
3.317205
3.318001
3.315976
3.322696
3.325096
3.315728
3.318294
3.322852
3.318394
3.314100
3.313135
3.308161
3.308412
3.305295
3.301092
3.306367
3.310839
3.304732
3.298090
3.302990
3.292199
3.301262
3.299404
3.299892
3.300629
3.296507
3.295555
3.288753
3.300969
3.302903
3.305290
3.264133
3.218132
3.043159
3.272778
3.181717
3.258929
3.209910
3.227779
3.252991
3.342119
3.425194
3.483450
3.447908
3.378054
3.404313
3.363696
3.308434
3.260445
3.293022
3.281347
3.261332
3.229285
3.230075
3.206199
3.201571
3.203032
3.176556
3.224413
3.211418
3.196717
3.176542
3.177813
3.179441
3.157454
3.144488
3.161257
3.156355
3.142108
3.139109
3.142463
3.164866
3.167120
3.148037
3.135026
3.114033
3.108964
3.105255
3.089675
3.096316
3.083427
3.077065
3.093908
3.103001
3.131832
3.126140
3.121430
3.099656
3.089144
3.085327
3.098233
3.115969
3.119486
3.121735
3.124045
3.122215
3.116355
3.113827
3.132718
3.130204
3.123958
3.127768
3.143286
3.140998
3.164206
3.176898
3.174780
3.168129
3.169540
3.161879
3.162330
3.170667
3.154711
3.166840
3.157921
3.161212
3.148262
3.154108
3.164475
3.172140
3.171009
3.162100
3.167668
3.171016
3.174648
3.170475
3.175187
3.165234
3.166118
3.164090
3.163164
3.158855
3.159141
3.155533
3.157478
3.155823
3.153735
3.159303
3.158383
3.153446
3.146120
3.153205
3.144621
3.140148
3.137574
3.138539
3.141358
3.142022
3.147355
3.179929
3.187491
3.180712
3.194587
3.222167
3.215867
3.222795
3.242049
3.239308
3.232897
2.220114
2.787482
2.726649
2.824746
3.206884
3.133559
3.228264
3.126523
3.091260
3.039497
3.158422
3.243351
3.201466
3.219858
3.212106
3.232023
3.265021
3.264465
3.229366
3.234589
3.202762
3.166979
3.207575
3.221849
3.200287
3.287783
3.268308
3.295366
3.291044
3.371334
3.358224
3.349179
3.323264
3.297421
3.277269
3.261481
3.261062
3.240955
3.232714
3.236589
3.234767
3.226169
3.250551
3.239846
3.264675
3.250081
3.253046
3.263498
3.260260
3.259594
3.253418
3.280692
3.275893
3.281604
3.310171
3.294874
3.285818
3.303286
3.284442
3.268889
3.276669
3.287130
3.281593
3.274264
3.268086
3.258533
3.260848
3.262481
3.252652
3.273063
3.267383
3.269751
3.262196
3.245730
3.249223
3.247092
3.242375
3.266410
3.298216
3.302795
3.305671
3.295582
3.287030
3.284043
3.278779
3.271026
3.271818
3.275444
3.270636
3.276517
3.276406
3.263711
3.260376
3.269961
3.271234
3.273288
3.268789
3.266091
3.285662
3.278308
3.274781
3.273415
3.280335
3.278047
3.270374
3.267909
3.264830
3.262123
3.259489
3.259893
3.257367
3.260321
3.285164
3.282684
3.283525
3.283741
3.275588
3.283857
3.276289
3.288275
3.286745
3.287175
3.287876
3.317991
3.316727
3.324068
3.315975
3.311845
4.903070
4.666662
3.886430
3.700169
3.567828
3.597666
3.556060
3.502615
3.450643
3.423851
3.396373
3.662429
3.642934
3.624316
3.594674
3.558824
3.500657
3.486605
3.543878
3.540465
3.501097
3.479035
3.440447
3.515095
3.483145
3.500982
3.492120
3.454309
3.440908
3.433105
3.418153
3.420355
3.507809
3.514507
3.482215
3.466874
3.489725
3.478655
3.493834
3.471201
3.454537
3.442365
3.416957
3.409283
3.384092
3.373970
3.363605
3.340517
3.323664
3.302448
3.284103
3.281850
3.270259
3.326355
3.327276
3.306544
3.281038
3.270452
3.264785
3.259273
3.257045
3.258347
3.252312
3.251107
3.248972
3.250344
3.241005
3.224276
3.232461
3.234781
3.225996
3.248449
3.259148
3.265243
3.259517
3.252801
3.263003
3.271811
3.268258
3.266662
3.260698
3.255130
3.249354
3.245511
3.286194
3.297877
3.292798
3.287098
3.273464
3.278724
3.284803
3.284737
3.334915
3.334847
3.341109
3.328939
3.320841
3.325397
3.315997
3.306271
3.314908
3.313323
3.342945
3.335799
3.333996
3.331497
3.323932
3.312159
3.306634
3.304465
3.314704
3.309109
3.321795
3.317613
3.309375
3.299128
3.293693
3.290591
3.282182
3.284495
3.282757
3.277682
3.271658
3.269939
3.282345
3.282909
3.274158
3.272503
1.955447
2.205870
2.489245
2.639805
2.642529
2.712097
2.770662
2.878577
2.870762
2.913793
2.978914
2.991898
2.942707
2.975050
3.189327
3.125131
3.086815
3.050801
3.091527
3.073507
3.100676
3.068943
3.071233
3.046188
3.052999
3.056781
3.047429
3.071380
3.064128
3.115173
3.111199
3.108354
3.171466
3.174422
3.193412
3.211941
3.227848
3.223872
3.230128
3.210948
3.210366
3.246359
3.213634
3.215876
3.222863
3.255283
3.244376
3.260886
3.238881
3.255891
3.333691
3.330771
3.307172
3.315188
3.304432
3.332176
3.329415
3.315673
3.298325
3.292170
3.281639
3.283844
3.277112
3.262869
3.250113
3.267454
3.268820
3.261067
3.242293
3.249771
3.240614
3.259527
3.270825
3.261294
3.255755
3.237799
3.230578
3.229902
3.224334
3.228345
3.218646
3.217536
3.213142
3.215091
3.205457
3.200687
3.214931
3.220787
3.216708
3.242555
3.238758
3.240035
3.234829
3.236549
3.239501
3.236242
3.238096
3.253454
3.259469
3.261913
3.256382
3.249047
3.253540
3.259244
3.261751
3.262689
3.261708
3.254833
3.260845
3.291969
3.287884
3.290435
3.286372
3.285552
3.287918
3.281414
3.277788
3.271559
3.276027
3.265522
3.257656
3.256611
3.255501
3.268970
3.268337
3.262224
3.259383
3.250196
3.028060
2.611568
2.710472
2.903206
2.838930
3.131691
3.226340
3.285575
3.231195
3.128436
3.070175
3.096019
3.113658
3.175082
3.132622
3.223609
3.224168
3.202164
3.179819
3.199971
3.243945
3.213397
3.170187
3.156434
3.221282
3.180319
3.162722
3.168689
3.161778
3.168056
3.162997
3.181629
3.231097
3.240226
3.251023
3.236373
3.221596
3.212818
3.188938
3.173894
3.165386
3.167210
3.175187
3.168127
3.196531
3.214730
3.211063
3.225815
3.222007
3.213939
3.251535
3.242587
3.242874
3.237219
3.230523
3.238095
3.239941
3.264871
3.269475
3.340608
3.323214
3.365244
3.381299
3.361738
3.349415
3.354797
3.338113
3.332658
3.323964
3.321120
3.321744
3.360696
3.354769
3.345718
3.348590
3.341164
3.333780
3.329515
3.315316
3.307552
3.300260
3.289958
3.293543
3.296795
3.313062
3.330407
3.338634
3.334827
3.323818
3.317736
3.310268
3.312378
3.306382
3.301034
3.295960
3.286494
3.290314
3.283554
3.295997
3.285865
3.288742
3.285062
3.286927
3.302865
3.335722
3.329916
3.333544
3.335595
3.339047
3.333051
3.325339
3.320294
3.320373
3.317282
3.320220
3.316023
3.314484
3.306021
3.313281
3.313270
3.327592
3.319614
3.311290
3.306630
3.303067
3.298702
3.292928
3.286327
3.444589
3.950141
3.753188
3.622738
3.400550
3.332959
3.276017
3.189211
3.085082
3.105008
3.095941
3.085892
3.075028
3.056622
3.020231
2.986100
3.058803
3.030538
3.026966
3.006545
3.006964
3.017126
3.027677
3.061357
3.126480
3.106120
3.095014
3.085178
3.129367
3.190576
3.187609
3.209855
3.193835
3.178734
3.206100
3.196196
3.168493
