5.621320
4.848515
5.009963
4.802790
4.699588
4.864714
4.913553
4.993892
4.981958
4.917537
4.912769
4.944298
4.965427
4.991266
5.055701
5.065730
5.216297
5.246429
5.172771
5.124127
5.092009
5.065937
5.008611
4.932975
4.997827
4.956961
4.962478
5.017428
5.010326
4.987508
4.945953
4.944884
4.968152
4.988800
5.021486
5.006959
4.991277
5.021338
5.032293
5.032055
5.083245
5.086237
5.062895
5.063801
5.047148
5.034766
5.057008
5.087554
5.093404
5.137689
5.143829
5.166979
5.165008
5.228089
5.261041
5.244237
5.238237
5.212291
5.233621
5.218020
5.206524
5.223790
5.213105
5.205223
5.200926
5.214435
5.192042
5.193278
5.181598
5.183325
5.184157
5.191897
5.185405
5.183849
5.209941
5.197050
5.188811
5.179233
5.166993
5.166315
5.156323
5.157457
5.176587
5.172697
5.180554
5.172249
5.179753
5.168070
5.164353
5.164549
5.162117
5.162894
5.155595
5.144900
5.146034
5.148415
5.154309
5.193040
5.212052
5.214633
5.200091
5.192665
5.187248
5.174391
5.179843
5.177492
5.179038
5.188182
5.185426
5.179550
5.166503
5.169014
5.171923
5.174167
5.190994
5.221818
5.221289
5.217488
5.218770
5.215273
5.211264
5.215739
5.212014
5.220896
5.223289
5.222940
5.225342
5.223199
4.562598
6.363279
5.629453
5.563794
5.569586
5.539309
5.526004
5.852570
5.735782
5.550889
5.519448
5.439479
5.436740
5.367864
5.300328
5.240178
5.269269
5.219757
5.278226
5.246155
5.195291
5.144724
5.181089
5.197609
5.170321
5.147617
5.151373
5.135533
5.123339
5.137209
5.138365
5.136969
5.110480
5.117150
5.087622
5.073443
5.063806
5.038717
4.998819
5.023181
5.009352
5.031152
5.041257
5.042981
5.017079
5.083252
5.105664
5.086155
5.099524
5.116177
5.125748
5.151601
5.179351
5.178999
5.163290
5.146317
5.181058
5.171381
5.194794
5.187748
5.176068
5.206335
5.228576
5.219247
5.204458
5.197023
5.197511
5.210718
5.223860
5.212549
5.232731
5.232303
5.218959
5.221775
5.213655
5.213264
5.221782
5.217368
5.231480
5.222383
5.228933
5.228393
5.216089
5.215347
5.253124
5.300484
5.301773
5.284953
5.287316
5.295051
5.291009
5.285036
5.292681
5.289379
5.289698
5.291495
5.286314
5.268116
5.301767
5.299713
5.297265
5.289371
5.289621
5.312540
5.300317
5.301940
5.302504
5.299524
5.288040
5.285395
5.274018
5.275756
5.264898
5.262458
5.262591
5.254978
5.255472
5.254251
5.257080
5.255091
5.253789
5.260181
5.258097
5.256314
5.253036
5.253370
5.245274
5.234180
5.013578
4.447819
4.285373
4.315094
4.394826
4.655941
4.727859
4.755004
4.838275
4.850981
5.049347
5.038886
4.995289
4.992054
5.011774
5.101148
5.039238
5.078720
5.100209
5.103115
5.056045
5.025889
4.973395
4.972700
4.925475
4.980707
4.981875
5.044034
5.124961
5.100750
5.104533
5.114234
5.150821
5.147017
5.152827
5.133778
5.104416
5.089621
5.104466
5.147046
5.112174
5.121631
5.111840
5.083373
5.112098
5.129679
5.131244
5.135628
5.119940
5.102526
5.103084
5.075220
5.105821
5.078692
5.107792
5.185818
5.192071
5.221153
5.221701
5.214505
5.224375
5.221701
5.234631
5.207200
5.196871
5.175704
5.176650
5.171926
5.174990
5.157198
5.135893
5.135066
5.143528
5.124128
5.113563
5.141638
5.177929
5.184898
5.192468
5.195129
5.209487
5.221327
5.220897
5.230209
5.223707
5.213985
5.230807
5.216411
5.215646
5.206348
5.197053
5.224636
5.217673
5.212440
5.221961
5.214623
5.235590
5.227209
5.230371
5.224862
5.213891
5.205260
5.207520
5.202229
5.232640
5.217114
5.207297
5.205203
5.201460
5.214217
5.207160
5.193545
5.200675
5.195251
5.183185
5.179645
5.183769
5.182951
5.173099
5.181781
5.180487
5.174786
5.164478
5.156993
5.152224
5.149166
5.139237
5.128278
5.584846
5.103431
4.964292
4.769242
4.670558
5.265282
5.757593
5.691494
5.808052
5.707618
5.739894
5.664994
5.579940
5.537950
5.531521
5.459160
5.495637
5.479782
5.441924
5.388741
5.342088
5.291403
5.283053
5.437605
5.404335
5.373001
5.354207
5.341092
5.368296
5.387593
5.411865
5.475297
5.464780
5.481073
5.462498
5.446115
5.404243
5.374965
5.364219
5.349489
5.324662
5.397726
5.371108
5.380169
5.353329
5.336266
5.321912
5.336632
5.357193
5.356298
5.330472
5.340547
5.334275
5.325545
5.293449
5.302643
5.274752
5.300217
5.283874
5.277490
5.286323
5.297492
5.319064
5.341186
5.334314
5.337178
5.364140
5.344889
5.331532
5.312076
5.308283
5.336830
5.348968
5.334206
5.329026
5.328179
5.316424
5.315973
5.320206
5.369633
5.363325
5.349824
5.336658
5.353121
5.348041
5.341794
5.352822
5.349909
5.348784
5.340994
5.337616
5.321777
5.308192
5.308250
5.300399
5.333859
5.338191
5.332082
5.332059
5.330531
5.323066
5.331553
5.327857
5.334382
5.330426
5.342728
5.350744
5.354842
5.353025
5.338013
5.333290
5.336293
5.332937
5.338547
5.336224
5.349835
5.340223
5.331889
5.321084
5.324744
5.326270
5.329108
5.325841
5.319093
5.311603
5.303287
5.296605
5.290436
4.285277
4.509404
6.431443
6.133609
5.835294
5.613965
5.896550
5.740505
5.758133
5.799182
5.749653
5.614465
5.577877
5.540405
5.545435
5.526321
5.513214
5.479479
5.447728
5.473778
5.446679
5.405596
5.381263
5.366671
5.396588
5.481669
5.421223
5.394409
5.378181
5.379322
5.492094
5.440892
5.405583
5.429966
5.437378
5.441615
5.423498
5.414652
5.406265
5.389390
5.368602
5.355969
5.344767
5.347925
5.306306
5.288499
5.279275
5.263975
5.262128
5.290443
5.315883
5.288880
5.281994
5.263615
5.245973
5.237053
5.226441
5.237220
5.241163
5.234679
5.239443
5.234894
5.227566
5.225106
5.225947
5.232642
5.215227
5.191339
5.202468
5.210689
5.197115
5.218188
5.218859
5.213886
5.206274
5.187933
5.175760
5.170475
5.176268
5.172645
5.179378
5.175536
5.188870
5.188530
5.179934
5.181614
5.170755
5.166724
5.152450
5.160769
5.187338
5.189112
5.180777
5.187505
5.202314
5.198608
5.193705
5.185513
5.184748
5.198663
5.194114
5.204513
5.210534
5.207937
5.192697
5.188661
5.182604
5.172857
5.165551
5.160319
5.167513
5.176331
5.166556
5.158897
5.149140
5.157114
5.161351
5.154784
5.160589
5.173833
5.178824
5.176718
5.169199
5.194131
5.201543
5.201997
5.196856
5.268687
3.914923
4.264530
4.303401
4.528915
4.660821
4.920019
4.797415
4.837449
4.739812
4.713848
4.781813
4.756193
4.903911
4.889812
4.928719
4.919922
4.886409
4.908156
4.867136
4.875198
4.913926
4.882763
4.862075
4.843731
4.850108
4.912206
4.888351
4.853874
4.841462
4.926696
4.947656
4.934054
4.922584
4.956561
5.024911
5.067096
5.152852
5.170447
5.153337
5.176814
5.191663
5.199874
5.193459
5.230626
5.246267
5.246360
5.232776
5.221266
5.213601
5.189924
5.194074
5.164726
5.169540
5.170279
5.146967
5.121780
5.108267
5.092472
5.074661
5.103854
5.086672
5.097955
5.083994
5.070575
5.057288
5.112057
5.115106
5.110506
5.090436
5.090267
5.082163
5.079094
5.071842
5.068288
5.080687
5.075046
5.066424
5.065655
5.054186
5.053014
5.042593
5.032853
5.023853
5.019449
5.007698
5.021063
5.012319
5.011757
5.022637
5.028564
5.022333
5.024908
5.023180
5.018537
5.014374
5.013862
5.001885
4.999239
4.996989
5.005409
5.002179
5.012088
5.003099
5.018456
5.018096
5.028401
5.029974
5.028628
5.017495
5.007644
5.005621
4.993563
4.991223
4.997477
4.986012
4.983780
4.986487
4.977158
4.972896
4.964919
4.969836
4.991981
4.993804
4.991365
4.995477
4.996621
4.998047
4.995033
4.053737
4.216324
4.280562
4.467350
4.524419
4.351741
4.364845
4.406170
4.519420
4.502649
4.637479
4.629100
4.605579
4.595785
4.564627
4.612842
4.630450
4.842225
4.811801
4.860406
4.848569
4.811383
4.816969
4.840979
4.972903
4.952580
4.933561
4.891825
4.905272
4.941471
4.923481
4.937321
4.891266
4.895673
4.890407
4.882000
4.873668
4.869668
4.856795
4.847772
4.854159
4.888937
4.937022
4.925074
4.936195
4.930768
4.959698
4.972047
4.964585
4.959149
4.962842
4.950380
4.934823
4.933917
4.943214
4.926477
4.911621
4.938613
4.947334
4.959067
4.951359
4.933002
4.931993
4.935764
4.952378
4.992095
4.984487
4.981456
4.967836
4.987389
5.001626
5.036080
5.038891
5.035016
5.035335
5.031188
5.047772
5.047872
5.044208
5.036291
5.032607
5.017187
5.013017
5.011505
5.004870
5.013559
5.005685
5.004553
5.005802
5.016429
5.022723
5.034890
5.057417
5.064107
5.064732
5.082527
5.075743
5.070338
5.056748
5.046766
5.029365
5.053275
5.048620
5.051672
5.052352
5.047847
5.050682
5.065833
5.067281
5.057734
5.069539
5.068144
5.065152
5.051012
5.051037
5.052166
5.045743
5.052814
5.058235
5.060149
5.063017
5.062837
5.065809
5.074393
5.068698
5.064611
5.063093
5.052584
5.078094
5.079457
5.935120
6.392538
6.039187
6.100855
6.225322
6.135667
6.538146
6.284412
6.276030
6.148875
6.007153
5.997769
5.888107
5.860114
5.803818
5.905996
5.936203
5.891516
5.824596
5.758248
5.679476
5.662001
5.649367
5.579727
5.555067
5.547054
5.484598
5.451601
5.497839
5.474550
5.459326
5.427307
5.390260
5.371673
5.349559
5.313191
5.270041
5.287730
5.309919
5.335302
5.331769
5.307500
5.295936
5.293436
5.296266
5.321737
5.308579
5.313508
5.361760
5.341559
5.355144
5.336601
5.361303
5.347131
5.338232
5.322218
5.307558
5.315910
5.303289
5.315963
5.286970
5.282173
5.284423
5.272620
5.289952
5.264499
5.298073
5.308580
5.292542
5.316549
5.326166
5.331174
5.330361
5.321612
5.337984
5.335877
5.380441
5.391042
5.379574
5.400700
5.443872
5.450094
5.443475
5.448270
5.454992
5.447544
5.428418
5.422133
5.423010
5.411368
5.407532
5.394654
5.386352
5.378228
5.375304
5.374895
5.390915
5.381754
5.387099
5.383634
5.399257
5.388294
5.383798
5.383326
5.374663
5.378023
5.375118
5.383606
5.382275
5.379408
5.378423
5.377935
5.382725
5.392065
5.396987
5.386381
5.378506
5.378564
5.373681
5.376207
5.366277
5.359335
5.354042
5.356543
5.349152
5.340960
4.296746
4.889951
4.698478
5.140060
5.670281
5.439855
5.312873
5.298866
5.174914
5.243562
5.279046
5.453276
5.340408
5.286835
5.388417
5.309610
5.374161
5.334230
5.381733
5.372653
5.347223
5.436501
5.376742
5.307313
5.296831
5.301788
5.291446
5.282910
5.277023
5.301875
5.288097
5.290069
5.298967
5.292194
5.273049
5.251877
5.245150
5.224970
5.197965
5.253162
5.246904
5.278884
5.272915
5.298896
5.288928
5.273196
5.254047
5.291701
5.258855
5.240706
5.227253
5.219358
5.204658
5.206117
5.211411
5.193056
5.174797
5.169501
5.176677
5.183935
5.181959
5.176136
5.171845
5.159377
5.151776
5.138566
5.133549
5.134165
5.154898
5.144793
5.147901
5.140187
5.132621
5.138128
5.127527
5.117784
5.114583
5.118868
5.130372
5.171957
5.186423
5.177076
5.182787
5.181759
5.179171
5.179686
5.169787
5.173020
5.171488
5.171664
5.168081
5.179111
5.219215
5.221433
5.245707
5.236501
5.272308
5.288127
5.296546
5.292991
5.290129
5.277548
5.268339
5.266854
5.277667
5.295322
5.299491
5.302626
5.309353
5.303054
5.301233
5.320217
5.314902
5.312992
5.337067
5.327710
5.346897
5.330806
5.337462
5.339043
5.338383
5.325366
5.316028
5.313116
5.302298
5.297307
5.296988
5.307003
5.246943
5.148431
4.895943
4.827407
4.812136
5.135576
5.406828
5.467813
5.532777
5.361255
5.347287
5.458441
5.431704
5.357666
5.433661
5.357499
5.296753
5.247965
5.496682
5.541224
5.495200
5.502198
5.536647
5.483428
5.462125
5.415665
5.400057
5.460456
5.446998
5.415255
5.401448
5.399434
5.348869
5.338000
5.346438
5.327932
5.325855
5.323498
5.323366
5.298212
5.304216
5.284757
5.245335
5.261106
5.254562
5.282174
5.271439
5.319778
5.314428
5.325288
5.307221
5.311680
5.384630
5.367034
5.355903
5.348027
5.354935
5.336732
5.338471
5.334491
5.315149
5.292841
5.314367
5.291349
5.292911
5.271443
5.272339
5.263823
5.250514
5.247770
5.265759
5.264453
5.253010
5.249786
5.250964
5.269321
5.273152
5.260140
5.240655
5.245614
5.265195
5.264364
5.252541
5.247462
5.242838
5.243004
5.256016
5.254606
5.267264
5.262351
5.249011
5.239649
5.245278
5.228012
5.222336
5.220156
5.207343
5.220577
5.214282
5.267165
5.258187
5.263491
5.303583
5.292782
5.291089
5.273364
5.264973
5.286820
5.275828
5.278534
5.278558
5.298486
5.303529
5.301900
5.305012
5.334459
5.326928
5.330710
5.343453
5.345327
5.339229
5.327944
5.320897
5.310815
5.310683
5.308117
5.303846
5.293332
5.167249
5.891298
5.655322
5.253256
5.464340
5.417442
5.412448
5.183253
5.114265
5.098245
5.075927
5.005479
4.915845
4.878890
4.914310
4.884201
4.861201
4.791556
4.746495
4.733413
4.693711
4.688628
4.686797
4.670534
4.649139
4.654259
4.698156
4.732669
4.845884
4.846318
4.894573
4.885688
4.892308
4.883146
4.897307
4.881889
4.871609
4.872563
4.864859
4.852586
4.916262
4.945170
5.006464
5.024015
5.028370
5.048336
5.034698
5.025600
4.992688
4.988247
4.970455
5.013012
5.022261
5.012905
5.003049
4.997501
5.046790
5.067595
5.052488
5.079544
5.073084
5.072589
5.087357
5.086333
5.116196
5.117602
5.125747
5.118613
5.098917
5.078731
5.087663
5.084142
5.077525
5.067624
5.057962
5.106016
5.091978
5.087094
5.099855
5.136497
5.188228
5.177476
5.164442
5.162800
5.159207
5.184837
5.173480
5.170900
5.160082
5.159509
5.140852
5.146904
5.148295
5.148537
5.143145
5.138563
5.132850
5.141410
5.145529
5.146686
5.136679
5.142297
5.152699
5.150955
5.147437
5.134046
5.145022
5.169635
5.175621
5.227378
5.230569
5.231907
5.234591
5.243055
5.250953
5.243222
5.235531
5.233308
5.230991
5.237871
5.244813
5.232316
5.222781
5.209899
5.216721
5.211941
5.212389
5.199783
4.708427
4.673810
5.264872
5.689005
5.869696
6.083494
5.811044
5.640327
5.560533
5.437220
5.360474
5.294526
5.378172
5.290425
5.298589
5.273076
5.205825
5.201758
5.144071
5.119451
5.147979
5.075685
5.047455
4.997135
4.983842
4.960331
4.943292
4.913129
4.902039
4.980394
4.949358
4.941502
4.999713
5.011371
5.035411
5.028972
5.087261
