8.535651
14.938840
14.986036
16.547421
16.478789
16.509640
18.351468
19.318446
23.724516
24.980816
24.131378
24.361340
24.440122
23.388196
22.560508
21.685448
21.289868
20.934565
20.505551
21.278654
20.616114
20.161396
19.940976
19.637845
19.284926
19.386763
19.183772
19.012254
19.051112
18.712846
18.458028
18.170699
18.080136
18.208773
18.231049
18.094107
17.807197
17.680921
18.192810
18.710667
18.604968
18.388262
18.187951
18.549608
18.652701
18.460225
18.347557
18.388392
18.320986
18.673204
18.806569
18.869292
18.921891
18.767189
18.702325
18.738043
18.852413
19.061352
18.930996
18.948413
18.866795
18.753795
18.900854
18.854643
18.724851
18.651124
18.579728
18.525709
18.454246
18.309620
18.495822
18.773262
18.806851
18.908034
18.846278
18.743073
18.613268
18.559339
18.543979
18.418001
18.290970
18.237880
18.313573
18.352045
18.413649
18.468483
18.394871
18.281235
18.199961
18.106661
18.083349
18.014883
17.936740
17.947438
17.876800
17.792359
17.698463
17.620788
17.551237
17.567751
17.634117
17.602912
17.558923
17.666486
17.682711
17.617354
17.616294
17.531501
17.561453
17.555989
17.528716
17.496595
17.479427
17.592831
17.760084
17.937198
17.940102
17.878316
18.037134
18.435264
18.453785
18.392812
18.390305
18.451302
18.498842
18.770807
18.903817
18.854824
8.992712
11.548429
10.103170
10.154490
11.208057
14.968487
16.825786
19.282115
20.145472
19.303448
18.609782
18.022150
17.741502
17.526438
17.011452
16.810795
16.374222
15.995911
15.630114
15.775808
16.280009
16.024393
15.942273
16.306649
16.719561
18.075179
18.530608
18.450092
18.199254
17.834582
17.571960
17.617922
17.346834
17.050689
16.898031
17.032658
16.952460
16.926825
16.696072
16.507198
16.592591
16.513819
16.294865
16.156737
16.013086
15.907808
16.353508
16.272351
16.504497
17.097878
17.097479
17.016819
16.880311
16.745728
16.805722
16.700207
16.581511
16.453193
16.688474
16.874277
17.048966
16.934791
16.895590
17.004925
17.146003
17.101297
16.996755
16.921948
16.940972
17.057645
17.152917
17.171547
17.134737
17.021898
16.912070
16.944503
17.048360
16.934311
16.886099
16.937439
16.937468
17.019363
17.397391
17.816617
17.915356
18.044818
18.156543
18.452575
18.419091
18.381068
18.286132
18.331526
18.420551
18.610118
18.550603
18.539962
18.777495
19.209572
19.667834
19.679912
19.565905
19.484997
19.430240
19.425897
19.304908
19.201904
19.094020
19.000811
18.937130
18.848301
18.852404
18.803764
18.715847
18.640334
18.604920
18.660310
18.613756
18.566123
18.487400
18.438206
18.414531
18.497306
18.463285
18.443299
18.430396
18.536017
18.519659
18.433645
10.551617
10.958683
13.602092
16.493392
14.916848
13.987049
13.611858
14.111000
13.659834
13.697822
13.315349
13.085181
12.873300
12.913798
12.808108
12.845011
12.631740
12.375330
12.143151
12.080957
12.094713
12.289571
12.546266
12.644942
12.765749
12.868880
12.927159
13.386940
14.402442
16.248507
16.756376
17.047638
17.935731
18.428134
18.152069
17.905578
17.786007
17.514472
17.250383
17.033077
16.904309
16.777303
16.612704
16.568307
16.416171
16.375020
16.282372
16.161690
16.065566
15.928689
15.957213
15.771854
15.898553
16.507230
16.516961
16.658837
16.802196
17.110522
17.425029
17.348114
17.196888
17.316114
17.483922
17.352543
17.629235
17.537454
17.417430
17.362691
17.255978
17.284397
17.224731
17.122520
17.075873
16.929122
17.003130
16.944310
16.889260
16.904052
17.205921
17.262627
17.190894
17.169552
17.158161
17.082648
16.963089
16.977917
16.932491
17.087005
17.010934
16.963516
16.870028
16.840664
16.795131
16.717477
16.730970
16.670702
16.605530
16.584881
16.542983
16.508155
16.463340
16.376851
16.521180
16.611818
16.653049
16.564664
16.572688
16.495507
16.443389
16.413454
16.383307
16.342243
16.353689
16.282221
16.233539
16.303079
16.297930
16.300593
16.270548
16.224474
16.174997
16.250109
16.219714
16.194556
16.131151
16.060856
16.016344
16.128476
10.123943
16.374868
18.321362
17.709661
16.393622
16.766845
17.208104
18.963115
18.264774
17.315750
17.478021
16.999376
16.791917
16.410978
16.252817
15.735958
15.583889
17.288028
19.680923
20.490682
20.046358
19.725182
19.396378
19.216411
18.840300
18.511670
18.283552
18.775563
19.214529
20.088401
22.090629
24.209647
24.851964
24.889551
24.739770
24.646024
24.459641
24.104436
23.836172
23.464022
23.194238
22.859044
22.572664
22.309933
22.117938
21.912108
21.735867
21.551932
21.435308
21.273752
21.032392
20.824816
20.603289
20.410065
20.325869
20.210795
20.501552
20.373937
20.170304
20.125510
19.978011
19.849946
19.994487
20.532259
21.428846
22.114522
22.811454
23.171802
23.157882
23.104618
23.077871
23.228341
23.115284
22.935961
22.843963
22.868458
22.740171
22.566436
22.483180
22.443325
22.301012
22.181641
22.044481
22.025201
22.224445
22.130115
21.997180
21.865473
21.729026
21.577225
21.502183
21.444880
21.394992
21.340715
21.236048
21.124812
20.998167
20.876252
21.082787
21.175517
21.104656
20.974128
20.888235
20.811062
20.724973
20.648716
20.560092
20.503252
20.448968
20.379759
20.353066
20.417918
20.336696
20.392982
20.384319
20.300773
20.253333
20.268763
20.195118
20.090314
19.991391
19.892881
19.803732
19.829712
19.814635
19.734532
19.731159
19.627584
18.321696
26.134635
30.162492
29.125121
26.546958
23.961855
22.435800
21.322396
22.425747
22.174201
22.534088
21.277390
20.969791
20.831278
21.422808
20.742013
21.072619
23.359622
24.635381
24.203240
23.595435
22.935475
22.641687
22.862897
22.467247
22.356072
22.640859
22.445522
22.215254
23.096275
23.247073
22.908602
22.534627
22.322501
21.970412
22.056154
21.860713
21.576888
21.633054
21.589090
21.736401
21.409682
21.428428
21.759872
21.951826
22.117306
21.943462
21.672516
21.561388
21.548468
21.643065
21.534091
21.290575
21.120265
21.070471
20.857402
20.648772
20.478945
20.241792
20.064024
20.216389
20.181083
20.439797
20.362057
20.284429
20.155628
20.058456
19.873375
19.779774
19.818042
19.678254
19.576310
19.608359
19.562199
19.402149
19.275786
19.183113
19.061185
18.945099
18.838376
18.954444
19.012870
18.926361
18.827357
18.808245
18.831344
18.924324
18.879824
18.882485
18.952681
19.098914
19.061301
18.990854
18.986440
18.941646
18.962056
18.902706
18.791617
18.741565
18.798788
18.709099
18.689241
18.598139
18.524630
18.565944
18.563762
18.616722
18.543830
18.474070
18.476896
18.521861
18.594134
18.504752
18.491419
18.464466
18.575418
18.964823
19.121263
19.190819
19.453801
19.866382
20.647675
21.374859
21.974425
22.220733
22.500568
22.759845
22.770799
14.842682
13.415319
13.095167
12.405743
11.811500
11.807208
11.874017
11.397959
13.062079
13.744566
14.800742
14.803438
14.633979
14.203877
14.296836
14.011994
13.847226
15.717850
17.153092
17.634919
17.434822
17.310633
17.703760
17.794834
17.773893
17.835897
17.618334
17.315963
16.952226
16.918245
16.787830
16.574481
16.448408
16.472084
16.328982
16.704241
17.194458
17.064509
16.843528
16.886327
16.959510
16.995268
17.936070
18.992835
19.362572
19.209705
19.063686
18.888302
18.919524
18.713323
18.562041
18.431047
18.319235
18.232109
18.176169
18.189643
18.043746
17.917075
17.797048
17.731264
17.651224
18.019298
18.319359
18.235957
18.163064
18.015476
18.105348
18.269416
18.332503
18.253319
18.229337
18.115123
17.985570
17.887764
17.860536
17.920579
17.813370
17.723701
17.687922
17.582369
17.502717
17.472426
17.361263
17.328966
17.341312
17.284364
17.310676
17.297296
17.212488
17.165169
17.148440
17.135483
17.048161
16.968151
16.918176
16.892081
17.107152
17.269025
17.228145
17.158854
17.107819
17.049429
16.987627
17.008830
17.345278
17.730554
17.854423
17.885483
17.881482
17.833691
17.771623
17.737470
17.710810
17.675072
17.716946
17.781949
17.758270
17.679198
17.599763
17.559707
17.562618
17.505782
17.533276
17.621244
17.585168
17.553452
17.696850
17.835755
8.283633
10.227359
9.965981
10.718452
10.647494
10.393143
11.192206
11.038251
10.923403
10.727539
10.553578
10.486359
11.207538
11.391370
11.835144
12.390595
13.305058
13.733758
13.414509
13.653858
13.560827
13.288540
13.149034
13.089092
12.922862
12.877207
12.941075
12.805843
13.117077
13.985648
14.513202
15.204769
15.735091
15.564351
15.368175
15.233897
15.064572
14.886959
14.693858
14.557837
14.559705
14.525725
14.481991
15.174111
15.505080
15.723297
15.630524
15.715910
15.735773
16.011232
16.254762
16.360353
16.226743
16.276953
17.036298
18.096438
19.024122
19.804777
20.442081
20.799266
20.979128
21.084812
21.037115
21.035834
21.083765
21.042130
20.943518
20.791666
20.779765
20.937653
20.910003
20.750536
20.610356
20.530941
20.568084
20.550584
20.433908
20.320853
20.321505
20.279546
20.155316
19.985606
20.041753
19.954125
20.205928
20.471590
20.670825
20.731070
20.620248
20.544596
20.409508
20.286117
20.200543
20.155422
20.144470
20.061060
20.108834
19.993891
19.907870
19.866643
19.779137
19.700361
19.603382
19.533955
19.470174
19.382277
19.291455
19.207805
19.266060
19.347332
19.274558
19.257087
19.223066
19.271510
19.281306
19.208194
19.232680
19.199896
19.241484
19.230002
19.171885
19.124832
19.056731
19.079378
19.164960
19.119048
19.047178
19.025896
10.194518
10.022363
12.305531
13.779034
14.353147
13.748513
13.757248
13.995754
13.840172
15.117598
15.561145
15.088590
15.075214
16.285396
15.917834
15.724774
15.841023
16.167952
16.182967
16.056393
15.872978
15.593122
15.420654
15.408903
15.261678
15.197256
15.404887
15.624758
15.415958
15.320687
15.205350
15.092620
14.865119
14.648496
14.573267
14.507932
15.072491
16.092792
16.604510
16.588285
16.602768
17.129629
17.712398
17.517792
17.349886
17.191720
17.100941
16.954180
17.099033
17.341216
17.507900
17.487775
17.391780
17.246518
17.206504
17.196860
17.087167
16.970590
16.856052
16.779645
16.722903
16.715275
16.862069
16.727716
16.972113
16.914369
16.927338
16.849553
16.796750
16.709846
16.841050
16.759382
16.700423
16.652419
16.561764
16.469132
16.439263
16.428912
16.595689
16.976710
17.455051
17.631139
17.646170
17.558815
17.523391
17.531952
17.543171
17.470038
17.410821
17.352320
17.282409
17.297140
17.201592
17.181514
17.134437
17.181526
17.177242
17.272844
17.277140
17.245799
17.257083
17.199151
17.142267
17.073520
17.010757
16.951275
16.918447
17.025966
17.073459
17.132716
17.063326
17.052710
17.017360
16.984328
16.985526
16.987284
16.972848
17.054559
17.052144
17.004256
16.971351
16.921010
16.949073
17.040497
16.995887
16.985773
16.928460
17.058584
12.136338
17.474324
23.801603
20.600420
19.523708
19.954367
19.650453
18.558812
19.272896
18.746033
18.148631
17.803901
17.339519
17.272013
18.967416
19.650146
19.294634
19.147119
18.669780
18.505869
18.324932
18.063664
17.854180
17.519818
17.159571
18.232159
19.077912
18.842583
18.686526
18.451965
18.222273
18.009291
18.069927
18.729753
19.842037
20.987116
21.424217
21.167563
20.944361
20.914253
21.075943
20.777448
21.096507
21.036072
20.886112
20.628476
20.603198
20.871775
20.689268
20.495146
20.439423
20.268489
20.072911
20.036970
20.428410
20.719276
20.500327
20.373605
20.309723
20.281719
20.099402
19.945986
19.927514
19.724920
19.544965
19.469366
19.329886
19.416616
19.341347
19.201090
19.144790
19.053994
18.908260
18.835031
18.692555
18.617851
18.502058
18.386130
18.328606
18.279179
18.386394
18.280150
18.216976
18.101151
18.048294
17.978071
17.851782
17.756140
17.655926
17.585341
17.550480
17.533176
17.475517
17.410454
17.354676
17.288959
17.300457
17.220552
17.173604
17.112256
17.085054
17.048160
16.998710
17.083470
17.016920
16.975387
16.897065
16.820756
16.819730
17.188911
17.291288
17.325905
17.884064
18.861513
19.603133
20.265909
20.886088
21.564424
22.053610
22.263265
22.209922
22.165108
22.051807
21.973137
21.928864
21.830840
21.741260
21.744011
10.980006
15.342505
14.409842
14.020758
16.254587
18.733811
20.175597
20.265814
19.964168
19.924212
19.167374
18.874900
19.616883
18.875485
18.608002
18.910623
18.469051
18.420155
18.325223
18.783814
18.459844
18.122903
18.236786
18.416907
18.083795
18.005544
17.674240
17.418258
17.240185
17.147231
17.254053
17.662521
18.008157
17.891836
18.529971
18.427423
18.267059
18.271556
19.142773
19.715862
19.637053
19.536962
19.391568
19.218875
18.915082
18.685511
18.815268
18.829642
18.675616
18.493633
18.358080
18.298652
18.461285
18.944467
18.927436
18.885239
18.767136
18.661739
18.531222
18.433303
18.417501
18.318928
18.241773
18.225035
18.173314
18.176643
18.154502
17.994066
17.872978
18.019031
18.363927
18.622195
19.089215
19.232747
19.396046
19.284700
19.155641
19.397722
19.848558
19.804003
19.887397
19.831909
19.767258
19.643842
19.536794
19.539067
19.468249
19.647701
19.896281
19.829445
19.726950
19.713651
19.746972
19.666225
19.607028
19.727522
19.621902
19.615017
19.667607
19.678152
19.613652
19.756010
19.857119
19.917655
19.806924
19.759346
19.752725
19.753155
19.634092
19.572210
19.502238
19.486982
19.608507
19.792707
19.772736
19.845254
19.816290
19.757123
19.807756
19.771217
19.666592
19.630572
19.611618
19.749780
20.069074
20.190540
20.142762
20.054598
8.838551
10.512009
10.598640
10.470670
11.489283
12.376171
15.174703
14.518691
14.328161
14.149738
14.154125
13.687198
13.557055
13.298175
13.084001
12.737237
12.785950
13.400490
13.158297
12.931446
12.754491
12.578123
13.091588
14.304575
14.630204
14.740617
14.665576
15.019988
14.930255
14.705034
14.629126
14.644452
14.535300
14.499327
15.150709
15.253582
15.107615
14.974797
15.056202
15.039833
15.215383
15.102389
15.105036
15.237553
15.131754
15.052989
15.087079
15.046516
14.939714
14.912905
14.947055
15.619719
16.231113
16.158233
16.075079
16.082402
16.108773
16.818992
17.561081
18.258797
18.635674
18.480329
18.347487
18.291764
18.343630
18.619017
18.710799
18.680650
18.613391
18.479044
18.411974
18.293530
18.210059
18.264850
18.167578
18.163406
18.025493
18.019819
17.934991
17.865764
17.777692
17.703711
17.587168
17.525656
17.564588
17.493815
17.754917
17.735754
17.603518
17.534675
17.559381
17.551833
17.511966
17.521178
17.421984
17.333618
17.249992
17.427121
17.843831
17.998127
18.015395
18.066139
18.067061
18.143402
18.100087
18.016923
17.997341
18.005007
17.927098
17.845578
17.840705
17.898545
17.920213
17.865072
17.918406
18.173150
18.114333
18.027331
17.950230
17.878277
17.908317
17.856690
17.803290
17.776739
17.848049
17.810468
17.795303
17.730443
9.369316
11.061980
18.237324
20.659226
22.327463
24.531008
23.969000
22.271121
21.713131
20.683795
19.881367
19.761213
19.950651
19.577694
18.996999
18.291146
17.958709
17.992611
18.505975
18.618684
18.204641
18.619490
18.160631
18.145708
18.655125
18.493372
18.145615
18.006237
18.211667
18.223523
18.166839
18.176492
17.995471
18.150536
18.419098
18.551174
18.592125
