3.216050
6.878135
9.202584
7.528882
7.525347
7.820530
7.989522
10.378837
9.972503
9.491542
9.298809
9.794819
9.362585
9.278705
10.441187
10.066968
10.744068
10.572677
10.201484
9.750349
9.338964
9.444270
9.576118
9.291575
9.270808
8.958875
8.696023
9.002149
9.511437
9.390817
9.395423
9.249339
9.294279
9.286948
9.155705
9.082939
9.019685
9.209093
9.059094
8.900101
9.288571
9.486484
9.524481
9.739956
9.604962
9.500413
9.452405
9.379943
9.249348
9.150105
9.251738
9.149854
9.207472
9.327409
9.421279
9.317789
9.246644
9.140440
9.061274
8.939292
8.900667
9.256044
9.356593
9.307975
9.174416
9.099082
8.981946
8.948746
8.937414
8.895647
9.066091
9.090937
9.026035
9.179258
9.119274
9.035236
9.002501
8.950985
8.880846
8.885885
8.803138
8.906153
8.941123
8.875433
9.042089
9.002054
9.005819
9.018590
9.072854
9.586270
9.949010
9.970111
9.978668
9.936177
10.034442
10.153165
10.180088
10.178165
10.214363
10.144192
10.094960
10.065600
10.061000
10.055534
10.039623
10.086116
10.123817
10.149777
10.102068
10.219760
10.177770
10.198225
10.446877
10.958677
11.036053
11.147233
11.426812
11.615360
11.547013
11.484750
11.413144
11.356915
11.331304
11.321453
11.404132
11.523945
11.476603
11.392094
3.522955
7.787164
7.140787
7.043621
7.968985
7.733173
6.932403
8.315104
9.135290
8.501054
8.842000
8.301105
7.944827
7.513284
7.903629
8.244268
7.941721
7.666821
8.031358
7.833794
7.739107
7.641832
7.432798
7.369909
7.533240
7.838979
7.663837
7.638036
7.459172
7.328767
7.205023
7.073706
6.890324
6.755524
6.880881
7.219836
7.608924
7.682445
7.518217
7.510415
7.478697
7.365773
7.267440
7.423866
7.340322
8.123126
8.592514
8.671822
8.797616
8.780936
8.740211
9.259919
9.419176
9.979043
9.860450
10.040643
9.984635
9.838812
9.797231
9.719170
9.667502
9.551059
9.459100
9.376334
9.288545
9.201908
9.344542
9.427252
9.402235
9.341608
9.282830
9.237782
9.124558
9.192610
9.289898
9.352128
9.323828
9.330894
9.314924
9.335032
9.274107
9.361855
9.315522
9.285019
9.282826
9.524489
9.604247
9.676888
9.600484
9.570200
9.638348
9.674246
9.817291
9.742286
9.718854
9.729202
9.746797
9.681191
9.667313
9.600657
9.558168
9.526591
10.003219
10.027430
9.986919
9.942967
9.917482
9.898998
9.845071
9.848756
9.806016
9.758884
9.841559
10.102665
10.178886
10.111988
10.106769
10.036220
9.995727
10.124295
10.141541
10.113824
10.070992
10.008089
9.968104
9.902340
9.897344
9.849191
3.442441
2.241232
2.686335
2.904110
3.967844
4.388797
4.278683
4.744249
4.629361
4.531464
6.715166
7.594117
7.779060
8.748480
8.596564
8.286412
8.294716
7.880295
7.697758
8.711641
8.613735
8.479297
8.227954
8.268651
8.373237
8.371616
8.468795
8.514798
9.168300
9.347110
9.116391
9.163937
9.526683
9.861069
9.731938
9.773931
10.069905
9.813601
9.639479
9.534469
9.358301
9.197309
9.052957
9.102217
9.021748
9.407639
9.511552
9.547260
9.480675
9.522240
9.424331
9.239908
9.124592
9.059224
10.041978
11.545705
13.449411
14.480458
14.738514
14.617718
14.605643
14.836272
14.683464
14.456067
14.318656
14.144694
14.352918
14.282447
14.252398
14.507294
14.343873
14.251635
14.211566
14.051329
14.066061
13.904615
13.947548
13.922152
13.945158
14.079032
14.039194
14.018879
14.618410
14.860385
14.840129
14.857675
14.729590
14.612414
14.501993
14.399693
14.261733
14.372992
14.257056
14.249714
14.334546
14.243040
14.453050
14.483723
14.420466
14.391560
14.275897
14.185696
14.201981
14.101722
13.975440
13.899948
13.823788
13.703732
13.601189
13.531958
13.470458
13.354600
13.335906
13.298670
13.312492
13.254104
13.229361
13.276453
13.203695
13.128093
13.032609
12.975757
12.885418
12.794912
12.708381
12.682436
12.611471
12.510885
1.691071
13.689432
10.931266
12.389491
10.656031
9.694675
10.970755
10.458408
9.656282
8.860891
8.525941
8.139693
7.877929
8.189223
8.184480
7.954717
8.136103
8.464840
8.295746
8.035879
8.166384
8.521904
8.923395
10.008954
9.827740
10.840637
10.816805
10.576427
10.458853
11.046951
11.174262
11.255043
11.039454
11.005521
11.137936
10.922342
11.570374
11.651184
11.538117
11.344743
11.111807
11.421701
13.025707
13.136316
13.014043
12.993997
12.905492
12.692334
12.961513
13.843775
13.641428
13.667159
14.165596
13.941526
13.699596
13.824821
13.606397
13.433008
13.292489
13.299807
13.220212
13.408279
13.394761
13.533998
13.347024
13.327254
13.210578
13.108875
13.001091
12.898214
12.768960
12.806142
12.767850
12.694517
12.694461
12.657153
12.527445
12.640332
12.542067
12.533811
12.880010
12.888793
12.780341
12.754087
12.666068
12.564081
12.583759
12.461605
12.492073
12.405516
12.376191
12.301898
12.315906
12.441980
12.351395
12.302880
12.340012
12.391763
12.354269
12.337736
12.267453
12.352251
12.403252
12.446006
12.420761
12.340892
12.320822
12.276905
12.194603
12.102959
12.028674
11.982582
11.903133
11.900050
12.007440
12.313553
12.318046
12.312456
12.244576
12.203617
12.108358
12.024029
11.971142
11.883051
11.804689
11.759978
11.685970
11.639597
12.651829
12.405708
14.432998
11.446331
10.051589
8.610428
11.064147
12.955007
11.785499
12.648298
12.946726
13.298701
14.855803
14.006987
13.371227
13.269178
13.347636
12.928857
12.418363
11.975737
11.571211
11.107661
11.378005
11.913873
12.032412
11.887499
11.925570
11.743154
11.526586
11.511847
11.234872
10.923871
10.649899
10.421336
10.587839
10.862345
10.883359
10.672219
10.562270
10.606506
10.461822
10.297476
10.364365
10.352600
10.183056
11.316873
12.056587
11.848953
11.729751
11.662293
11.512022
11.466051
11.372732
11.637323
11.673634
11.496655
11.375813
11.304502
11.132328
11.030578
11.112492
11.435782
11.322219
11.439045
11.302005
11.187841
11.029717
10.870442
10.792984
10.764405
10.698075
10.929759
10.797722
10.682365
10.584043
10.460248
10.376063
10.404350
10.362960
10.252208
10.221762
10.176961
10.082079
10.029348
9.981762
10.016008
9.967172
9.920084
9.895787
9.868646
10.044171
10.054935
10.017860
10.203783
10.212226
10.215505
10.185122
10.115387
10.111952
10.206582
10.217853
10.227684
10.144540
10.204171
10.158429
10.085866
10.040563
9.958335
9.869890
9.870960
9.922478
9.852906
9.810130
9.755582
9.703865
9.748641
10.027035
10.488717
10.655547
10.695010
10.783538
10.741788
10.663900
10.681932
11.026916
11.094206
11.067956
11.222794
4.169511
5.729238
4.650853
4.916149
5.285453
6.877551
7.633515
9.100268
9.151198
8.627834
8.059332
7.389707
7.331825
7.467756
7.302487
6.888728
7.488388
7.941219
8.092551
8.103212
8.449460
8.634535
8.690995
8.965251
8.771609
8.760946
8.695266
8.450251
8.209272
8.223628
8.231193
8.247838
8.138593
8.228801
8.172030
8.218664
8.919386
8.848901
9.090782
9.163363
9.456539
9.591476
9.683423
9.768676
10.058177
9.979181
9.805088
9.687655
9.601318
9.626355
9.567033
9.477821
9.443008
9.531898
9.407311
9.500494
9.673168
9.698991
9.649370
9.542789
9.475449
9.446783
9.430549
9.956069
9.990364
10.052487
10.206881
10.323686
10.230600
10.243242
10.260238
10.129100
9.996306
9.894481
10.309066
10.248670
10.139577
10.063878
9.938033
9.874684
9.786359
9.691879
9.596394
9.597810
9.573227
9.717370
9.812164
9.798827
9.829893
9.778470
9.741585
9.743379
9.706284
9.787170
9.758840
9.730906
9.689905
9.656098
9.646472
9.824571
9.987075
9.910556
9.838295
9.768547
9.757881
9.715201
9.675194
9.648997
9.564679
9.563941
9.503596
9.449164
9.542353
9.569350
9.547791
9.543455
9.536535
9.479888
9.496642
9.771559
9.712910
9.818279
10.240380
10.250165
10.192386
10.329460
10.474046
10.779916
9.131838
8.022959
14.006475
16.797365
15.469878
13.433416
13.811921
12.648453
12.784701
12.202009
12.314279
13.038829
14.310760
13.777025
13.283887
13.065036
12.795515
12.989358
12.348841
12.400287
11.982588
11.675465
11.292931
11.412708
11.001932
10.675573
10.541051
10.192001
10.475441
10.304636
10.755081
10.539815
10.287765
10.020715
9.926201
9.639637
9.584723
9.445832
9.495691
9.317156
9.152734
9.161630
9.675211
9.781421
9.696374
9.712496
9.748100
9.869076
9.928556
10.200216
10.212008
10.044144
9.897514
10.059301
10.175245
10.110735
10.014232
10.154331
10.370094
10.793784
11.555694
11.565537
11.491485
11.448055
11.381433
11.507884
11.504711
11.422161
11.316341
11.361173
11.694894
11.885735
11.843511
11.736675
11.651553
11.517241
11.394486
11.310712
11.230750
11.109645
11.010223
10.885658
10.880030
10.930002
11.002210
10.909767
10.856434
10.877376
10.897192
10.884890
10.815610
10.729758
10.698601
10.689742
10.783805
10.889232
10.797566
10.790900
11.166506
11.083003
11.004350
10.915672
10.843508
10.802297
10.724160
10.670467
10.609178
10.694690
10.758153
10.689028
10.814690
10.750360
10.698864
10.646025
10.588706
10.599057
10.508829
10.488454
10.440683
10.590954
10.767909
10.793844
10.917789
10.942171
10.896566
10.867842
10.805153
10.779899
7.821192
7.133077
8.189366
8.037873
6.751263
6.310025
8.558200
7.668080
11.412940
11.496101
11.084558
10.375889
10.784355
10.759323
10.364249
9.985273
9.821189
10.106806
12.791899
16.390587
18.113215
17.461606
16.798469
16.278448
16.007123
16.157743
15.975660
15.891309
15.614206
15.281063
15.077500
14.700126
14.308546
13.952599
13.627875
13.285839
13.011254
12.732532
12.513297
14.401317
16.426875
17.989572
19.016161
19.982914
19.654147
19.268574
18.919575
18.617790
18.263738
18.215057
17.992611
17.850127
17.650805
17.334806
17.170964
17.582579
17.466146
17.379472
17.290354
17.287477
17.186285
17.068480
16.886372
16.680044
16.495085
16.273381
16.076201
15.889615
15.706691
15.745090
15.950422
15.820474
15.664784
15.486749
15.373622
15.339836
15.238979
15.313973
15.323470
15.632699
15.454424
15.394246
15.316851
15.211984
15.071757
15.283845
15.227001
15.189515
15.037729
14.975405
14.872512
14.730302
14.596723
14.480300
14.690990
14.812440
14.762833
14.698333
14.572140
14.471059
14.382803
14.237234
14.150466
14.052774
14.077617
13.973753
13.859062
13.752594
13.681984
13.594667
13.496124
13.453891
13.606381
13.703654
13.752530
13.825191
13.826917
13.735644
13.653267
13.783904
13.808516
13.750502
13.772526
13.767798
13.699720
13.747836
13.687105
13.665977
15.307424
47.483518
35.826841
35.709891
32.258585
28.227420
24.771657
22.437337
20.542438
19.983091
18.700779
18.329846
18.035336
17.284673
16.830942
16.434838
15.528132
16.452693
16.317141
17.268588
18.421744
18.475311
18.057501
17.481752
17.295939
17.251958
16.847138
16.583705
16.114185
15.737520
15.754647
16.399752
16.405320
16.377142
16.105262
15.829733
15.639170
15.668968
15.981618
15.871394
15.867338
15.770005
15.610739
15.733151
15.534217
15.217968
14.933769
15.045398
14.934883
14.762277
14.515908
14.698858
14.634922
14.415152
14.345864
14.254242
14.105149
14.034214
14.032413
13.904999
13.725691
13.679396
13.477725
13.433182
13.274596
13.146762
13.013985
12.966345
13.011374
13.024855
13.110599
13.014773
12.937731
12.845283
12.721921
12.681660
12.704584
12.574162
12.453546
12.510303
12.473440
12.379034
12.298492
12.309179
12.223984
12.201737
12.093041
12.054254
11.954090
12.248023
12.685896
12.735287
12.729291
12.660376
12.618886
12.606962
12.599523
12.647472
12.637257
12.661128
12.750848
12.647507
12.605624
12.510935
12.422052
12.374392
12.300893
12.238901
12.261658
12.201703
12.536415
13.001532
13.030978
12.947722
12.951302
12.846025
12.913319
12.947596
12.849678
12.794296
12.715790
12.629974
12.581758
12.632198
12.850367
12.776778
12.712838
12.738679
17.839087
15.026979
12.635171
10.248329
9.030733
8.424035
8.701221
8.908401
9.552345
9.126954
8.598151
8.448346
8.544391
8.859662
12.602231
13.600442
13.021523
12.558571
13.359875
14.976718
15.010754
14.400574
14.691917
14.611260
15.058705
14.729884
14.523553
15.471013
16.174495
16.207783
16.000280
15.640220
15.235121
15.022773
14.691683
15.370500
15.896024
16.301019
16.000581
15.930505
15.620809
15.402666
15.041998
14.788090
14.496244
14.629452
14.639978
14.529371
14.259131
14.116779
13.901945
13.855275
13.888534
13.861693
14.112244
13.946161
14.035998
13.877342
13.928992
13.770279
13.755257
13.623513
13.487843
13.424352
13.271242
13.342395
13.639103
13.649851
13.683884
13.778764
14.170365
14.624148
14.522267
14.423738
14.375918
14.217571
14.069958
13.916735
13.772866
13.741504
13.763879
13.733998
13.629053
13.641588
13.565730
13.439024
13.512597
13.494385
13.431968
13.556463
13.432897
13.311273
13.212340
13.101103
12.982574
13.005604
13.471743
13.832740
13.934106
14.323706
14.703161
14.593531
14.596630
14.540685
14.411011
14.303981
14.332842
14.273160
14.153104
14.277998
14.374666
14.427569
14.432071
14.362444
14.299697
14.382099
14.282052
14.171940
14.244215
14.244668
14.134354
14.127439
14.169838
14.078186
14.080958
14.005705
13.942250
13.891258
8.744490
6.398566
7.213510
8.882423
7.754521
8.287973
7.690652
8.078820
7.904628
8.443365
8.183293
7.574108
7.156446
6.957519
6.846335
6.934288
7.271718
7.338604
7.361589
7.130633
7.233614
7.293870
7.241386
7.088585
7.373201
7.168159
6.985430
7.222297
7.221815
7.145120
7.534873
7.567720
7.480791
8.429380
9.121367
8.958412
8.778858
8.763780
8.678177
8.562177
9.249649
10.114682
10.794367
10.801507
10.609202
10.627712
10.610508
10.437411
10.242287
10.071400
10.042939
10.037329
10.026871
9.889494
9.956028
9.902535
9.932615
9.909195
10.066313
10.080364
9.957447
9.879175
10.454789
11.504196
12.851845
13.634346
13.736782
13.791107
13.632568
13.474419
13.414173
13.428301
13.314556
13.209733
13.125087
13.071563
12.988006
12.984322
12.918095
13.101224
13.376665
13.291456
13.123944
13.102171
12.977679
12.980781
12.979839
12.892085
12.756994
12.997737
12.927151
12.911099
12.826055
12.784097
12.657898
12.547132
12.502019
12.431699
12.352185
12.270938
12.273161
12.211893
12.215540
12.186323
12.110871
12.008827
11.941297
11.883703
11.942905
11.991648
12.195422
12.112788
12.064093
12.034166
12.047596
11.988069
11.936464
11.913516
11.869504
11.941646
11.905171
11.828830
11.739503
11.671308
11.719012
11.700943
11.610918
11.537858
6.258224
6.736200
7.798617
8.737275
10.429250
13.356659
13.225033
11.784064
10.772700
10.117697
9.306538
9.607052
9.429112
9.081009
8.745574
8.313798
8.385293
8.344905
8.388312
8.431063
8.254681
7.984466
8.447568
8.472901
8.381622
8.203836
8.102807
8.046515
7.983150
8.078560
8.096185
8.052601
8.348514
8.175685
8.024015
7.995214
8.287822
