-0.880566
0.159436
0.091748
0.230837
0.135547
0.182135
0.155679
0.172831
0.294971
0.285688
0.301933
0.348255
0.329144
0.333027
0.320912
0.348225
0.334091
0.326437
0.337548
0.332362
0.316117
0.280227
0.283716
0.258904
0.222413
0.209804
0.204468
0.186841
0.194458
0.186821
0.188876
0.169286
0.185799
0.187253
0.174167
0.181021
0.191382
0.171445
0.171619
0.175283
0.185275
0.197602
0.206548
0.198533
0.205444
0.209830
0.226835
0.237555
0.222721
0.221685
0.214311
0.214107
0.206255
0.209967
0.215700
0.223316
0.216265
0.229341
0.230555
0.224050
0.217196
0.220167
0.239463
0.234997
0.240553
0.241274
0.237791
0.242954
0.245914
0.236846
0.242648
0.241686
0.239513
0.232618
0.223091
0.233969
0.229572
0.225409
0.227688
0.230238
0.217372
0.223570
0.236347
0.242826
0.251746
0.246419
0.242497
0.241612
0.239569
0.239541
0.236735
0.237901
0.237258
0.233495
0.238542
0.237423
0.246592
0.243692
0.242533
0.240920
0.240436
0.230030
0.225773
0.218079
0.221822
0.229064
0.225650
0.226287
0.232405
0.224272
0.228029
0.228354
0.227818
0.228511
0.224630
0.226486
0.234248
0.234766
0.236957
0.236063
0.241455
0.241635
0.237932
0.237490
0.238129
0.241050
0.239800
0.238154
0.205506
0.139868
0.287091
0.070282
0.068949
0.118132
0.128187
0.092346
0.076721
0.114594
0.188633
0.242124
0.228946
0.211169
0.211957
0.194721
0.182453
0.182809
0.214314
0.215353
0.234754
0.248835
0.234175
0.236495
0.196678
0.224968
0.242215
0.227935
0.224324
0.226197
0.208593
0.212501
0.209880
0.209883
0.217750
0.229719
0.225298
0.238023
0.236560
0.241762
0.252673
0.251166
0.235038
0.229140
0.214732
0.216910
0.200465
0.213573
0.204534
0.208250
0.218044
0.215270
0.211720
0.226478
0.223836
0.219305
0.209501
0.197304
0.194471
0.190624
0.194147
0.194440
0.197409
0.202288
0.200283
0.201427
0.199595
0.192552
0.193161
0.192334
0.189489
0.179885
0.178410
0.191509
0.196678
0.197018
0.203010
0.197291
0.194603
0.189328
0.182173
0.182610
0.176547
0.181153
0.184452
0.177209
0.175755
0.177187
0.179752
0.179260
0.182059
0.187487
0.189185
0.188859
0.189746
0.186416
0.192571
0.194953
0.201991
0.209717
0.205118
0.201009
0.195208
0.201552
0.202158
0.197475
0.191880
0.186295
0.189154
0.193235
0.193602
0.186308
0.194053
0.197739
0.193982
0.196647
0.201276
0.198106
0.196894
0.194887
0.195859
0.191116
0.191124
0.178205
0.176806
0.180704
0.178962
0.175136
0.048498
0.053384
0.078512
0.121878
0.166920
0.121149
0.101325
0.047868
0.134043
0.173426
0.082501
0.109976
0.094245
0.091838
0.095455
0.100747
0.070864
0.028738
0.065776
0.086163
0.111586
0.123872
0.121960
0.124123
0.105788
0.104733
0.089437
0.125112
0.128134
0.119652
0.118484
0.117998
0.114758
0.126921
0.106134
0.112671
0.105473
0.105255
0.111479
0.109041
0.107368
0.128736
0.140077
0.154190
0.152507
0.163226
0.168293
0.166979
0.165054
0.158819
0.153133
0.146313
0.145939
0.144091
0.146196
0.161959
0.167300
0.157907
0.160691
0.160665
0.155250
0.149142
0.138898
0.131315
0.125766
0.119387
0.125014
0.131240
0.130287
0.136271
0.140262
0.132518
0.139886
0.143196
0.139205
0.139037
0.146166
0.151150
0.156959
0.163062
0.173445
0.179900
0.181876
0.182841
0.185388
0.186552
0.190228
0.186666
0.187058
0.186482
0.184279
0.175037
0.184636
0.182673
0.181370
0.188449
0.185374
0.180431
0.180668
0.180487
0.177871
0.178980
0.177536
0.180827
0.183410
0.177790
0.172067
0.168804
0.173694
0.178607
0.179273
0.176869
0.176762
0.179474
0.182306
0.184715
0.187935
0.191709
0.193393
0.196219
0.197548
0.196693
0.199013
0.196510
0.195059
0.198712
0.197186
0.195166
-0.122886
0.216514
0.107397
0.374447
0.406824
0.552441
0.478251
0.447723
0.408276
0.418059
0.372071
0.315870
0.288015
0.251987
0.227725
0.198824
0.181875
0.135842
0.129049
0.124450
0.150484
0.135828
0.138720
0.108687
0.115210
0.128319
0.141590
0.124973
0.108835
0.132453
0.130720
0.135548
0.155397
0.159530
0.153483
0.148905
0.147620
0.146177
0.158959
0.146833
0.143964
0.136856
0.153036
0.136712
0.128603
0.118711
0.128063
0.129914
0.135612
0.143421
0.153771
0.162848
0.153617
0.153420
0.146447
0.149784
0.156113
0.159165
0.150324
0.155259
0.159539
0.166769
0.173049
0.172960
0.177914
0.178295
0.175230
0.170090
0.180531
0.175455
0.181636
0.189811
0.195494
0.187154
0.190002
0.196870
0.181644
0.187514
0.185766
0.179455
0.186070
0.184044
0.182945
0.191289
0.189334
0.182951
0.184996
0.178888
0.177922
0.183898
0.180787
0.172958
0.173122
0.176092
0.178002
0.167702
0.166218
0.175230
0.175124
0.174703
0.170160
0.173915
0.182222
0.191978
0.186292
0.193452
0.192165
0.191370
0.192518
0.191816
0.188978
0.190179
0.192350
0.191075
0.196723
0.195255
0.198861
0.202979
0.199391
0.207820
0.205024
0.214051
0.218286
0.215325
0.215619
0.214175
0.216271
0.217551
0.068472
0.266484
0.264488
0.186361
0.130004
0.094221
0.131402
0.099274
0.070902
0.147392
0.175815
0.197102
0.215034
0.200934
0.182805
0.145965
0.112907
0.095482
0.148741
0.134330
0.131841
0.120354
0.124156
0.124364
0.104359
0.109184
0.124230
0.153325
0.168462
0.158432
0.132486
0.153631
0.155259
0.151061
0.135745
0.121894
0.123266
0.119924
0.143275
0.155714
0.158041
0.169278
0.193920
0.199598
0.203915
0.207785
0.212690
0.221107
0.215822
0.226191
0.224254
0.223810
0.225249
0.224224
0.228498
0.234457
0.238726
0.248761
0.255280
0.254317
0.255932
0.255057
0.240810
0.229309
0.231851
0.222734
0.209556
0.199263
0.205949
0.204777
0.208703
0.207415
0.210291
0.216203
0.216114
0.197801
0.197658
0.208824
0.203258
0.214758
0.219107
0.220686
0.214006
0.213761
0.214640
0.212480
0.206779
0.205179
0.206695
0.207380
0.207371
0.211292
0.210193
0.201633
0.201939
0.208035
0.210712
0.212621
0.216782
0.221056
0.214858
0.208922
0.211906
0.216052
0.216437
0.216280
0.206229
0.203934
0.206459
0.209302
0.207684
0.203368
0.199610
0.201263
0.201107
0.197229
0.193468
0.195575
0.192766
0.187369
0.182788
0.177974
0.172563
0.166484
0.160734
0.162486
0.165332
0.165680
-0.314218
-0.193923
-0.121603
-0.247122
0.100874
0.204619
0.220705
0.246528
0.231192
0.247799
0.270986
0.173336
0.188818
0.115791
0.166207
0.125880
0.116297
0.110006
0.140219
0.118255
0.151964
0.158625
0.184336
0.190294
0.189422
0.174638
0.179354
0.167965
0.174029
0.163077
0.183136
0.175633
0.196900
0.213469
0.231076
0.224826
0.207866
0.207627
0.208574
0.195986
0.195901
0.180716
0.189540
0.192233
0.190232
0.193698
0.183562
0.177125
0.179557
0.165236
0.159316
0.161904
0.155106
0.153188
0.145325
0.153972
0.153649
0.151859
0.137803
0.140259
0.141865
0.147044
0.139545
0.143898
0.136514
0.130148
0.128476
0.134890
0.139125
0.139357
0.151468
0.148789
0.151138
0.140292
0.151917
0.152817
0.149321
0.151110
0.151536
0.158048
0.147566
0.151985
0.157323
0.155267
0.163929
0.170047
0.167958
0.170081
0.169022
0.172310
0.174878
0.176293
0.166128
0.170198
0.167428
0.164562
0.170725
0.175719
0.176049
0.174532
0.180342
0.177386
0.175499
0.174370
0.176054
0.174695
0.177392
0.175029
0.173543
0.177114
0.179065
0.185421
0.182927
0.181743
0.183883
0.188478
0.191563
0.191337
0.185591
0.182523
0.186400
0.181027
0.177377
0.179480
0.173956
0.181708
0.187885
0.189513
0.015454
-0.008444
0.288066
0.161144
0.116917
0.081678
0.119245
0.044052
0.098128
0.064769
0.154532
0.128783
0.170493
0.108810
0.112481
0.124606
0.142813
0.145739
0.137802
0.166938
0.163064
0.160852
0.159561
0.162163
0.151115
0.135915
0.148345
0.170184
0.180345
0.156962
0.189801
0.193987
0.180753
0.177055
0.173199
0.163239
0.163246
0.153332
0.149006
0.121991
0.122453
0.125234
0.117254
0.122555
0.138214
0.120988
0.130272
0.125885
0.129105
0.129084
0.132967
0.128388
0.135250
0.130385
0.117378
0.110505
0.117719
0.128605
0.134290
0.136563
0.123640
0.121691
0.125779
0.129895
0.131705
0.137736
0.140786
0.143260
0.151566
0.157717
0.160584
0.157799
0.163618
0.160243
0.176735
0.177438
0.183842
0.181272
0.183975
0.185070
0.186103
0.185929
0.188628
0.193608
0.202455
0.199489
0.194022
0.202547
0.198452
0.202633
0.205176
0.197330
0.196552
0.198239
0.198648
0.195349
0.193354
0.194801
0.199195
0.202317
0.205096
0.203722
0.207108
0.199652
0.194550
0.197464
0.194142
0.202788
0.202594
0.203643
0.206351
0.210292
0.206860
0.207744
0.198215
0.203986
0.205178
0.206419
0.201790
0.203873
0.205193
0.209223
0.208735
0.211154
0.204823
0.204874
0.209244
0.206443
-0.593614
-0.205867
-0.136408
-0.067079
0.034544
0.071784
0.299634
0.255011
0.268818
0.349544
0.356836
0.346191
0.327840
0.298828
0.300134
0.295872
0.306237
0.245696
0.258485
0.223912
0.229629
0.223116
0.222336
0.218512
0.217576
0.238656
0.243951
0.263838
0.270529
0.276791
0.294449
0.297445
0.286517
0.270374
0.263103
0.245414
0.240214
0.238429
0.225670
0.246405
0.243018
0.260779
0.246921
0.247282
0.242201
0.256431
0.238326
0.238092
0.236230
0.234066
0.222120
0.235358
0.236778
0.242222
0.223993
0.217186
0.208860
0.207244
0.203968
0.205348
0.203976
0.211754
0.211442
0.207457
0.205574
0.210267
0.207648
0.207846
0.211713
0.218648
0.223553
0.221975
0.221800
0.216751
0.218874
0.230603
0.232935
0.235280
0.236334
0.238884
0.245658
0.236113
0.238678
0.235724
0.234091
0.236103
0.237763
0.236542
0.245372
0.245165
0.251177
0.241964
0.242567
0.237870
0.241458
0.237458
0.236856
0.241310
0.247345
0.253519
0.252576
0.254401
0.248365
0.249207
0.245944
0.248697
0.249943
0.247952
0.242915
0.242674
0.248428
0.256313
0.254822
0.255386
0.259466
0.265671
0.267164
0.263481
0.261846
0.268099
0.267392
0.265143
0.266779
0.265073
0.265277
0.260400
0.261897
0.261911
-0.209396
0.288850
0.436455
0.294366
0.226025
0.279971
0.255742
0.226694
0.218365
0.191033
0.179213
0.162203
0.168639
0.185820
0.197153
0.133044
0.119774
0.142257
0.129722
0.162462
0.166805
0.159321
0.186440
0.180715
0.223377
0.220364
0.239420
0.230065
0.231869
0.220546
0.212947
0.228037
0.213115
0.234728
0.224775
0.212681
0.220733
0.203300
0.205165
0.181421
0.193683
0.187298
0.180338
0.183639
0.185509
0.185123
0.197802
0.199916
0.197404
0.194255
0.202301
0.183953
0.185513
0.182471
0.186760
0.172735
0.170111
0.180104
0.192635
0.186983
0.178361
0.184267
0.189200
0.183580
0.175256
0.170944
0.170723
0.169141
0.158903
0.148725
0.139317
0.140801
0.142440
0.133754
0.125357
0.127804
0.132908
0.142674
0.142975
0.144070
0.146211
0.159013
0.156860
0.154176
0.165475
0.176081
0.174092
0.179574
0.175160
0.181057
0.187859
0.185023
0.190151
0.199591
0.200568
0.202372
0.203738
0.194108
0.189077
0.190068
0.188955
0.191099
0.189703
0.196320
0.197909
0.194809
0.197833
0.201789
0.196495
0.192925
0.189942
0.194426
0.196940
0.200955
0.208183
0.208229
0.207903
0.211735
0.212965
0.212014
0.209972
0.212189
0.215744
0.218472
0.220584
0.219216
0.219428
0.221150
-0.286063
-0.348114
-0.191280
-0.229805
-0.224159
-0.042768
0.009710
0.050609
0.011855
0.124149
0.129826
0.082075
0.100493
0.155472
0.172489
0.192248
0.221508
0.204233
0.274596
0.301566
0.296363
0.275888
0.290893
0.282197
0.296973
0.277656
0.272706
0.291385
0.285093
0.293474
0.302288
0.289702
0.292218
0.309796
0.337757
0.353865
0.354835
0.374688
0.365705
0.355332
0.352261
0.355272
0.363096
0.374544
0.351770
0.353103
0.354771
0.363295
0.351111
0.350476
0.334634
0.330162
0.331267
0.327083
0.307766
0.309594
0.315200
0.313472
0.316643
0.318853
0.316734
0.310020
0.313815
0.305725
0.295920
0.291069
0.288656
0.289330
0.284700
0.284597
0.293495
0.295441
0.292938
0.298703
0.296443
0.289937
0.293084
0.289236
0.289260
0.290413
0.285286
0.281210
0.283879
0.286518
0.293996
0.298472
0.291053
0.290484
0.285506
0.282457
0.288980
0.284810
0.284234
0.284250
0.288958
0.289310
0.292922
0.292827
0.295213
0.293965
0.290571
0.286721
0.287199
0.287815
0.290344
0.292826
0.290538
0.290289
0.287745
0.286438
0.289474
0.290591
0.289924
0.283768
0.288057
0.282221
0.278914
0.277266
0.278515
0.281107
0.279882
0.278140
0.275463
0.272790
0.270581
0.273463
0.272627
0.270239
0.018510
-0.016397
0.189224
0.099982
0.175767
0.159055
0.096111
0.176271
0.125846
0.166446
0.142172
0.118787
0.098434
0.106121
0.082954
0.086828
0.112934
0.107737
0.085512
0.083300
0.079609
0.080029
0.093878
0.094802
0.101213
0.095960
0.131497
0.130785
0.116645
0.134890
0.130990
0.127362
0.138267
0.149091
0.160726
0.155533
0.178430
0.189854
0.189535
0.188864
0.188055
0.178366
0.184069
0.195385
0.189062
0.183016
0.192782
0.203763
0.187870
0.201679
0.212819
0.223151
0.218359
0.216383
0.212447
0.207332
0.212532
0.212623
0.219941
0.224359
0.228956
0.233027
0.214141
0.215800
0.209692
0.220141
0.207393
0.216469
0.213261
0.212946
0.201675
0.191984
0.185397
0.185163
0.187260
0.191620
0.200687
0.201351
0.207793
0.211040
0.207959
0.202381
0.194183
0.195898
0.192078
0.185063
0.190556
0.190674
0.194417
0.199109
0.204941
0.211987
0.206336
0.206906
0.200565
0.195028
0.197185
0.191828
0.194963
0.198434
0.202632
0.199550
0.198864
0.197173
0.196474
0.196205
0.203227
0.205329
0.202977
0.191928
0.193869
0.197946
0.193990
0.192931
0.194388
0.194220
0.195151
0.199798
0.200408
0.195663
0.196501
0.198669
0.202070
0.198141
0.200242
0.201023
0.198178
0.198075
-0.411097
-0.201827
-0.018543
0.111962
0.134027
0.149225
0.100895
0.137327
0.109758
0.101714
0.115480
0.176427
0.187686
0.198954
0.211174
0.178470
0.206302
0.199921
0.186556
0.198482
0.192473
0.148216
0.142640
0.158405
0.129231
0.136940
0.135886
0.130614
0.146917
0.159659
0.172684
0.172056
0.181298
0.183303
0.196672
0.222094
0.225890
