1.462013
0.808103
0.843930
2.072536
1.710495
1.744629
1.617423
1.465369
1.373790
1.346666
1.292572
1.236035
1.170694
1.382366
1.318796
1.242319
1.229807
1.303863
1.228746
1.189076
1.141492
1.197814
1.152147
1.120195
1.116844
1.085104
1.094561
1.085913
1.059763
1.058853
1.087792
1.071523
1.187369
1.173297
1.153275
1.126001
1.102725
1.094427
1.074367
1.083446
1.105907
1.220061
1.247171
1.334161
1.308570
1.307583
1.286612
1.303226
1.296902
1.280786
1.290866
1.277305
1.256538
1.241140
1.232265
1.233858
1.279376
1.253806
1.255082
1.234151
1.220831
1.203381
1.184786
1.186593
1.182380
1.177609
1.169574
1.158356
1.134600
1.127624
1.131539
1.132807
1.157899
1.146733
1.143380
1.130658
1.116992
1.131007
1.142125
1.137962
1.185860
1.183607
1.176012
1.164354
1.170783
1.195963
1.236054
1.223361
1.250746
1.251648
1.248844
1.248999
1.234082
1.251889
1.259547
1.251079
1.259276
1.259166
1.239080
1.248505
1.249248
1.237447
1.243789
1.247974
1.293686
1.322728
1.337436
1.328654
1.325036
1.318209
1.332408
1.334249
1.336902
1.344850
1.333689
1.348280
1.415359
1.403141
1.398526
1.385733
1.377979
1.386281
1.388494
1.391824
1.378632
1.369712
1.368504
1.364693
0.852833
0.858187
0.507032
0.724172
1.322449
1.051998
1.016814
1.161712
1.075701
1.023981
0.949126
0.856957
0.976898
0.907884
0.911002
0.868723
0.844340
0.805273
1.185178
1.188415
1.132597
1.103963
1.061687
1.084355
2.311645
3.071956
2.978902
2.901326
2.804603
2.799486
2.730307
2.660539
2.583993
2.556362
2.513267
2.450191
2.437091
2.364335
2.320402
2.276233
2.224348
2.203174
2.180283
2.166971
2.131544
2.103232
2.075540
2.065148
2.064594
2.029267
2.114463
2.104698
2.075367
2.075071
2.038649
2.081347
2.100340
2.076803
2.152400
2.137798
2.123410
2.094153
2.068557
2.035555
2.009369
1.987246
1.969529
1.963972
1.937163
1.910556
1.937274
1.918028
1.896109
1.917470
1.916183
1.911343
1.895676
1.878202
1.876397
1.856047
1.856339
1.836132
1.828351
1.826753
1.822195
1.811470
1.793387
1.777624
1.773407
1.767711
1.757286
1.742239
1.725488
1.708773
1.690674
1.698214
1.686712
1.669237
1.658757
1.646772
1.647152
1.636767
1.633521
1.627943
1.625165
1.621554
1.611821
1.606887
1.589278
1.575973
1.561901
1.550920
1.549439
1.552283
1.560258
1.553401
1.548882
1.552206
1.549650
1.538645
1.537336
1.534073
1.523951
1.633671
1.651920
1.646354
1.650377
1.658655
-1.268552
-0.189859
0.116211
0.564060
1.195938
2.450205
2.087652
2.280690
2.395273
2.420434
3.364615
3.262300
2.994185
2.961674
2.775438
2.648458
2.487353
2.414869
2.266292
2.400532
2.441877
2.348376
2.268137
2.253150
2.192957
2.129265
2.061213
2.322019
2.607195
2.534144
2.486409
2.541896
2.493947
2.448782
2.448969
2.420965
2.498853
2.428031
2.386975
2.338285
2.286483
2.264964
2.246390
2.182601
2.215999
2.171892
2.169622
2.135663
2.126813
2.081528
2.053720
2.015623
2.081621
2.043229
2.060960
2.050636
2.023924
2.002875
1.980782
1.950016
1.934155
1.973543
1.959629
1.920827
1.904670
1.874145
1.842906
1.888605
1.861989
1.839529
1.833839
1.837395
1.817194
1.797680
1.783111
1.763748
1.741397
1.730401
1.736700
1.732390
1.749452
1.748528
1.732372
1.760644
1.752699
1.743987
1.728643
1.711111
1.699992
1.684911
1.669142
1.656410
1.645811
1.629763
1.638365
1.622242
1.711436
1.694195
1.695110
1.674948
1.673103
1.659071
1.648821
1.653886
1.641828
1.634703
1.621763
1.607415
1.599201
1.588770
1.593232
1.586157
1.592361
1.609167
1.612868
1.618900
1.604155
1.606202
1.603433
1.592474
1.578217
1.576840
1.596182
1.588271
1.575848
1.559381
1.550282
1.550355
3.778213
2.311073
2.558757
2.106795
1.718043
1.844093
1.669714
1.435095
1.384062
1.465689
1.466877
1.345832
1.305943
1.333423
1.246437
1.345958
2.050551
2.072221
1.993665
1.935535
1.827924
1.743676
1.842853
1.792300
1.729634
1.687038
1.639733
1.610087
1.558175
1.656121
1.665710
1.638300
1.595692
1.560326
1.578696
1.549014
1.523928
1.480737
1.445661
1.430035
1.427612
1.408514
1.391714
1.386126
1.389373
1.352368
1.378585
1.431830
1.588636
1.603213
1.567290
1.535136
1.570202
1.545611
1.531776
1.535171
1.523540
1.492774
1.553374
1.656571
1.635974
1.641194
1.644667
1.668894
1.653485
1.631315
1.602203
1.580909
1.578121
1.571256
1.554156
1.567175
1.619215
1.597095
1.609437
1.612750
1.590133
1.600138
1.592837
1.696231
1.688530
1.680077
1.675379
1.656767
1.681746
1.676809
1.661454
1.639302
1.631794
1.634922
1.619053
1.628631
1.618396
1.605420
1.598734
1.585091
1.567763
1.562068
1.546871
1.560257
1.554230
1.551739
1.545433
1.555218
1.540429
1.534322
1.550209
1.576195
1.568961
1.558002
1.548788
1.535424
1.633206
1.748594
1.777908
1.760465
1.762141
1.747263
1.740464
1.725637
1.711388
1.707351
1.726560
1.711335
1.716544
1.718540
1.712465
1.726119
1.099737
1.850979
2.083981
1.571949
1.597257
1.252811
1.243056
1.160413
1.033687
1.026797
0.994619
0.961807
0.926907
0.864885
0.889797
0.883708
1.010850
1.007518
1.220419
1.268159
1.299706
1.235768
1.246535
1.311767
1.291010
1.316304
1.262586
1.281122
1.412551
1.659300
1.672419
1.623676
1.569532
1.526364
1.480845
1.508089
1.468611
1.496850
1.486771
1.435285
1.419828
1.450764
1.427370
1.430411
1.436000
1.481071
1.476224
1.462030
1.430536
1.457561
1.425959
1.425680
1.416624
1.402964
1.411829
1.397406
1.392632
1.367727
1.371265
1.367321
1.353210
1.352509
1.348281
1.335783
1.311638
1.316114
1.336966
1.324386
1.304680
1.323482
1.309241
1.305333
1.303843
1.302839
1.284989
1.275643
1.279448
1.312409
1.309142
1.324172
1.375777
1.362017
1.358402
1.394172
1.429350
1.446112
1.444269
1.467401
1.452407
1.434562
1.444345
1.428810
1.437127
1.439869
1.435834
1.476793
1.467197
1.453841
1.449666
1.437270
1.447834
1.447937
1.452741
1.441971
1.439585
1.438836
1.453161
1.443734
1.457464
1.461497
1.454531
1.441325
1.433614
1.436330
1.422751
1.430288
1.414074
1.460634
1.458902
1.460065
1.446263
1.439199
1.434161
1.486745
1.501157
1.494584
1.489193
1.501323
-0.405784
-0.469718
0.221762
1.046822
1.572118
1.621058
1.604351
1.596454
1.438371
1.356501
1.324967
1.472880
1.386647
1.257614
1.182245
1.114226
1.123331
1.102606
1.081653
1.066906
1.027659
0.979005
0.963108
0.914042
0.915344
0.940879
0.926647
0.942708
0.912579
0.892982
0.874882
0.871692
0.859477
0.845489
0.817816
0.820237
0.828529
0.829013
0.945601
1.033457
1.028524
1.075716
1.076433
1.070471
1.045210
1.037310
1.031744
1.079457
1.085607
1.076748
1.092283
1.068835
1.084772
1.094267
1.079502
1.068252
1.067549
1.106416
1.090753
1.105164
1.083318
1.142919
1.152058
1.130985
1.117865
1.107233
1.096993
1.107540
1.094770
1.080880
1.071141
1.055552
1.050729
1.048694
1.040270
1.057006
1.036529
1.027793
1.020085
1.018525
1.007638
0.996297
0.990475
0.977443
0.979115
0.992932
1.008294
1.004504
1.020074
1.010429
1.003448
1.058120
1.050442
1.075796
1.065737
1.108324
1.105845
1.099789
1.089441
1.111905
1.105141
1.098290
1.087806
1.078001
1.108967
1.101104
1.097230
1.086798
1.082892
1.081891
1.072426
1.063886
1.059865
1.052479
1.050615
1.042197
1.035757
1.032640
1.038277
1.033155
1.026920
1.061141
1.106969
1.096636
1.128198
1.163256
1.162032
1.164347
0.382370
0.679927
0.471779
0.399586
0.336702
0.478734
0.383327
0.927631
0.862301
0.921088
1.171185
1.373777
1.223370
2.034857
2.063158
1.965803
1.862877
1.879654
1.787404
1.738356
1.712924
1.593096
1.651491
1.776004
1.683968
1.636583
1.594253
1.566661
1.499173
1.510463
1.568726
1.548990
1.487790
1.452293
1.434287
1.454607
1.425212
1.391204
1.359282
1.371695
1.432723
1.423039
1.401303
1.371807
1.382708
1.463836
1.574925
1.558895
1.556005
1.547812
1.542193
1.520818
1.523690
1.692087
1.676440
1.670832
1.638926
1.623711
1.631445
1.605920
1.580472
1.565177
1.634959
1.635750
1.671681
1.668625
1.635254
1.646855
1.621778
1.620732
1.608793
1.597494
1.572750
1.559326
1.551912
1.537880
1.559115
1.543233
1.535229
1.523001
1.504483
1.496852
1.486451
1.484840
1.495637
1.574053
1.721289
1.706662
1.709497
1.713579
1.710524
1.694117
1.680112
1.714452
1.701292
1.692649
1.674184
1.657410
1.653474
1.643204
1.644203
1.660691
1.650131
1.655778
1.734556
1.779520
1.772288
1.785983
1.785575
1.773013
1.775812
1.764080
1.763583
1.741207
1.734383
1.751058
1.750118
1.774420
1.777982
1.786026
1.772744
1.782505
1.770390
1.766677
1.764455
1.757105
1.760757
1.788754
-0.298666
0.021270
0.836071
0.749918
1.297677
1.176398
1.155788
1.074709
1.354028
1.244061
1.164708
1.119730
1.080607
1.051806
0.988032
0.981036
0.927997
0.866054
0.919010
1.273059
1.230861
1.197627
1.145365
1.173032
1.134684
1.151819
1.198198
1.193067
1.169171
1.267607
1.258273
1.257575
1.236011
1.197876
1.184352
1.207960
1.186834
1.211206
1.400965
1.486718
1.471541
1.474737
1.449582
1.416691
1.396910
1.359873
1.344280
1.353262
1.324089
1.306071
1.292694
1.266632
1.283001
1.262885
1.287303
1.280980
1.284752
1.272066
1.270310
1.298309
1.305446
1.295197
1.277882
1.262265
1.239017
1.238118
1.229408
1.237304
1.248056
1.268039
1.251375
1.305523
1.308159
1.294706
1.277234
1.271615
1.256872
1.239862
1.228540
1.237009
1.228062
1.239986
1.287854
1.277913
1.290336
1.288596
1.276558
1.265855
1.256565
1.276600
1.262742
1.258589
1.261798
1.246823
1.240524
1.220313
1.223000
1.216381
1.207045
1.196802
1.191648
1.177991
1.194749
1.192301
1.188105
1.188109
1.189653
1.181243
1.195106
1.206865
1.216133
1.221804
1.235911
1.261161
1.255850
1.253570
1.252308
1.247582
1.253797
1.285525
1.284060
1.274533
1.272605
1.272785
1.265987
1.268176
1.261106
1.260111
8.040828
4.324078
3.083245
3.578900
3.043916
2.528284
2.326659
2.038707
1.907178
1.737905
1.621278
1.607601
1.433703
1.374337
1.301530
1.239831
1.183898
1.374175
1.294478
1.368970
1.380519
1.439536
1.389149
1.399909
1.351443
1.312457
1.270533
1.267432
1.303610
1.284473
1.247843
1.329165
1.381475
1.363794
1.340796
1.304640
1.281038
1.324720
1.317202
1.309356
1.288569
1.341187
1.320448
1.321899
1.297357
1.296635
1.324302
1.371030
1.348423
1.355029
1.324890
1.336271
1.340241
1.334527
1.320907
1.299576
1.268852
1.258345
1.294361
1.279322
1.285222
1.270187
1.255278
1.240939
1.231177
1.222511
1.256920
1.269764
1.326867
1.328048
1.391083
1.387720
1.370525
1.367038
1.369729
1.353694
1.354165
1.336350
1.327849
1.339130
1.332829
1.337714
1.332065
1.314909
1.318352
1.353657
1.337562
1.324421
1.308648
1.320947
1.315961
1.318240
1.304216
1.293067
1.283806
1.276779
1.283277
1.283728
1.264174
1.258490
1.261580
1.262019
1.260387
1.252505
1.247284
1.236881
1.242592
1.244180
1.253002
1.237080
1.242087
1.227186
1.222101
1.221385
1.215818
1.211023
1.208502
1.212582
1.203921
1.235812
1.222545
1.218241
1.207126
1.197778
1.202194
1.199686
1.196060
1.209330
0.947932
1.029936
1.015784
1.439209
1.300682
1.175725
1.263118
1.318764
1.309829
1.225145
1.101618
1.339544
1.294492
1.727091
1.835154
1.737223
1.711095
1.790172
1.870155
1.924991
1.859294
1.813738
2.016728
2.012345
1.979137
1.914204
1.853026
1.813154
1.823876
1.901220
1.845080
2.073119
1.999804
1.948762
1.896885
1.923883
1.880983
1.917209
1.883981
1.845008
1.840600
1.864057
1.811364
1.828383
1.803144
1.816150
1.810236
1.783594
1.748087
1.712736
1.688527
1.710900
1.692653
1.696328
1.656432
1.690474
1.663166
1.643102
1.614637
1.590547
1.612375
1.606368
1.601062
1.571353
1.622810
1.749601
1.784843
1.759524
1.755059
1.764714
1.843443
1.834525
1.813029
1.788383
1.765532
1.743452
1.801747
1.787175
1.771857
1.779885
1.772620
1.757807
1.756155
1.744438
1.733943
1.726431
1.719097
1.708404
1.695571
1.698685
1.676937
1.673832
1.662841
1.648461
1.638927
1.629714
1.624237
1.616609
1.599640
1.605531
1.603290
1.659470
1.813662
1.799115
1.824270
1.844463
1.843213
1.828896
1.829797
1.855573
1.871213
1.865523
1.861193
1.865677
1.872248
1.857336
1.880026
1.876241
1.866555
1.846644
1.840174
1.832196
1.817067
1.805680
1.803389
1.795070
1.787152
1.783667
-0.545348
-0.301580
-0.013834
0.071017
0.119648
0.251623
0.321626
0.332898
0.736060
1.002714
0.858179
0.816172
0.849597
0.821618
0.846761
0.800307
0.799389
0.769068
0.795288
0.757673
0.763979
0.690414
0.760696
0.726395
0.728533
0.712553
0.765199
0.799021
0.782079
0.792645
0.811910
0.788052
0.814252
0.823126
0.799754
0.823777
0.801805
0.821766
0.793662
0.780981
0.837790
0.832868
0.873960
0.896256
0.881864
0.862292
0.888094
0.880691
0.855066
0.866077
0.859625
0.884191
0.867986
0.874864
0.897833
0.881713
0.866578
0.872901
0.890210
0.878957
0.871206
0.865876
0.864299
0.934102
0.959272
0.959376
0.940426
1.059577
1.079880
1.063376
1.049944
1.038899
1.024159
1.038526
1.027507
1.029773
1.009668
1.013411
1.005881
1.020453
1.021809
1.006649
1.002668
1.018194
1.018392
1.033402
1.026473
1.023791
1.008666
1.016963
1.006186
1.025067
1.019208
1.016770
1.082913
1.084312
1.071973
1.072702
1.085894
1.073807
1.083429
1.129091
1.175350
1.190506
1.196249
1.197334
1.190856
1.202523
1.254718
1.246794
1.246602
1.238905
1.243986
1.248050
1.260575
1.256894
1.260012
1.266470
1.257944
1.265782
1.260342
1.250425
1.245572
1.240145
1.292150
1.292208
1.282241
1.279838
2.167303
1.358349
1.376234
2.434378
2.068553
3.278928
2.907263
2.714005
2.508089
2.202396
2.062966
2.071553
1.895284
1.832260
1.816162
1.805972
1.718957
1.674944
1.580030
1.511183
1.548375
1.501344
1.600424
1.591054
1.579065
1.522903
1.484006
1.455709
1.422980
1.379824
1.435053
1.410896
1.424043
1.597317
1.563997
1.565658
1.533714
