2.444897
1.806027
1.956019
1.747468
1.688634
1.798354
1.850635
1.917423
1.890080
1.815902
1.810646
1.838953
1.866007
1.886814
1.947423
1.948351
2.089718
2.105944
2.045290
2.003229
1.971292
1.948018
1.905613
1.849532
1.910024
1.875504
1.879310
1.923872
1.913592
1.890780
1.855065
1.855900
1.877202
1.896149
1.920296
1.903531
1.889464
1.914634
1.921119
1.921925
1.967934
1.973160
1.951062
1.952235
1.936975
1.924643
1.947762
1.975652
1.982217
2.018369
2.020884
2.040823
2.040338
2.095081
2.124447
2.108886
2.101805
2.081331
2.102567
2.088265
2.076863
2.091084
2.080860
2.075890
2.070026
2.081266
2.062122
2.065478
2.056471
2.057514
2.055968
2.062554
2.056600
2.053569
2.078787
2.066954
2.059359
2.051678
2.040352
2.040215
2.032406
2.033032
2.052304
2.047459
2.054175
2.046381
2.052061
2.042307
2.038686
2.038531
2.035156
2.036179
2.028806
2.020082
2.019858
2.021790
2.027818
2.064751
2.082323
2.084656
2.072654
2.065912
2.060305
2.050728
2.054111
2.051894
2.052724
2.061872
2.058989
2.052604
2.041438
2.044265
2.046194
2.047434
2.061027
2.088272
2.087156
2.083908
2.083334
2.081585
2.077497
2.081220
2.077826
2.085466
2.087841
2.087386
2.089240
2.089586
1.573993
3.159934
2.534888
2.434403
2.409637
2.371780
2.370851
2.651520
2.552500
2.394025
2.357846
2.296595
2.287943
2.224021
2.159182
2.110535
2.138367
2.100486
2.158643
2.127954
2.081118
2.040354
2.080284
2.087432
2.064562
2.040591
2.041810
2.021741
2.011034
2.022423
2.023707
2.022314
1.999854
2.002075
1.978755
1.968411
1.960139
1.937911
1.909110
1.926034
1.911958
1.932187
1.944155
1.945434
1.925399
1.983209
2.000760
1.982810
1.995739
2.008396
2.014611
2.037265
2.065423
2.063936
2.053264
2.039557
2.071536
2.064676
2.083937
2.077681
2.066612
2.090517
2.109781
2.102796
2.089153
2.080105
2.078649
2.088321
2.096422
2.086683
2.104505
2.103801
2.093091
2.094731
2.087307
2.086632
2.094027
2.089489
2.102169
2.095065
2.099745
2.097923
2.084376
2.083111
2.116946
2.161229
2.163660
2.149666
2.152809
2.159818
2.155096
2.148586
2.154231
2.150195
2.149288
2.149386
2.144327
2.129660
2.161669
2.160547
2.161807
2.153309
2.153005
2.175224
2.164483
2.165194
2.165203
2.162265
2.151764
2.149506
2.139605
2.140558
2.130326
2.126839
2.126048
2.120274
2.120398
2.119226
2.121781
2.120021
2.118749
2.125241
2.122932
2.120614
2.117003
2.117436
2.110745
2.104553
1.842462
1.393918
1.297602
1.323702
1.377485
1.579466
1.629815
1.650805
1.718797
1.728391
1.908556
1.901446
1.864957
1.858031
1.878811
1.961060
1.912437
1.947381
1.970367
1.969638
1.921526
1.890336
1.843663
1.840470
1.808953
1.861750
1.860836
1.923540
1.992214
1.974157
1.977293
1.984653
2.012673
2.013110
2.019373
1.996244
1.974698
1.964966
1.979812
2.016857
1.987843
1.996919
1.991138
1.968050
1.991577
2.009852
2.010177
2.014250
1.999871
1.985867
1.982501
1.958963
1.984835
1.962740
1.992349
2.064120
2.067514
2.091108
2.094122
2.086170
2.094494
2.090691
2.098735
2.075373
2.064678
2.048157
2.048459
2.042975
2.044227
2.028010
2.012362
2.012958
2.021704
2.005431
1.995388
2.022707
2.056035
2.060436
2.065427
2.068409
2.081424
2.090751
2.089906
2.100082
2.092971
2.083886
2.098811
2.086852
2.085504
2.077632
2.068912
2.093125
2.086869
2.082331
2.091367
2.085405
2.103690
2.097075
2.097937
2.092377
2.082424
2.075126
2.076321
2.070763
2.097985
2.084998
2.076871
2.075868
2.071957
2.082899
2.077873
2.067104
2.072780
2.069420
2.059650
2.057344
2.059171
2.058047
2.049909
2.058387
2.056822
2.053392
2.043951
2.037040
2.033056
2.029038
2.021702
2.015840
2.399778
1.962325
1.871765
1.704876
1.610581
2.163207
2.595304
2.544940
2.642085
2.544442
2.563550
2.494043
2.424982
2.379150
2.372845
2.307889
2.332996
2.314621
2.281114
2.229835
2.189887
2.148644
2.138573
2.284251
2.256824
2.223666
2.207373
2.196052
2.220260
2.239106
2.258424
2.319719
2.307893
2.317953
2.296961
2.283554
2.247030
2.223221
2.215169
2.202964
2.181388
2.248209
2.223981
2.233679
2.210686
2.192702
2.179890
2.189402
2.209439
2.208612
2.184689
2.193207
2.188306
2.180720
2.154448
2.160679
2.139279
2.160488
2.145649
2.140264
2.150661
2.162344
2.183141
2.202559
2.193608
2.197239
2.221542
2.206879
2.194999
2.179080
2.174242
2.200661
2.209965
2.197252
2.192224
2.189776
2.180417
2.178968
2.183692
2.229395
2.221718
2.209120
2.197061
2.214400
2.210046
2.205036
2.215094
2.210524
2.210247
2.203865
2.200532
2.187805
2.176556
2.175520
2.169001
2.201020
2.203612
2.197731
2.198065
2.196208
2.191470
2.199769
2.195857
2.200300
2.195906
2.206545
2.213071
2.218543
2.215771
2.203916
2.199058
2.203751
2.200757
2.205151
2.202802
2.215346
2.207534
2.200691
2.191854
2.194683
2.197105
2.200010
2.196025
2.191405
2.184167
2.176993
2.170749
2.167183
1.301308
1.446602
3.259245
2.969816
2.665777
2.465654
2.727870
2.564663
2.594039
2.617767
2.571940
2.453395
2.429360
2.389230
2.395062
2.368065
2.355893
2.325460
2.292777
2.311478
2.289040
2.250904
2.228577
2.212813
2.239351
2.311916
2.262315
2.240959
2.219169
2.219297
2.330024
2.285815
2.254897
2.276381
2.278727
2.280689
2.262866
2.253468
2.244019
2.229676
2.209820
2.199482
2.184835
2.188127
2.156687
2.142393
2.132563
2.120768
2.117148
2.140878
2.163958
2.139309
2.130038
2.113474
2.099766
2.092757
2.082159
2.093630
2.096666
2.088638
2.091254
2.086393
2.079058
2.077362
2.076526
2.080314
2.067576
2.048780
2.057666
2.063843
2.052144
2.069765
2.070376
2.066479
2.060572
2.046102
2.036881
2.033978
2.037722
2.033372
2.037675
2.032918
2.045960
2.045311
2.038529
2.039865
2.031931
2.028157
2.018640
2.027877
2.051430
2.053423
2.046121
2.051506
2.066115
2.062302
2.057411
2.051004
2.050080
2.061618
2.056104
2.066591
2.071211
2.068867
2.056911
2.053431
2.048818
2.040741
2.034333
2.030751
2.035405
2.044356
2.036476
2.028898
2.020644
2.027760
2.030389
2.024713
2.029574
2.040943
2.045898
2.043880
2.037178
2.060510
2.067612
2.067933
2.063413
2.133166
0.940829
1.286106
1.293852
1.449431
1.556206
1.795678
1.687387
1.728592
1.654754
1.629583
1.686226
1.667472
1.794496
1.778902
1.814772
1.808040
1.769786
1.799000
1.763866
1.775894
1.807724
1.782244
1.769250
1.751011
1.760402
1.812808
1.796399
1.774952
1.763931
1.844858
1.860145
1.843646
1.833741
1.858527
1.928439
1.971004
2.048589
2.065384
2.050003
2.067444
2.078781
2.081314
2.074654
2.108762
2.120599
2.117071
2.107431
2.099867
2.093323
2.076792
2.078448
2.054504
2.058022
2.057149
2.038041
2.017000
2.003853
1.989682
1.974646
2.000360
1.984591
1.993629
1.980965
1.969809
1.958787
2.006815
2.010970
2.006100
1.991018
1.990022
1.981223
1.979360
1.973708
1.971422
1.980887
1.973581
1.964402
1.962511
1.953310
1.951934
1.942065
1.933126
1.925063
1.920462
1.911053
1.921046
1.913099
1.911837
1.921383
1.924978
1.919805
1.922841
1.919945
1.914954
1.910726
1.908495
1.899528
1.895404
1.893050
1.901035
1.898450
1.906340
1.899373
1.914895
1.913238
1.920670
1.922333
1.921399
1.911369
1.903609
1.900522
1.890104
1.887074
1.892297
1.882998
1.880652
1.883647
1.875939
1.872609
1.864762
1.868651
1.888586
1.891118
1.889376
1.893112
1.894497
1.895281
1.892705
1.229744
1.308417
1.292434
1.424028
1.466356
1.343948
1.346704
1.383697
1.468271
1.464412
1.574217
1.565859
1.539425
1.523471
1.500225
1.540052
1.554112
1.747843
1.733405
1.773342
1.763682
1.732893
1.733120
1.750658
1.876111
1.860347
1.843288
1.811152
1.819405
1.848494
1.829180
1.842642
1.805487
1.810849
1.807919
1.803372
1.797649
1.793113
1.788792
1.780226
1.782231
1.813784
1.856285
1.842765
1.851999
1.846496
1.873712
1.879571
1.872695
1.865969
1.870191
1.858806
1.845000
1.840647
1.849254
1.835587
1.825205
1.845336
1.850462
1.857900
1.854348
1.841500
1.839456
1.843347
1.858163
1.892870
1.886036
1.883619
1.871143
1.890036
1.902696
1.933777
1.936145
1.934714
1.933857
1.929836
1.944491
1.943097
1.939550
1.933037
1.929495
1.918482
1.915962
1.913817
1.909014
1.914727
1.909930
1.907706
1.906823
1.916927
1.922019
1.933384
1.951706
1.957161
1.956806
1.972176
1.964886
1.959504
1.947314
1.939559
1.926080
1.947802
1.943264
1.944323
1.944802
1.941440
1.943439
1.954859
1.956766
1.948173
1.958491
1.956789
1.952835
1.940986
1.941854
1.942523
1.937153
1.944393
1.950017
1.950706
1.952375
1.952155
1.953626
1.960490
1.955330
1.952529
1.950368
1.943080
1.856780
1.919801
2.753875
3.212328
2.889019
2.932187
3.039014
2.938304
3.294891
3.081075
3.080510
2.966221
2.830553
2.814322
2.717170
2.686449
2.642364
2.737705
2.756610
2.710075
2.651813
2.589571
2.518394
2.499944
2.488001
2.424008
2.395688
2.389253
2.337104
2.308204
2.356352
2.335182
2.318658
2.289921
2.256475
2.238608
2.220803
2.188446
2.150886
2.164536
2.182066
2.199858
2.193779
2.175688
2.168364
2.166337
2.164898
2.188169
2.176216
2.177039
2.223355
2.206542
2.220708
2.207747
2.232478
2.220282
2.211630
2.198132
2.184701
2.193725
2.182454
2.194397
2.173660
2.169126
2.173054
2.161570
2.179688
2.158300
2.189852
2.198713
2.185186
2.205576
2.212846
2.217277
2.215227
2.205160
2.219620
2.215854
2.258254
2.270836
2.262433
2.284397
2.323843
2.328385
2.320658
2.323981
2.328327
2.321754
2.305094
2.297949
2.299243
2.289495
2.286261
2.274778
2.267379
2.261372
2.257445
2.257150
2.269826
2.261247
2.266526
2.263634
2.276280
2.267949
2.263139
2.261208
2.253467
2.255214
2.251463
2.256917
2.253261
2.249646
2.248136
2.249266
2.253463
2.261105
2.262899
2.255711
2.248855
2.247581
2.243754
2.245216
2.237171
2.231269
2.226154
2.227028
2.220479
2.216271
1.234542
1.758223
1.637860
2.043287
2.532666
2.319279
2.189396
2.164297
2.059594
2.131015
2.146453
2.311245
2.219972
2.163891
2.262619
2.190154
2.235380
2.199574
2.233114
2.226780
2.207026
2.281798
2.231123
2.175219
2.161846
2.161241
2.152499
2.143167
2.138855
2.157566
2.138751
2.136035
2.152236
2.146707
2.132058
2.113114
2.108217
2.087132
2.064525
2.113197
2.105619
2.132920
2.126350
2.150303
2.141549
2.127961
2.111528
2.146388
2.118653
2.103852
2.092014
2.081200
2.067999
2.067183
2.073497
2.057575
2.042198
2.035275
2.040101
2.045254
2.042446
2.037993
2.031544
2.022956
2.016651
2.006277
2.002545
2.002399
2.021357
2.013434
2.016509
2.009881
2.001743
2.007226
1.997305
1.986954
1.982244
1.986624
1.994797
2.032468
2.046253
2.037212
2.042185
2.041329
2.039353
2.039707
2.029988
2.033105
2.032528
2.032284
2.030343
2.040377
2.078001
2.079269
2.102595
2.094164
2.125630
2.139292
2.145562
2.141448
2.139944
2.129396
2.121090
2.121095
2.130356
2.146330
2.150150
2.155197
2.159198
2.154495
2.151940
2.168613
2.163415
2.161142
2.181798
2.173097
2.188991
2.176683
2.183096
2.184699
2.184500
2.173612
2.164975
2.162131
2.153353
2.148827
2.147925
2.158931
2.163079
2.016491
1.802326
1.733966
1.709561
1.987902
2.248561
2.314504
2.353445
2.216942
2.198354
2.293281
2.278789
2.209766
2.274894
2.204085
2.151129
2.112690
2.347189
2.388355
2.350077
2.356882
2.379968
2.328459
2.312371
2.276864
2.268037
2.324136
2.306780
2.274724
2.261267
2.258805
2.212552
2.200554
2.206954
2.193293
2.191968
2.185801
2.191113
2.170525
2.173129
2.156279
2.123559
2.137128
2.131412
2.157485
2.145898
2.194773
2.190968
2.200726
2.185307
2.190498
2.258591
2.243109
2.233568
2.225546
2.230918
2.214410
2.214950
2.211795
2.195069
2.174101
2.196259
2.176435
2.175528
2.156629
2.155511
2.148429
2.133892
2.129718
2.143995
2.140657
2.130985
2.128765
2.127562
2.142978
2.148190
2.136135
2.119354
2.121907
2.140267
2.139356
2.130164
2.124146
2.118919
2.118757
2.130995
2.128605
2.139877
2.135682
2.124184
2.116065
2.122129
2.108509
2.103195
2.099480
2.088106
2.099701
2.093533
2.140679
2.131910
2.135181
2.171491
2.163875
2.161761
2.147667
2.139701
2.158205
2.148612
2.150647
2.153138
2.170839
2.174181
2.172884
2.173814
2.200200
2.193045
2.196307
2.207376
2.208814
2.203283
2.193627
2.188347
2.179869
2.180229
2.178217
2.174573
2.167684
2.133970
2.736205
2.491964
2.170073
2.342032
2.284785
2.294101
2.094084
2.032470
2.013068
1.992139
1.929721
1.851802
1.820198
1.863678
1.839937
1.819534
1.764756
1.723726
1.713646
1.682537
1.675152
1.670498
1.653502
1.640756
1.644064
1.682875
1.713212
1.817548
1.817461
1.856890
1.849303
1.852127
1.842636
1.849917
1.836966
1.823462
1.816794
1.806022
1.797737
1.860124
1.883289
1.936470
1.950840
1.950448
1.961807
1.949667
1.940959
1.914613
1.912008
1.895798
1.934235
1.943835
1.933465
1.926192
1.921957
1.966083
1.981540
1.968020
1.992926
1.986480
1.985892
1.996682
1.994617
2.023362
2.022251
2.029056
2.024451
2.009053
1.991925
1.998491
1.996962
1.990596
1.981679
1.972202
2.016442
2.003593
1.998612
2.007988
2.040643
2.086771
2.076035
2.068623
2.065926
2.063024
2.085936
2.077179
2.074825
2.065895
2.064300
2.049264
2.053756
2.056051
2.058288
2.053360
2.049845
2.043695
2.049918
2.051853
2.051757
2.042944
2.047317
2.056079
2.054026
2.050392
2.039179
2.048466
2.071652
2.076416
2.124998
2.125816
2.126072
2.128961
2.135375
2.140967
2.134278
2.127018
2.125518
2.123279
2.127360
2.132133
2.120877
2.113288
2.102388
2.108216
2.102798
2.101815
2.093730
1.699592
1.611534
2.148123
2.528149
2.712354
2.888747
2.637998
2.482407
2.410179
2.313740
2.254445
2.192554
2.275909
2.196714
2.196283
2.166321
2.109020
2.102853
2.050072
2.027898
2.051522
1.993319
1.964857
1.925126
1.914869
1.895140
1.876006
1.848633
1.840244
1.912100
1.885170
1.869976
1.915874
1.923730
1.948833
1.938793
1.991431
