4.205952
6.923155
9.292519
7.457166
7.519648
7.771100
7.956539
10.295348
9.763893
9.280468
9.068981
9.512819
9.104119
9.005136
10.171560
9.765450
10.459743
10.296392
9.914345
9.457767
9.064652
9.212020
9.340334
9.080891
9.092720
8.798764
8.535663
8.860025
9.362694
9.251665
9.252257
9.120582
9.149922
9.139250
9.013801
8.936252
8.864939
9.073264
8.925152
8.759468
9.136493
9.324208
9.352464
9.571964
9.431842
9.325559
9.257707
9.179543
9.065436
8.967852
9.072982
8.974544
9.040226
9.155836
9.245093
9.128646
9.068394
8.943348
8.866207
8.744839
8.719678
9.071954
9.153911
9.112249
8.972120
8.896035
8.781950
8.743725
8.729400
8.696162
8.861499
8.881480
8.824002
8.987069
8.935711
8.837148
8.810847
8.764336
8.691774
8.693741
8.623123
8.720190
8.742108
8.670197
8.828161
8.792207
8.801194
8.814573
8.872281
9.386246
9.750500
9.768362
9.779491
9.738076
9.832383
9.951283
9.971289
9.973118
10.010706
9.941313
9.890929
9.871007
9.873634
9.876212
9.856723
9.895693
9.936797
9.958615
9.907751
10.032958
9.986647
10.006840
10.256069
10.767647
10.848936
10.958273
11.228764
11.417426
11.345651
11.282550
11.206607
11.147646
11.128213
11.118730
11.200677
11.315013
11.268753
11.181730
3.592461
7.606583
6.784626
6.905477
7.912697
7.638909
6.848400
8.260066
9.071569
8.439589
8.703986
8.110618
7.767695
7.333088
7.732616
8.100903
7.801566
7.530464
7.843024
7.656414
7.535840
7.424293
7.222507
7.152858
7.363531
7.640097
7.437369
7.434083
7.258947
7.123234
7.021689
6.892167
6.709001
6.574332
6.679291
7.017234
7.409420
7.470591
7.308831
7.299187
7.259196
7.148419
7.061743
7.226745
7.152492
7.939165
8.422508
8.488668
8.623942
8.603508
8.554632
9.074377
9.235666
9.782358
9.665031
9.849674
9.803126
9.664855
9.629520
9.556685
9.501016
9.382461
9.290492
9.202254
9.114822
9.030231
9.170661
9.264153
9.239408
9.178415
9.126494
9.091412
8.978162
9.034764
9.122200
9.187450
9.152825
9.165277
9.152192
9.176275
9.122858
9.210276
9.169747
9.133674
9.128226
9.376368
9.454343
9.527960
9.448474
9.418816
9.485219
9.516304
9.658272
9.583922
9.557949
9.571849
9.583532
9.513370
9.494465
9.418636
9.382524
9.354733
9.836982
9.851787
9.811603
9.774752
9.753045
9.741154
9.685217
9.682185
9.641016
9.601245
9.675324
9.934016
10.013663
9.945103
9.935890
9.868048
9.829566
9.959993
9.975254
9.952417
9.909589
9.858666
9.817655
9.751331
9.747548
9.699024
3.586648
2.078396
2.734999
2.918847
3.861090
4.296374
4.228379
4.744007
4.529700
4.403420
6.683226
7.517077
7.720916
8.699899
8.529151
8.224395
8.260925
7.886590
7.662970
8.659960
8.533901
8.386976
8.130353
8.170091
8.295698
8.291910
8.402934
8.417740
9.066158
9.248771
9.018637
9.065518
9.442753
9.758611
9.657114
9.692236
9.995451
9.730402
9.557907
9.450589
9.275519
9.085948
8.938189
8.972201
8.896920
9.271580
9.370348
9.408641
9.334939
9.390560
9.297356
9.119860
9.004485
8.941605
9.921636
11.408586
13.307704
14.347746
14.600303
14.480345
14.473626
14.708887
14.566782
14.345908
14.215060
14.048731
14.250371
14.168598
14.141150
14.391167
14.219261
14.140740
14.091271
13.929729
13.943945
13.787088
13.821933
13.791024
13.808303
13.935395
13.886556
13.858964
14.458508
14.699111
14.675533
14.691809
14.561239
14.446337
14.336039
14.232170
14.099134
14.219522
14.093071
14.088186
14.174986
14.076222
14.289555
14.325827
14.261887
14.233610
14.117657
14.028309
14.045912
13.942088
13.812174
13.744053
13.674484
13.554954
13.449341
13.378020
13.314157
13.200218
13.182297
13.141993
13.152646
13.091671
13.063302
13.107098
13.033262
12.950810
12.856246
12.801957
12.707037
12.621346
12.536465
12.507366
12.436177
12.340737
1.547907
13.273555
10.762364
11.978718
10.270991
9.185634
10.549544
10.057486
9.253531
8.474698
8.164841
7.845159
7.608529
7.950322
7.971124
7.780026
7.973978
8.351556
8.192830
7.940695
8.045449
8.416991
8.810683
9.926945
9.733792
10.739674
10.701673
10.470657
10.369875
10.936589
11.069343
11.138711
10.901327
10.861856
10.996401
10.790333
11.440163
11.519974
11.394735
11.214161
10.976360
11.300448
12.890288
13.013992
12.896290
12.892895
12.795891
12.584227
12.848842
13.723032
13.510438
13.526981
14.035481
13.809962
13.574243
13.697644
13.473033
13.299816
13.169577
13.170895
13.086132
13.268332
13.247175
13.387966
13.195176
13.175498
13.066112
12.969486
12.848518
12.752770
12.615330
12.644502
12.599681
12.533065
12.529468
12.490437
12.372971
12.481273
12.385027
12.383600
12.724217
12.735370
12.628259
12.593108
12.506315
12.411446
12.427697
12.312032
12.341179
12.251068
12.224726
12.158881
12.171809
12.295987
12.203151
12.165053
12.203866
12.247145
12.208790
12.192284
12.126589
12.207689
12.250374
12.283673
12.261947
12.176347
12.157314
12.113316
12.029927
11.938302
11.867090
11.818084
11.734843
11.736822
11.838659
12.145649
12.144887
12.135983
12.070960
12.019635
11.926507
11.835307
11.777677
11.692877
11.613630
11.571159
11.492448
11.443289
12.889276
12.198989
14.205922
11.247340
9.889244
8.561703
10.970571
12.890380
11.714059
12.503421
12.767596
13.112272
14.638921
13.822595
13.179960
13.139654
13.245308
12.849373
12.284130
11.841094
11.455719
11.004436
11.277514
11.807008
11.940130
11.788680
11.823057
11.601372
11.383404
11.379691
11.116953
10.796370
10.516034
10.299787
10.485685
10.775820
10.793264
10.579532
10.451461
10.474372
10.327782
10.157721
10.198570
10.180294
10.008115
11.136977
11.870241
11.653965
11.539233
11.462184
11.312887
11.267034
11.173436
11.440987
11.467150
11.291048
11.162510
11.079595
10.906411
10.806989
10.887721
11.210060
11.111292
11.236493
11.098587
10.993703
10.848749
10.699158
10.616516
10.590250
10.519934
10.753674
10.618562
10.497296
10.398421
10.293076
10.209937
10.224923
10.188130
10.065486
10.029633
9.983112
9.896298
9.842955
9.793948
9.830301
9.785701
9.741515
9.714997
9.688786
9.864300
9.871927
9.835439
10.030460
10.037941
10.036071
10.002985
9.927921
9.924290
10.014751
10.029808
10.046416
9.963081
10.018173
9.971297
9.897887
9.864387
9.783946
9.692901
9.690584
9.744064
9.676535
9.638860
9.583875
9.531668
9.581026
9.863701
10.322824
10.490998
10.535946
10.627543
10.591262
10.517335
10.542935
10.893691
10.958411
10.929381
11.085317
4.834448
6.242114
4.965997
5.210144
5.284011
6.747564
7.468361
8.899430
8.973646
8.403746
7.786539
7.236663
7.162756
7.365078
7.125202
6.769992
7.385205
7.840552
7.963724
8.003326
8.310342
8.479770
8.510265
8.784167
8.598483
8.605079
8.534687
8.294714
8.053526
8.079198
8.067489
8.091130
7.964323
8.039307
7.964245
8.021495
8.736675
8.665170
8.908722
8.987373
9.277463
9.429249
9.512281
9.594977
9.878011
9.800704
9.640364
9.533784
9.440010
9.484220
9.432156
9.338762
9.311765
9.399784
9.285150
9.367787
9.542814
9.565793
9.532985
9.419426
9.352015
9.321064
9.312660
9.834924
9.869907
9.941053
10.097202
10.206866
10.109143
10.121944
10.124114
9.999111
9.864638
9.773266
10.176444
10.113984
10.010986
9.930185
9.805288
9.737601
9.660442
9.561487
9.461235
9.461730
9.433102
9.571034
9.665720
9.651243
9.682612
9.628229
9.590347
9.589994
9.562068
9.639951
9.613367
9.587882
9.542025
9.503576
9.493415
9.673159
9.828170
9.754704
9.684152
9.616215
9.604486
9.564072
9.519910
9.496953
9.414031
9.410193
9.348022
9.283762
9.383077
9.411339
9.387494
9.375567
9.366020
9.312276
9.334288
9.611146
9.547758
9.659595
10.086223
10.093833
10.039063
10.169824
10.308923
10.609238
9.331626
8.169794
13.880898
16.729053
15.396986
13.396061
13.731515
12.646273
12.742379
12.157715
12.194457
12.951877
14.182149
13.710835
13.208782
12.987619
12.692358
12.884955
12.222685
12.259115
11.851138
11.552480
11.172172
11.278701
10.880243
10.566517
10.411945
10.056519
10.323537
10.174930
10.584892
10.371104
10.129974
9.864752
9.762320
9.490781
9.441547
9.312298
9.362515
9.210697
9.041378
9.054515
9.579473
9.678592
9.577001
9.610205
9.637196
9.763684
9.821910
10.093608
10.100926
9.939975
9.788464
9.954306
10.082499
10.021378
9.921494
10.049368
10.261161
10.682749
11.457268
11.468237
11.390484
11.338670
11.275110
11.396342
11.391240
11.306360
11.192602
11.230985
11.562224
11.753366
11.706545
11.601866
11.500429
11.365768
11.234115
11.155217
11.072272
10.950736
10.848192
10.724942
10.716881
10.763695
10.827159
10.735141
10.690314
10.699759
10.727188
10.710506
10.635059
10.557352
10.529031
10.519094
10.612472
10.720467
10.631114
10.622632
10.994791
10.907769
10.824977
10.740709
10.665108
10.630797
10.558491
10.499740
10.444173
10.521397
10.585578
10.515126
10.638264
10.570313
10.522275
10.469077
10.421241
10.423064
10.334463
10.313066
10.269633
10.418408
10.593634
10.615430
10.739919
10.760816
10.722945
10.693291
10.625355
10.599321
8.162542
7.298618
8.264473
8.035921
6.643097
6.167151
8.249763
7.385219
11.144779
11.155477
10.748481
10.068575
10.501199
10.481759
10.092418
9.714662
9.533957
9.902300
12.563386
16.201579
17.916421
17.258088
16.601545
16.091058
15.822783
15.953991
15.768032
15.658405
15.372917
15.039109
14.820049
14.436313
14.053165
13.713720
13.391104
13.069762
12.797271
12.522327
12.320168
14.186960
16.212656
17.760257
18.800567
19.767713
19.441995
19.039496
18.706590
18.409059
18.058253
18.012779
17.802148
17.646363
17.444886
17.122569
16.977316
17.397511
17.289760
17.202310
17.116460
17.111752
17.011970
16.885018
16.700030
16.500958
16.315195
16.087930
15.896620
15.709393
15.522669
15.553240
15.747772
15.622703
15.467099
15.294616
15.179438
15.134072
15.030074
15.102834
15.110806
15.416960
15.233017
15.181285
15.101478
14.999282
14.861061
15.072843
15.014886
14.978488
14.815484
14.755153
14.644367
14.514350
14.380488
14.267944
14.476456
14.601769
14.553796
14.484104
14.351881
14.245754
14.156411
14.009524
13.930291
13.828079
13.855764
13.752613
13.636860
13.532530
13.464369
13.381069
13.276773
13.225320
13.380376
13.475940
13.520911
13.587002
13.587931
13.499576
13.419194
13.544399
13.569462
13.513555
13.532438
13.529446
13.459783
13.514763
13.453032
13.427198
15.737085
47.286851
35.474299
35.510649
32.103339
27.992683
24.543014
22.249044
20.377895
19.857529
18.562746
18.213370
17.933885
17.156426
16.684626
16.340950
15.460458
16.356592
16.239129
17.156646
18.306574
18.362852
17.908745
17.331843
17.107056
17.062626
16.647778
16.388877
15.914352
15.555425
15.576555
16.210501
16.230515
16.182140
15.909612
15.655745
15.459387
15.502660
15.815042
15.725754
15.707616
15.616882
15.461412
15.585975
15.383964
15.062115
14.768567
14.876150
14.768119
14.598352
14.346148
14.548202
14.478700
14.264737
14.191812
14.113167
13.966429
13.885471
13.870920
13.748893
13.577938
13.524349
13.316616
13.277784
13.126779
12.998481
12.868567
12.820681
12.877415
12.900137
12.993389
12.894668
12.817304
12.733987
12.615252
12.577234
12.594274
12.453211
12.332566
12.388179
12.348952
12.241114
12.160235
12.177578
12.082047
12.045175
11.941271
11.897867
11.801578
12.090462
12.521140
12.573267
12.561822
12.484215
12.442563
12.427916
12.419280
12.477076
12.471220
12.495026
12.585668
12.480586
12.439423
12.338100
12.248695
12.201621
12.127552
12.061986
12.089710
12.033950
12.371564
12.831464
12.857985
12.770806
12.767777
12.661423
12.729315
12.759926
12.661569
12.606852
12.530961
12.442911
12.393619
12.441918
12.658097
12.585396
12.520961
12.552659
18.331081
15.554871
12.831018
10.519748
9.290843
8.514674
8.726895
8.895860
9.578191
9.035541
8.510582
8.397992
8.493006
8.756250
12.480798
13.448252
12.836649
12.408857
13.134594
14.726366
14.762265
14.165241
14.439309
14.371544
14.805694
14.501420
14.300091
15.232526
15.938045
15.964650
15.749897
15.400333
14.990733
14.765016
14.409636
15.070752
15.599147
15.981867
15.687566
15.628979
15.320730
15.099683
14.728867
14.460238
14.195521
14.327312
14.328912
14.214988
13.952965
13.811536
13.620650
13.577338
13.608074
13.583590
13.854157
13.685462
13.769077
13.612157
13.659684
13.497977
13.484797
13.360550
13.221649
13.164763
13.021807
13.097475
13.395698
13.406555
13.443989
13.537846
13.920999
14.372146
14.271114
14.164811
14.115867
13.968745
13.814845
13.665543
13.521056
13.491197
13.515334
13.492781
13.381406
13.394340
13.310975
13.177280
13.260492
13.242324
13.185301
13.312280
13.178199
13.062433
12.963473
12.849249
12.727871
12.751253
13.212414
13.574567
13.672469
14.064064
14.446607
14.339510
14.345108
14.289640
14.157910
14.049097
14.080011
14.016995
13.901008
14.027763
14.121608
14.173178
14.177853
14.114404
14.046017
14.135628
14.036111
13.929144
14.001674
13.996843
13.889176
13.883988
13.929152
13.839960
13.846172
13.765130
13.703810
13.650311
8.443504
6.329008
7.016024
8.786707
7.611061
8.067566
7.590996
7.928051
7.786934
8.279669
8.085866
7.477962
7.058794
6.874154
6.781938
6.873412
7.165189
7.250595
7.298336
7.046053
7.170974
7.239199
7.164203
7.027076
7.298799
7.105772
6.885879
7.124809
7.137312
7.043637
7.436559
7.477341
7.378668
8.313832
8.990548
8.832221
8.624057
8.606504
8.525797
8.408129
9.096080
9.972188
10.644227
10.639594
10.454269
10.477774
10.451864
10.267688
10.087640
9.903109
9.861733
9.847584
9.841477
9.709002
9.778143
9.730188
9.754281
9.730119
9.880197
9.891576
9.765453
9.682960
10.277107
11.324662
12.678169
13.450312
13.565830
13.610171
13.452541
13.298506
13.248665
13.272720
13.165479
13.060418
12.976496
12.917709
12.825821
12.818959
12.747117
12.926661
13.203761
13.119413
12.963117
12.939414
12.819071
12.830364
12.823106
12.732819
12.596443
12.832158
12.754557
12.732391
12.653399
12.607969
12.484759
12.384617
12.336491
12.267808
12.187560
12.104539
12.100323
12.043959
12.048191
12.020602
11.945539
11.844172
11.767984
11.710239
11.772068
11.831403
12.033200
11.946017
11.900277
11.871454
11.882973
11.824081
11.771071
11.742560
11.699469
11.776555
11.738223
11.660330
11.566517
11.503839
11.549297
11.528396
11.443473
11.362721
7.177388
7.171836
7.936827
8.730188
10.380814
13.244569
13.162726
11.682216
10.716490
10.047900
9.202208
9.463857
9.260626
8.897474
8.568844
8.174244
8.201488
8.176737
8.233189
8.253346
8.084319
7.868189
8.334306
8.341869
8.279757
8.100607
7.999982
7.951672
7.871483
7.950223
7.948718
7.916069
8.204585
8.030127
7.854020
7.803362
8.095728
