1.114575
1.201470
1.034439
1.029452
1.007127
1.239974
1.274089
1.438731
1.383915
1.366878
1.331525
1.401260
1.368921
1.305665
1.344085
1.314083
1.288587
1.274638
1.258590
1.224948
1.269135
1.312832
1.306419
1.287205
1.301330
1.307291
1.294141
1.273183
1.264839
1.281778
1.265254
1.245134
1.246238
1.234354
1.228583
1.210062
1.200349
1.216064
1.230129
1.237229
1.221634
1.216656
1.235293
1.226778
1.242122
1.230717
1.216815
1.209476
1.199888
1.192571
1.184637
1.173524
1.159178
1.151734
1.139416
1.138682
1.134548
1.139500
1.196513
1.183773
1.187185
1.180897
1.169645
1.163669
1.157978
1.152178
1.140668
1.136678
1.145691
1.160334
1.173694
1.167412
1.158587
1.157412
1.149244
1.141659
1.139435
1.150819
1.143370
1.137351
1.129414
1.127747
1.129836
1.131766
1.128547
1.133881
1.130885
1.132270
1.130480
1.138844
1.136480
1.133361
1.136451
1.142971
1.142667
1.137210
1.132287
1.131203
1.126955
1.126475
1.159969
1.171475
1.167864
1.165726
1.181783
1.184327
1.187196
1.181516
1.175455
1.169924
1.165152
1.171899
1.167848
1.178402
1.177201
1.177300
1.173047
1.171892
1.168385
1.174826
1.171685
1.164478
1.162492
1.158961
1.155903
1.158467
1.155815
1.153866
4.320772
2.911319
2.312968
2.308784
2.280603
1.991034
1.841452
1.714348
1.596584
1.524116
1.460578
1.377068
1.345423
1.357565
1.320945
1.293757
1.246107
1.358706
1.360993
1.315664
1.285437
1.270679
1.256939
1.226298
1.199357
1.267018
1.257492
1.244088
1.231418
1.281127
1.259697
1.264090
1.245995
1.226037
1.252964
1.239859
1.230399
1.205730
1.193596
1.179937
1.175977
1.153717
1.136080
1.143303
1.138308
1.126892
1.112362
1.121032
1.116829
1.126691
1.168016
1.171521
1.159097
1.172437
1.217554
1.205628
1.199887
1.189159
1.183881
1.178369
1.170671
1.162096
1.159987
1.175277
1.206987
1.199495
1.195444
1.190003
1.184114
1.176356
1.170754
1.168939
1.164191
1.157525
1.158665
1.158208
1.165643
1.159856
1.154070
1.149482
1.149613
1.144613
1.142287
1.142677
1.149342
1.157505
1.154685
1.151476
1.149311
1.153681
1.148558
1.144424
1.143470
1.150768
1.144016
1.145027
1.144405
1.150879
1.155305
1.155235
1.164573
1.163887
1.170055
1.169969
1.176910
1.173030
1.166763
1.162581
1.164987
1.162904
1.163732
1.163737
1.157387
1.162589
1.160904
1.159949
1.153496
1.152221
1.145189
1.147883
1.146254
1.148545
1.144085
1.142084
1.137480
1.138800
1.147134
1.143464
0.717397
1.105532
0.933443
0.972867
1.129127
1.056127
1.078229
1.231014
1.234656
1.220331
1.159552
1.104911
1.093230
1.103652
1.098818
1.077520
1.083485
1.057549
1.046556
1.083302
1.091389
1.067100
1.039887
1.048981
1.044803
1.020035
1.025523
1.025213
1.020006
1.063402
1.119654
1.111750
1.114264
1.104550
1.090590
1.077861
1.063667
1.049288
1.057775
1.051699
1.037056
1.041295
1.036753
1.029050
1.033986
1.023724
1.026908
1.039530
1.036844
1.052881
1.063022
1.048716
1.061614
1.068899
1.070648
1.111401
1.102656
1.095429
1.094689
1.085852
1.117758
1.110724
1.107262
1.097921
1.098294
1.100204
1.091542
1.081555
1.090919
1.112309
1.109045
1.117948
1.119232
1.113262
1.114927
1.105550
1.111137
1.108348
1.101782
1.098856
1.091197
1.085647
1.088281
1.104259
1.099495
1.099065
1.104969
1.115048
1.113939
1.108010
1.103243
1.097324
1.090980
1.092746
1.102092
1.097357
1.105690
1.100049
1.098565
1.102332
1.106575
1.100780
1.103115
1.103106
1.096473
1.100530
1.098601
1.099882
1.094780
1.107919
1.108034
1.102170
1.106076
1.111083
1.107462
1.111863
1.110620
1.106565
1.102334
1.102226
1.100114
1.099415
1.097218
1.098562
1.100672
1.102185
1.102797
1.102346
1.012703
0.819097
0.846277
0.960210
0.832538
0.959381
0.894538
0.901319
0.907518
0.873963
0.872157
0.864099
0.872608
0.874020
0.954528
1.007524
0.974834
1.049317
1.046825
1.016686
0.994480
0.972822
0.963616
0.965216
0.961838
0.974769
0.978361
0.969747
0.954575
0.962952
0.983408
0.970054
0.994768
1.004862
1.011080
0.999231
0.996159
1.009408
0.997728
1.000431
0.991160
0.979695
1.008266
0.996869
0.983407
0.974305
0.973117
0.984769
0.981089
0.972153
1.015723
1.040258
1.036000
1.033482
1.051921
1.049291
1.041498
1.033078
1.043007
1.039971
1.030266
1.028769
1.023255
1.027360
1.022398
1.026854
1.027088
1.055085
1.056184
1.074382
1.068316
1.082680
1.081065
1.074436
1.075659
1.067888
1.061549
1.058186
1.050977
1.059951
1.052039
1.068965
1.072940
1.075559
1.070270
1.066836
1.064812
1.060999
1.056303
1.055146
1.055056
1.053115
1.057697
1.052420
1.054275
1.055732
1.069269
1.074276
1.075670
1.094300
1.104960
1.105831
1.105881
1.108027
1.105131
1.100705
1.101396
1.110564
1.108727
1.106890
1.115890
1.123641
1.119686
1.125734
1.124403
1.120075
1.142214
1.140003
1.135510
1.134306
1.130364
1.139358
1.134824
1.134811
1.130236
1.130937
1.131871
1.129616
0.626526
1.001542
1.070124
0.978279
0.925195
0.938883
0.906052
0.879376
0.910441
0.922871
0.927951
1.094468
1.093962
1.076560
1.066584
1.139267
1.163628
1.139947
1.168432
1.152162
1.164283
1.162527
1.143218
1.149861
1.175526
1.179417
1.165117
1.152651
1.158083
1.173608
1.149627
1.160879
1.151792
1.149281
1.133597
1.131962
1.171544
1.150116
1.148491
1.143928
1.133376
1.167473
1.150933
1.134453
1.122329
1.146187
1.149441
1.163147
1.173600
1.158844
1.148302
1.133578
1.124025
1.120791
1.121030
1.112725
1.105623
1.097843
1.084745
1.080282
1.093753
1.083536
1.088429
1.091060
1.083972
1.073766
1.073178
1.065357
1.089575
1.081864
1.077430
1.069817
1.070640
1.060897
1.054042
1.051664
1.059680
1.065739
1.071693
1.072232
1.071162
1.066803
1.066485
1.082528
1.078670
1.088793
1.118106
1.124355
1.139307
1.152820
1.145811
1.144251
1.145383
1.143415
1.140171
1.133304
1.135363
1.133509
1.132114
1.129117
1.125729
1.136926
1.137512
1.132142
1.125395
1.120130
1.123837
1.120927
1.121143
1.121480
1.124246
1.123780
1.123025
1.119393
1.118818
1.144319
1.155784
1.152170
1.146158
1.144631
1.140272
1.137431
1.145922
1.145585
1.141951
1.149896
1.145218
1.144625
1.010810
0.767892
0.672312
0.635990
0.810923
0.919368
0.943659
0.975220
1.028417
0.999904
1.064981
1.025816
1.056539
1.091744
1.085141
1.037585
1.017770
0.990528
0.986956
1.031147
1.036974
1.027607
1.022565
1.006836
1.136328
1.120323
1.114592
1.101820
1.093584
1.077072
1.058985
1.056894
1.065419
1.056199
1.052799
1.060589
1.063262
1.048451
1.069103
1.125650
1.112246
1.125147
1.176770
1.173833
1.176458
1.182643
1.181854
1.167575
1.165612
1.158895
1.165766
1.155471
1.155893
1.146178
1.170799
1.169701
1.172516
1.160901
1.163862
1.148293
1.143867
1.136826
1.136751
1.125075
1.125084
1.115661
1.125227
1.140221
1.148810
1.145584
1.158585
1.152244
1.154208
1.182777
1.204766
1.193628
1.186858
1.191102
1.186815
1.198009
1.199782
1.193879
1.208940
1.214428
1.208191
1.221609
1.216847
1.212999
1.215088
1.206859
1.217969
1.210974
1.208827
1.220719
1.225114
1.229440
1.232644
1.227203
1.226918
1.224828
1.231389
1.234522
1.227531
1.230032
1.233353
1.230452
1.226135
1.224669
1.220339
1.220565
1.218937
1.215719
1.217966
1.222010
1.216262
1.210502
1.214795
1.207520
1.215171
1.212301
1.212012
1.213827
1.210112
1.208115
1.203819
1.213517
1.214260
1.217538
1.120766
1.075365
0.979154
1.168617
1.101329
1.152057
1.098824
1.087893
1.099129
1.183974
1.241859
1.275629
1.253434
1.212269
1.240141
1.216924
1.183236
1.149150
1.180559
1.177654
1.160077
1.138201
1.135290
1.118116
1.116165
1.116732
1.095597
1.132110
1.119784
1.106858
1.091481
1.090717
1.085642
1.066515
1.060138
1.080976
1.077421
1.063105
1.058826
1.063731
1.084585
1.087211
1.072114
1.064733
1.050120
1.046582
1.042777
1.031203
1.036050
1.024460
1.021205
1.035202
1.040107
1.061412
1.056202
1.051080
1.036880
1.030984
1.028193
1.039690
1.050830
1.054457
1.056702
1.059118
1.054943
1.049732
1.047012
1.064080
1.062579
1.057291
1.059967
1.073507
1.072626
1.091677
1.099854
1.100973
1.096785
1.096218
1.092981
1.093127
1.099997
1.090468
1.100594
1.093668
1.095351
1.086332
1.089621
1.096621
1.101783
1.102377
1.095010
1.101480
1.106304
1.108727
1.105318
1.110024
1.102492
1.102918
1.101111
1.098043
1.094773
1.095778
1.092713
1.094225
1.092432
1.091133
1.096874
1.097213
1.091545
1.086400
1.091169
1.085457
1.081396
1.078206
1.078272
1.080279
1.081507
1.083745
1.112860
1.117585
1.113169
1.124808
1.151359
1.146265
1.151458
1.168113
1.165994
1.161429
0.338423
0.701968
0.683624
0.774811
1.141550
1.081620
1.144169
1.073338
1.040817
0.998496
1.111322
1.175113
1.138931
1.139187
1.136721
1.146834
1.157270
1.157914
1.137864
1.140565
1.114279
1.085594
1.113399
1.126407
1.114118
1.183691
1.165217
1.191274
1.187388
1.251233
1.241316
1.229629
1.210603
1.196712
1.177809
1.160878
1.162172
1.146620
1.141576
1.142642
1.136653
1.128180
1.145266
1.137798
1.159094
1.147417
1.151838
1.158229
1.155100
1.154597
1.150983
1.173112
1.169568
1.174639
1.198393
1.186080
1.174208
1.188885
1.175572
1.163871
1.170256
1.179036
1.171744
1.166083
1.161728
1.152899
1.155342
1.156231
1.149108
1.166793
1.162311
1.164014
1.160705
1.150212
1.150373
1.147944
1.144737
1.165867
1.193131
1.197283
1.203280
1.196437
1.189672
1.187880
1.182461
1.175140
1.174980
1.177491
1.173950
1.177739
1.178124
1.168674
1.165560
1.173033
1.174779
1.175468
1.173308
1.170358
1.187571
1.182231
1.179431
1.177590
1.182062
1.182977
1.177437
1.174520
1.172035
1.170008
1.166572
1.167082
1.164422
1.169047
1.192767
1.191206
1.191630
1.191961
1.185588
1.191873
1.186340
1.195342
1.193370
1.193290
1.194832
1.221476
1.219521
1.224175
1.218289
1.215135
2.644051
2.410999
1.794992
1.577512
1.444232
1.420629
1.392376
1.342033
1.282238
1.271330
1.247648
1.494790
1.474364
1.468518
1.436189
1.405905
1.361346
1.353922
1.414150
1.407761
1.375612
1.348957
1.321034
1.394636
1.377486
1.385021
1.373901
1.346523
1.333729
1.323303
1.307672
1.309003
1.383867
1.384241
1.358969
1.345514
1.368412
1.360626
1.371722
1.353634
1.340481
1.330258
1.312330
1.305849
1.288948
1.281678
1.272162
1.254510
1.241276
1.225330
1.211406
1.209034
1.198310
1.247522
1.248222
1.233588
1.216060
1.208665
1.204015
1.196872
1.192344
1.191923
1.189659
1.188875
1.185536
1.184753
1.176018
1.165514
1.174690
1.174839
1.167367
1.185916
1.196330
1.198995
1.193553
1.186584
1.193958
1.204444
1.199991
1.197380
1.193127
1.187537
1.182398
1.179110
1.217778
1.226548
1.222476
1.217593
1.207802
1.209291
1.214695
1.215156
1.259844
1.259635
1.265396
1.257761
1.250543
1.252548
1.246991
1.240252
1.245245
1.243961
1.268135
1.261871
1.259602
1.256620
1.252167
1.244735
1.241297
1.239213
1.248091
1.243981
1.253775
1.249957
1.242868
1.235824
1.230304
1.228085
1.221344
1.222814
1.220226
1.216283
1.212188
1.210126
1.219926
1.220148
1.215470
1.214478
0.328089
0.486393
0.665214
0.746992
0.730049
0.769670
0.789505
0.872235
0.866527
0.879288
0.941965
0.945700
0.904389
0.917847
1.107679
1.075726
1.041547
1.010832
1.039324
1.024611
1.042034
1.019460
1.016788
0.994224
1.000803
1.002535
0.991841
1.008099
0.999107
1.043396
1.041186
1.039001
1.092152
1.093739
1.104900
1.116129
1.132031
1.124876
1.132898
1.120438
1.116348
1.145891
1.123615
1.125886
1.131766
1.158542
1.153647
1.170626
1.155298
1.169924
1.242060
1.235884
1.219112
1.225351
1.216652
1.239086
1.232459
1.220688
1.206457
1.202521
1.193564
1.193665
1.189078
1.177881
1.168153
1.179700
1.179118
1.172899
1.159666
1.165667
1.157983
1.172840
1.182906
1.175862
1.168888
1.158071
1.152134
1.152670
1.148269
1.151168
1.143330
1.142223
1.136601
1.138844
1.132544
1.127466
1.139440
1.145438
1.140799
1.164958
1.162762
1.163945
1.160108
1.161382
1.164814
1.161238
1.162965
1.177456
1.181186
1.183021
1.180528
1.173377
1.175830
1.179054
1.179532
1.179765
1.177853
1.173727
1.179478
1.205853
1.202302
1.203431
1.199658
1.198092
1.200597
1.195203
1.191876
1.186431
1.190130
1.182214
1.175781
1.173916
1.173793
1.184431
1.183630
1.179236
1.176227
1.170763
1.016770
0.756866
0.743284
0.892806
0.829736
1.092117
1.163643
1.201495
1.163946
1.088218
1.048028
1.060311
1.065830
1.128775
1.106004
1.185297
1.179283
1.155603
1.135164
1.148909
1.193192
1.171052
1.136115
1.123977
1.171909
1.143250
1.134361
1.137092
1.130127
1.138144
1.130690
1.144335
1.188985
1.192153
1.200647
1.188228
1.178111
1.168267
1.148042
1.133397
1.123390
1.124412
1.130593
1.126221
1.144128
1.159450
1.154126
1.164696
1.162045
1.156019
1.186239
1.179225
1.179802
1.175361
1.168231
1.174095
1.175597
1.195999
1.199488
1.264607
1.253446
1.290818
1.303781
1.287747
1.277783
1.280788
1.268189
1.262294
1.254124
1.251091
1.249313
1.286476
1.280604
1.272661
1.276095
1.267842
1.260158
1.256607
1.247282
1.241232
1.235921
1.228171
1.232388
1.235004
1.248005
1.262409
1.270854
1.267013
1.258242
1.252556
1.247019
1.246382
1.240543
1.234986
1.232660
1.224450
1.226537
1.221162
1.231556
1.223591
1.226325
1.223210
1.225235
1.240442
1.269736
1.262551
1.265829
1.265549
1.267489
1.262404
1.255462
1.250537
1.251502
1.247625
1.248853
1.244002
1.243271
1.236220
1.240847
1.241204
1.254451
1.247667
1.242432
1.237732
1.233575
1.229655
1.225106
1.220045
1.174849
1.693797
1.592390
1.457734
1.292978
1.226246
1.172823
1.092771
1.020517
1.048318
1.035966
1.017777
1.016735
0.996613
0.969157
0.944377
1.006823
0.980466
0.981071
0.965906
0.961737
0.966886
0.973209
0.994517
1.043219
1.028120
1.018901
1.010550
1.047322
1.108461
1.110026
1.127150
1.115245
1.105125
1.126638
1.115940
1.094633
