1.975921
7.680385
7.683704
9.168960
8.993687
9.086291
10.895720
11.866256
16.206308
17.415284
16.664204
16.844178
16.880013
15.886476
15.090697
14.246987
13.843209
13.471750
13.048593
13.806630
13.194648
12.743377
12.512733
12.222361
11.875558
11.956634
11.743605
11.574605
11.605206
11.274883
11.027843
10.750639
10.655979
10.781257
10.796533
10.669316
10.399385
10.282342
10.775777
11.280063
11.176108
10.968021
10.782546
11.131237
11.222819
11.042416
10.928622
10.961808
10.889888
11.230117
11.355164
11.411248
11.454260
11.312677
11.241021
11.270127
11.372603
11.575064
11.443541
11.461039
11.376364
11.270118
11.409516
11.372382
11.250850
11.178688
11.117230
11.060794
10.987213
10.855573
11.033497
11.303175
11.332132
11.429449
11.366221
11.265072
11.138445
11.082528
11.066085
10.949380
10.829550
10.783465
10.858972
10.892979
10.953585
11.004649
10.929504
10.826739
10.748493
10.660548
10.634306
10.566414
10.490885
10.500235
10.434676
10.352305
10.263535
10.186319
10.116244
10.128402
10.188161
10.161897
10.115240
10.218148
10.234252
10.173456
10.169363
10.088021
10.115056
10.108713
10.081554
10.046522
10.025939
10.136095
10.299041
10.472662
10.471259
10.413017
10.567686
10.960790
10.977534
10.919580
10.915107
10.971842
11.015856
11.285044
11.413738
11.370031
1.835959
4.171770
3.095873
3.164018
4.145029
7.780040
9.506072
11.883542
12.688934
11.830532
11.174726
10.569907
10.287476
10.081026
9.590015
9.397529
8.990699
8.632656
8.283297
8.428781
8.910334
8.654938
8.553722
8.912358
9.319916
10.652975
11.085505
10.998705
10.749055
10.414153
10.163753
10.188291
9.935162
9.675305
9.528740
9.653921
9.570795
9.536658
9.310773
9.129118
9.220447
9.136980
8.943100
8.809147
8.678082
8.581225
9.011452
8.928809
9.149029
9.730107
9.733836
9.653981
9.521533
9.392006
9.444545
9.334622
9.220969
9.099770
9.332291
9.511514
9.673624
9.559912
9.524725
9.623987
9.757210
9.710531
9.607244
9.530397
9.545842
9.653146
9.744254
9.757754
9.717766
9.612589
9.511525
9.543135
9.642149
9.537090
9.482435
9.530325
9.523236
9.598907
9.968355
10.382215
10.472501
10.598236
10.701399
10.990728
10.957311
10.917297
10.827257
10.868228
10.951016
11.135625
11.075126
11.064272
11.296016
11.723227
12.176819
12.183476
12.079629
12.000622
11.943896
11.937756
11.829037
11.733219
11.632812
11.542907
11.479561
11.396809
11.395789
11.348622
11.266898
11.197037
11.158083
11.209322
11.162191
11.112659
11.038762
10.987140
10.962046
11.040365
11.003735
10.983290
10.966978
11.068769
11.054871
10.977618
3.413600
3.665747
6.044148
8.842819
7.416212
6.537682
6.192929
6.635376
6.208138
6.201873
5.848928
5.666318
5.458131
5.477080
5.389129
5.415787
5.223435
5.025745
4.856148
4.799444
4.783122
4.974015
5.227333
5.302035
5.408393
5.504415
5.562178
5.993667
6.987831
8.810905
9.310302
9.587116
10.459027
10.939303
10.685152
10.457829
10.330118
10.085012
9.848249
9.637257
9.516764
9.395864
9.235669
9.194788
9.058050
9.008975
8.914549
8.794222
8.700677
8.569759
8.587386
8.424926
8.549578
9.147237
9.155398
9.286730
9.416684
9.718050
10.020985
9.944007
9.801735
9.917522
10.076077
9.947771
10.217749
10.132128
10.014431
9.958939
9.865975
9.891463
9.834109
9.737703
9.689797
9.559311
9.624678
9.574589
9.518382
9.522354
9.820203
9.870239
9.795023
9.773600
9.759839
9.686996
9.583732
9.597710
9.551267
9.703788
9.624509
9.579629
9.494015
9.465430
9.425121
9.352525
9.359923
9.301982
9.237869
9.214950
9.169691
9.133306
9.088634
9.008347
9.148552
9.233656
9.268290
9.185589
9.188612
9.116611
9.061115
9.025346
8.992531
8.948910
8.959277
8.893966
8.848212
8.912303
8.905774
8.904780
8.872132
8.828535
8.781406
8.851099
8.819493
8.794712
8.736789
8.673986
8.631824
8.754085
3.182805
9.113826
10.876222
10.238378
8.921566
9.274799
9.622233
11.319973
10.702966
9.847110
9.983101
9.544511
9.325514
8.930699
8.774364
8.319006
8.154081
9.827398
12.192559
12.971299
12.541523
12.213990
11.880638
11.676822
11.334643
11.011192
10.779927
11.262579
11.682182
12.539666
14.528854
16.634220
17.264433
17.297375
17.142227
17.034213
16.843911
16.501357
16.235708
15.881977
15.616598
15.295603
15.027465
14.767740
14.584947
14.386511
14.211883
14.032110
13.915021
13.748725
13.515473
13.308782
13.103910
12.918802
12.833513
12.728038
13.008720
12.880820
12.685620
12.636228
12.491299
12.371322
12.509629
13.039876
13.927705
14.606945
15.297867
15.650244
15.627203
15.568385
15.535673
15.680283
15.568938
15.393584
15.300613
15.323530
15.191621
15.029203
14.939435
14.893328
14.758732
14.641466
14.512067
14.486401
14.681975
14.588102
14.457292
14.330189
14.197195
14.054086
13.978143
13.917576
13.864564
13.807475
13.703479
13.596757
13.478029
13.363118
13.565987
13.653942
13.582092
13.460608
13.376794
13.296246
13.210981
13.132031
13.051078
12.992990
12.942867
12.876525
12.849348
12.909811
12.831701
12.883190
12.871401
12.790546
12.741838
12.756214
12.683930
12.583624
12.490471
12.398966
12.312999
12.336753
12.323228
12.244876
12.238608
12.144346
11.408651
18.752001
22.573563
21.510467
18.953423
16.427498
14.942687
13.797006
14.861464
14.575825
14.915873
13.729594
13.412699
13.270608
13.843830
13.205689
13.519708
15.784222
17.036453
16.606148
16.027423
15.389141
15.093522
15.295026
14.912574
14.800457
15.069728
14.861207
14.637395
15.504979
15.647878
15.329559
14.967875
14.756324
14.406233
14.483088
14.287992
14.007563
14.051132
13.995443
14.139541
13.836617
13.851210
14.173694
14.356401
14.521517
14.353622
14.085843
13.970418
13.956291
14.042011
13.933773
13.709168
13.538133
13.489139
13.292335
13.094316
12.934561
12.724958
12.552634
12.695078
12.658122
12.910854
12.830593
12.756856
12.626374
12.536075
12.361613
12.272032
12.304122
12.170651
12.070550
12.095945
12.049904
11.898643
11.777189
11.682282
11.564317
11.461004
11.357507
11.469770
11.522955
11.437525
11.336863
11.313867
11.330550
11.418264
11.379349
11.377020
11.447612
11.589404
11.549336
11.481111
11.471273
11.424187
11.439861
11.380858
11.274737
11.224687
11.281769
11.192246
11.171019
11.086771
11.016450
11.053989
11.055137
11.104060
11.030899
10.960790
10.961173
11.008680
11.077371
10.996676
10.979534
10.948571
11.055826
11.440914
11.594460
11.660006
11.918615
12.327098
13.105330
13.828748
14.424378
14.667691
14.943429
15.199197
15.214479
7.837870
6.471866
6.078973
5.317147
4.756301
4.678118
4.765798
4.306699
5.870427
6.495579
7.498861
7.479828
7.321164
6.922877
7.018307
6.741514
6.567125
8.397705
9.797398
10.241488
10.051217
9.919512
10.302931
10.382680
10.355655
10.408359
10.197202
9.914756
9.594106
9.552668
9.418969
9.222330
9.108943
9.113067
8.981569
9.339287
9.810588
9.688377
9.481642
9.509105
9.581829
9.621289
10.548039
11.591673
11.950725
11.794244
11.647526
11.473111
11.491662
11.296327
11.140214
11.017371
10.921782
10.839999
10.778543
10.781847
10.644347
10.527093
10.404759
10.337105
10.260810
10.618545
10.912201
10.822517
10.745924
10.604119
10.686646
10.840727
10.900333
10.823057
10.796704
10.696369
10.572839
10.479359
10.456723
10.511226
10.413268
10.322184
10.292292
10.188061
10.110243
10.075268
9.974128
9.942295
9.950564
9.898768
9.923506
9.905425
9.823666
9.778479
9.761223
9.746539
9.662444
9.587215
9.538561
9.511508
9.720126
9.875343
9.835671
9.765216
9.718564
9.660618
9.603769
9.621426
9.952377
10.331625
10.450689
10.475961
10.468326
10.426045
10.366421
10.329123
10.300043
10.260560
10.296282
10.357880
10.334871
10.261269
10.186023
10.151944
10.153875
10.105339
10.128460
10.212722
10.176410
10.143036
10.281598
10.417939
1.721279
3.441259
3.057190
3.612305
3.529227
3.283341
4.087828
3.899932
3.762419
3.566477
3.419501
3.376618
4.073797
4.218832
4.619265
5.122206
5.996934
6.386130
6.105021
6.336810
6.248630
6.003668
5.876502
5.828286
5.686726
5.641558
5.703318
5.571397
5.873389
6.713268
7.219428
7.889831
8.399707
8.232111
8.041281
7.918024
7.749588
7.580724
7.407046
7.269343
7.267618
7.233504
7.193708
7.868385
8.182395
8.387593
8.300513
8.381127
8.390986
8.651151
8.883966
8.986720
8.861012
8.898671
9.648491
10.698990
11.612593
12.384757
13.012523
13.360227
13.531551
13.635518
13.585382
13.583185
13.624253
13.583389
13.482607
13.333630
13.323186
13.472180
13.447021
13.296072
13.161239
13.084763
13.112990
13.091529
12.975457
12.861575
12.857193
12.814077
12.697368
12.538751
12.590110
12.506724
12.752330
13.010349
13.204145
13.258666
13.147708
13.069944
12.944517
12.825975
12.739471
12.693131
12.682922
12.598463
12.641788
12.533119
12.444595
12.403659
12.323138
12.247774
12.156693
12.089091
12.023905
11.936941
11.852080
11.769970
11.827111
11.903173
11.829079
11.810289
11.775722
11.820617
11.827986
11.754580
11.778561
11.743454
11.783349
11.767682
11.709939
11.663339
11.599761
11.617980
11.699848
11.658892
11.589984
11.571194
3.586973
3.250216
5.188339
6.570963
7.155258
6.600142
6.555732
6.785592
6.649407
7.858212
8.251030
7.813654
7.787734
8.972414
8.598728
8.415366
8.502718
8.789730
8.789547
8.667131
8.471364
8.210404
8.041703
8.039822
7.902951
7.819935
8.011509
8.215007
8.008754
7.917860
7.796421
7.682108
7.474097
7.286534
7.210887
7.158090
7.710084
8.715629
9.209174
9.191487
9.199679
9.712581
10.284584
10.099541
9.948758
9.793734
9.697280
9.556697
9.697490
9.928463
10.082901
10.060021
9.964707
9.823870
9.778411
9.757034
9.662058
9.547093
9.428807
9.349024
9.288459
9.273390
9.411682
9.288723
9.524015
9.466700
9.472098
9.407700
9.356401
9.277283
9.399576
9.324114
9.262620
9.223851
9.132264
9.043796
9.013408
8.998492
9.159298
9.533576
10.002924
10.174528
10.188104
10.101801
10.061948
10.069998
10.078509
10.005504
9.950485
9.891565
9.821570
9.830384
9.742599
9.724894
9.678341
9.721598
9.717391
9.811851
9.812938
9.780194
9.787524
9.729292
9.674974
9.609531
9.549527
9.490469
9.456766
9.558446
9.602274
9.657057
9.592283
9.579868
9.547358
9.513734
9.511615
9.511482
9.494723
9.572525
9.571229
9.522823
9.487902
9.438379
9.462734
9.550092
9.505562
9.496936
9.441842
9.575900
5.292536
10.199419
16.303582
13.157097
12.153097
12.507018
12.163251
11.126371
11.778855
11.213075
10.608826
10.255743
9.814808
9.720662
11.390676
12.075997
11.735287
11.568039
11.124295
10.951831
10.788472
10.533865
10.330323
10.024865
9.697466
10.752548
11.579482
11.343376
11.209559
10.975866
10.745126
10.533766
10.582572
11.229489
12.325047
13.457237
13.883718
13.624546
13.397794
13.371194
13.521409
13.241396
13.547719
13.477853
13.328961
13.082786
13.052850
13.310736
13.142290
12.963450
12.912577
12.747598
12.559553
12.529875
12.910884
13.205495
12.993965
12.870748
12.802811
12.771243
12.596267
12.440164
12.419091
12.228200
12.055712
11.976985
11.836796
11.917510
11.835213
11.705566
11.649956
11.554524
11.420445
11.341260
11.205070
11.130200
11.020898
10.907021
10.849611
10.796724
10.896347
10.797004
10.738727
10.629099
10.580070
10.511435
10.401905
10.309272
10.214717
10.143109
10.105417
10.086234
10.028494
9.964472
9.910489
9.847520
9.858281
9.783789
9.740712
9.682021
9.654900
9.616647
9.568788
9.648710
9.584771
9.541593
9.470298
9.397696
9.403017
9.767282
9.864113
9.894338
10.448445
11.421742
12.157449
12.816641
13.431451
14.105103
14.588368
14.794910
14.743153
14.697048
14.594963
14.517455
14.472594
14.376282
14.287013
14.291345
3.939119
7.945002
7.053517
6.859342
9.014718
11.356529
12.708471
12.738867
12.390563
12.307004
11.597999
11.293223
12.004951
11.303988
11.004343
11.297147
10.895374
10.836427
10.735519
11.174688
10.888600
10.562334
10.659954
10.830456
10.496501
10.444478
10.129932
9.902652
9.717989
9.618606
9.703006
10.102518
10.434452
10.324783
10.951616
10.848427
10.681162
10.674826
11.536469
12.099007
12.013707
11.900622
11.758945
11.594865
11.334909
11.121268
11.249561
11.258815
11.107166
10.930118
10.798305
10.743157
10.902327
11.376005
11.357163
11.309968
11.189870
11.083455
10.957062
10.862108
10.840573
10.748112
10.672449
10.659315
10.602848
10.603626
10.578663
10.437931
10.326804
10.471994
10.811691
11.062330
11.525959
11.662719
11.820499
11.716799
11.600989
11.834670
12.282287
12.235503
12.314238
12.257147
12.192844
12.075077
11.975246
11.974977
11.904954
12.079800
12.322537
12.254054
12.158308
12.147609
12.179675
12.098090
12.043631
12.160590
12.059745
12.051059
12.100673
12.107541
12.041194
12.184779
12.281846
12.340082
12.236756
12.193938
12.189321
12.185369
12.078893
12.013555
11.942190
11.927762
12.045957
12.225762
12.203379
12.272945
12.242217
12.184411
12.232102
12.197138
12.104980
12.070118
12.048734
12.183541
12.499313
12.617665
12.568834
12.488986
1.894583
3.316392
3.510065
3.310435
4.234594
5.072295
7.774858
7.159049
6.941023
6.733172
6.728827
6.310466
6.195256
5.949272
5.753826
5.455416
5.491966
6.081706
5.846507
5.647044
5.476450
5.335763
5.826601
7.010508
7.308735
7.406398
7.334106
7.665521
7.574934
7.374596
7.279661
7.289342
7.179587
7.138730
7.773351
7.874941
7.737800
7.619080
7.682380
7.674179
7.839003
7.737594
7.746659
7.873839
7.765980
7.692363
7.714146
7.680102
7.579212
7.543283
7.570615
8.232348
8.833978
8.762195
8.686624
8.685622
8.700420
9.402574
10.133545
10.824138
11.195748
11.060004
10.925528
10.866038
10.908435
11.174489
11.260753
11.225149
11.154539
11.026615
10.958525
10.843562
10.757553
10.818290
10.723997
10.715540
10.585100
10.576942
10.493670
10.423500
10.339563
10.262709
10.156746
10.100674
10.135853
10.075470
10.330334
10.307292
10.197011
10.129955
10.149018
10.138826
10.102177
10.107782
10.016330
9.934172
9.856507
10.028238
10.438675
10.586993
10.600463
10.644908
10.639771
10.711579
10.665815
10.584998
10.560561
10.569530
10.495375
10.415768
10.407292
10.461071
10.479146
10.423821
10.473523
10.723963
10.670790
10.589524
10.516877
10.447922
10.473140
10.423367
10.368847
10.345264
10.411637
10.371953
10.359308
10.299022
2.765167
4.445444
11.160279
13.378633
14.968626
17.060599
16.452332
14.771663
14.235945
13.219299
12.435533
12.255444
12.414881
12.053057
11.482776
10.837434
10.509747
10.542548
11.035373
11.127012
10.717056
11.113457
10.704311
10.692871
11.192171
11.031762
10.701511
10.550481
10.738949
10.732821
10.668331
10.669093
10.488740
10.624710
10.882959
11.001142
11.034403
