14.130862
23.151617
29.915514
23.846504
24.074353
24.786600
25.587229
33.175234
31.372514
29.854169
29.279077
30.681859
29.371957
29.131768
32.754551
31.422458
33.633886
33.109770
31.847563
30.392572
29.128053
29.655910
30.050705
29.339388
29.328999
28.406139
27.537161
28.523718
30.098638
29.783588
29.827213
29.424095
29.504098
29.482319
29.013759
28.762347
28.578240
29.228093
28.720106
28.218548
29.419776
30.004004
30.130252
30.781133
30.326702
30.018606
29.791513
29.515851
29.148061
28.791555
29.106741
28.776104
28.996624
29.389292
29.626129
29.256097
29.074422
28.698772
28.444755
28.056437
27.980760
29.111091
29.360497
29.231114
28.791024
28.542892
28.189395
28.080050
28.043313
27.956573
28.478898
28.502985
28.320045
28.847538
28.662194
28.331629
28.245095
28.085198
27.839886
27.849749
27.640150
27.937377
28.024224
27.784743
28.266057
28.163608
28.185089
28.241034
28.424589
30.067510
31.217883
31.265219
31.300169
31.157544
31.464760
31.829665
31.892455
31.893959
31.999540
31.785991
31.638003
31.593597
31.601821
31.627897
31.549120
31.685993
31.797845
31.874188
31.708741
32.095005
31.954993
32.015367
32.825545
34.456485
34.686979
35.012138
35.869678
36.460857
36.220154
36.025094
35.786109
35.591197
35.523324
35.500427
35.763563
36.110810
35.963734
35.720869
12.231423
24.316451
21.732855
22.143975
25.459266
24.305701
21.739263
26.173581
28.705018
26.854851
27.710587
25.989896
24.913502
23.514347
24.760182
25.934592
24.975191
24.146175
25.147606
24.632534
24.262470
23.900450
23.233391
22.964974
23.666092
24.486678
23.802203
23.783640
23.230488
22.840085
22.553448
22.131950
21.539081
21.127185
21.451846
22.541684
23.809400
24.005018
23.530053
23.494995
23.366113
23.007280
22.730606
23.283793
23.033896
25.565742
27.078981
27.276246
27.693880
27.612803
27.472706
29.118725
29.644813
31.383906
31.006586
31.609877
31.459536
31.044442
30.899826
30.681898
30.496589
30.103080
29.800144
29.534619
29.276652
29.015220
29.456419
29.747757
29.626772
29.413196
29.233208
29.120848
28.760398
28.944928
29.218871
29.426702
29.326177
29.371101
29.321666
29.400251
29.229569
29.488089
29.361316
29.248885
29.215005
30.007624
30.237495
30.481438
30.238345
30.142683
30.356040
30.458398
30.908712
30.678108
30.584125
30.632790
30.650137
30.444493
30.385514
30.145820
30.056685
29.959211
31.515019
31.533912
31.414299
31.311407
31.228324
31.201930
31.011766
31.000238
30.878719
30.755794
30.990274
31.827582
32.068817
31.849418
31.817059
31.596305
31.469906
31.896029
31.928968
31.846275
31.703049
31.532627
31.394223
31.192765
31.181176
31.075575
11.598050
6.803728
8.922948
9.452092
12.478872
13.864200
13.602217
15.224611
14.490404
14.129296
21.373069
24.014215
24.761009
27.773927
27.241440
26.290192
26.474927
25.356546
24.691939
27.900387
27.405043
26.936398
26.112920
26.229022
26.701547
26.679609
27.045346
27.069501
29.165688
29.750745
29.056395
29.164818
30.365273
31.395318
31.061479
31.191347
32.156999
31.401211
30.873925
30.487586
29.918237
29.283436
28.826759
28.973028
28.739800
29.897077
30.214744
30.297131
30.064386
30.286005
29.961235
29.444434
29.055253
28.883381
32.071841
36.883009
42.919175
46.202046
46.954331
46.537634
46.519119
47.201201
46.717674
46.078064
45.623462
45.107697
45.747873
45.441330
45.377642
46.177246
45.632789
45.390968
45.247572
44.748830
44.808413
44.339689
44.415516
44.299559
44.334874
44.705217
44.544047
44.439082
46.369256
47.110562
47.036373
47.070120
46.625163
46.271387
45.906330
45.582130
45.201140
45.575162
45.169366
45.180003
45.410277
45.091196
45.781285
45.881984
45.663859
45.562058
45.179206
44.917830
44.971937
44.638679
44.201228
44.014826
43.791598
43.417753
43.090796
42.862726
42.671383
42.338275
42.267651
42.158882
42.207061
42.018512
41.919086
42.059391
41.838762
41.571678
41.271595
41.121044
40.814474
40.549296
40.274775
40.179242
39.970043
39.715683
5.286605
43.579536
35.015701
39.013442
33.157852
29.761140
33.680475
32.044331
29.448808
27.044064
26.046826
25.073563
24.387449
25.495696
25.556027
25.026785
25.588687
26.664967
26.187967
25.379074
25.739336
26.962980
28.205500
31.685994
31.019643
34.300490
34.158970
33.415974
33.060750
34.814042
35.221428
35.459273
34.696047
34.560717
34.962982
34.326946
36.392025
36.687971
36.276317
35.723021
34.992543
36.047114
41.127909
41.524572
41.140269
41.142978
40.840850
40.145951
41.021205
43.741531
43.104387
43.203258
44.745041
44.035076
43.304644
43.668050
43.018614
42.438155
42.025748
42.000002
41.728240
42.319626
42.231204
42.638663
42.006190
41.966847
41.626523
41.325119
40.958611
40.707447
40.239180
40.347451
40.194053
39.987600
39.959874
39.828999
39.441347
39.812255
39.496194
39.484600
40.570148
40.611059
40.298658
40.190033
39.899406
39.602887
39.639701
39.268675
39.356992
39.101317
38.996079
38.794611
38.851939
39.237183
38.956050
38.820663
38.939312
39.059294
38.936654
38.875304
38.699407
38.987888
39.107133
39.189441
39.109851
38.839441
38.775215
38.620787
38.353142
38.070764
37.851077
37.693250
37.434254
37.428990
37.742453
38.714295
38.719220
38.711033
38.517486
38.356818
38.071090
37.796949
37.604026
37.359492
37.106669
36.980119
36.742051
36.633468
45.047599
41.609284
46.535717
37.000845
32.275864
28.052623
35.968989
41.943005
38.064304
40.520827
40.965848
42.363067
47.055606
44.416499
42.308077
42.198763
42.465799
41.124247
39.283261
37.861808
36.706303
35.305032
36.177054
37.786227
38.285028
37.739014
37.848280
37.107467
36.408025
36.380400
35.495478
34.570242
33.653755
32.997874
33.620554
34.503542
34.546333
33.838470
33.443967
33.517573
33.057352
32.575593
32.698591
32.623576
32.110243
35.766800
38.063914
37.382625
37.006932
36.719758
36.244621
36.085389
35.774239
36.628107
36.691673
36.164482
35.758355
35.504852
34.955084
34.629268
34.898530
35.900720
35.569539
35.962927
35.530631
35.176869
34.730350
34.300061
34.034589
33.924623
33.714543
34.430214
34.000305
33.617032
33.293554
32.974885
32.714395
32.765541
32.632056
32.231856
32.090249
31.939414
31.673659
31.512699
31.360185
31.471942
31.329397
31.208991
31.130469
31.051400
31.603036
31.634753
31.507639
32.138417
32.162085
32.143368
32.023821
31.788600
31.779295
32.075469
32.108202
32.156204
31.878689
32.041428
31.901613
31.662136
31.559544
31.309702
31.038071
31.024269
31.180619
30.963223
30.848182
30.673727
30.503144
30.668305
31.559528
33.026428
33.532348
33.702257
33.972890
33.848663
33.622481
33.724887
34.838977
35.043572
34.960250
35.440404
17.240160
21.554218
16.601964
17.036786
17.140613
21.652431
24.039421
28.672794
28.727412
26.877586
24.871009
23.157931
22.889322
23.577762
22.778256
21.662096
23.628700
25.057862
25.455722
25.597033
26.516538
27.098126
27.246927
28.133325
27.618463
27.548911
27.376353
26.643912
25.918670
25.944185
25.910185
25.998251
25.578506
25.787002
25.554445
25.699474
27.958191
27.726326
28.530927
28.772117
29.629266
30.095194
30.348618
30.591497
31.461139
31.217049
30.719343
30.422900
30.122043
30.293709
30.113498
29.835834
29.769137
30.056261
29.718151
30.012582
30.575030
30.636690
30.558657
30.170375
29.965588
29.850183
29.843186
31.512795
31.599991
31.825488
32.343873
32.674466
32.400422
32.436949
32.426160
32.057308
31.640955
31.373349
32.674364
32.448458
32.126979
31.858031
31.481181
31.277778
31.039690
30.727806
30.411025
30.412423
30.338764
30.782665
31.076995
31.044529
31.131631
30.950612
30.838025
30.826602
30.739013
30.995233
30.896900
30.802655
30.666219
30.531473
30.499926
31.075627
31.553329
31.315272
31.106727
30.895213
30.862234
30.719135
30.573914
30.498318
30.240523
30.228340
30.014343
29.820607
30.160216
30.236115
30.170683
30.126032
30.110479
29.957916
30.025986
30.907862
30.705293
31.079789
32.443893
32.458290
32.280814
32.697980
33.145609
34.125963
33.143456
28.401750
46.748942
55.232880
50.363271
44.321577
45.050405
41.604882
41.877656
39.940869
39.913314
42.439293
46.412501
44.733261
43.153921
42.262348
41.279873
41.741129
39.692186
39.699944
38.330083
37.431312
36.157110
36.450580
35.222284
34.209237
33.690978
32.577702
33.426129
32.921881
34.210157
33.510682
32.807608
32.016421
31.663656
30.793217
30.680435
30.257758
30.432970
29.970844
29.378441
29.411151
31.071717
31.344949
30.990319
31.104374
31.184492
31.500772
31.712719
32.556381
32.578029
32.071341
31.585920
32.078966
32.444381
32.243265
31.946033
32.345178
32.998120
34.358481
36.818541
36.885406
36.618771
36.454126
36.262995
36.610185
36.599664
36.322893
35.972224
36.079722
37.155275
37.737945
37.593631
37.294399
36.957424
36.537406
36.110338
35.846358
35.577876
35.179060
34.836830
34.469065
34.431636
34.587165
34.775777
34.458594
34.314646
34.329405
34.430914
34.386335
34.124532
33.892340
33.787862
33.757619
34.030665
34.370027
34.086031
34.065929
35.255374
34.968105
34.714563
34.449815
34.224483
34.108061
33.861085
33.659210
33.480380
33.702159
33.891854
33.657736
34.041173
33.824573
33.663393
33.500382
33.351486
33.353386
33.094262
33.015634
32.899766
33.380451
33.933800
34.009476
34.402752
34.447888
34.330237
34.256950
34.034607
33.957227
27.134283
23.678919
26.632720
26.000886
21.431739
19.915586
26.586480
23.724860
35.752343
35.698501
34.392442
32.402438
33.794905
33.584785
32.447113
31.168182
30.660889
31.918545
40.428554
51.984430
57.371473
55.170967
53.107636
51.381335
50.500102
50.993736
50.377366
49.973669
49.083679
48.099139
47.339469
46.102474
44.971958
43.940067
42.959256
41.960118
41.044374
40.174053
39.638753
45.696915
52.086385
56.963625
60.258412
63.388278
62.395807
61.089867
60.039612
59.113003
57.996557
57.816990
57.067343
56.590761
55.936672
54.949959
54.508454
55.840924
55.500666
55.204499
54.902380
54.913900
54.584484
54.160141
53.592173
52.987230
52.425790
51.724347
51.130100
50.563927
49.951670
50.061522
50.671309
50.255328
49.719298
49.132314
48.773399
48.635389
48.278539
48.496147
48.551256
49.484090
48.911999
48.744009
48.460973
48.101132
47.655794
48.346054
48.155771
48.034622
47.546019
47.365670
47.003671
46.605678
46.182358
45.835836
46.529840
46.911609
46.734071
46.514089
46.076878
45.753600
45.468807
45.033613
44.770024
44.438729
44.511697
44.178365
43.826893
43.500722
43.272081
42.997217
42.659844
42.479228
42.977344
43.263816
43.406419
43.605520
43.559143
43.306998
43.063640
43.465498
43.520817
43.346594
43.430205
43.414562
43.193356
43.365247
43.174530
43.120170
57.293996
157.221061
114.886534
115.542058
102.705006
90.446807
79.033779
71.411782
66.084345
64.356700
59.866427
58.656929
57.989017
55.669333
54.185241
52.956475
50.020975
53.001464
52.566145
55.541897
59.121698
59.055423
57.718783
55.885381
55.087639
54.852149
53.558083
52.679589
51.122153
49.990859
50.020966
51.920210
52.006409
51.819379
50.949339
50.178025
49.508401
49.603086
50.628927
50.258068
50.209819
49.928170
49.345698
49.763992
49.151054
48.119158
47.235830
47.536215
47.273585
46.719365
45.898152
46.484921
46.246717
45.579160
45.352678
45.139460
44.671437
44.414663
44.306584
43.931105
43.378725
43.206474
42.518495
42.455199
42.019532
41.623488
41.235045
41.091615
41.286491
41.374521
41.640756
41.319658
41.101223
40.826202
40.446323
40.310811
40.377878
39.929328
39.521719
39.691211
39.533068
39.199612
38.927695
38.996230
38.693785
38.560318
38.247447
38.120961
37.811037
38.772122
40.121688
40.284971
40.255792
40.004277
39.860664
39.804403
39.770286
39.957133
39.901907
39.980045
40.277260
39.959496
39.833993
39.506321
39.218187
39.039942
38.792669
38.590315
38.668845
38.479069
39.588300
41.026508
41.098997
40.825590
40.796275
40.469242
40.691369
40.780454
40.474095
40.290502
40.055709
39.786361
39.643607
39.797547
40.482085
40.242895
40.035159
40.145771
61.597544
50.120541
41.228530
33.972919
29.918989
27.274428
27.840084
28.571513
30.470348
28.834278
27.201701
26.748749
26.995106
27.936579
39.751596
42.693413
40.808585
39.531017
41.886021
46.815965
46.918970
45.002597
45.771513
45.489872
46.941734
46.026778
45.432837
48.436199
50.683840
50.753961
50.056826
48.956507
47.747810
47.023359
45.901104
48.047681
49.642015
50.841204
49.927544
49.802395
48.832338
48.149973
47.067872
46.220864
45.391357
45.838084
45.762776
45.392119
44.595824
44.124830
43.576397
43.480690
43.514706
43.461684
44.301350
43.778606
44.063762
43.538562
43.693951
43.157818
43.124787
42.733803
42.285284
42.084285
41.620000
41.900106
42.823119
42.847061
42.986400
43.260868
44.458793
45.863951
45.571252
45.236504
45.077206
44.607406
44.116082
43.630981
43.177886
43.086982
43.123198
43.031623
42.685257
42.740489
42.466181
42.051557
42.342488
42.251371
42.086407
42.490168
42.066840
41.720880
41.418385
41.082223
40.714035
40.802325
42.293247
43.416353
43.710964
44.986314
46.164680
45.813962
45.803607
45.652323
45.230231
44.921650
45.029952
44.788853
44.440876
44.856841
45.162834
45.325108
45.305609
45.104396
44.847971
45.118055
44.803055
44.463351
44.724418
44.678969
44.348024
44.331791
44.492552
44.213120
44.232045
43.969415
43.770600
43.622746
28.251473
20.417898
22.309188
28.311679
24.519600
25.833083
24.436665
25.772750
25.304257
26.851190
26.267858
24.310933
22.935842
22.390183
22.145966
22.405216
23.313124
23.617324
23.790973
23.007596
23.461317
23.713588
23.459510
23.087672
24.013065
23.366606
22.622910
23.319616
23.326887
23.007037
24.266007
24.416691
24.095934
27.140902
29.288282
28.731614
28.031759
27.934105
27.647796
27.269970
29.507326
32.291931
34.460954
34.390930
33.793724
33.844485
33.779369
33.210265
32.660943
32.059003
31.931810
31.881332
31.859360
31.435784
31.668928
31.503748
31.547386
31.447168
31.925256
31.955383
31.561732
31.320982
33.225211
36.606661
40.988444
43.430098
43.723331
43.867970
43.360035
42.877831
42.713161
42.770684
42.434202
42.103079
41.853834
41.641883
41.359017
41.318801
41.057413
41.611914
42.442431
42.154407
41.700742
41.609341
41.232685
41.263716
41.221582
40.924812
40.516029
41.283916
41.041848
40.963794
40.713836
40.579195
40.187033
39.879562
39.730255
39.491925
39.216999
38.945895
38.929367
38.744949
38.760305
38.664014
38.426070
38.128344
37.871501
37.706847
37.892656
38.079500
38.690584
38.402006
38.258305
38.145648
38.176109
37.987899
37.808437
37.713102
37.589814
37.832889
37.684870
37.453381
37.156694
36.966780
37.123707
37.046053
36.775436
36.548709
24.564463
23.559863
25.294723
27.587778
32.955429
41.955405
41.385903
36.870819
33.869121
31.792577
29.244119
30.119101
29.460768
28.351195
27.278300
26.072163
26.179274
26.220276
26.470914
26.530684
25.999554
25.358813
26.887408
26.927755
26.765453
26.194708
25.862944
25.699994
25.402391
25.623675
25.625085
25.494638
26.359994
25.771168
25.203127
25.027614
25.935186
