-8.886864
1.610978
0.939439
2.325086
1.345235
1.787168
1.507239
1.666991
2.847420
2.740341
2.902717
3.330668
3.143379
3.189258
3.084666
3.361470
3.216213
3.152094
3.256449
3.237133
3.082843
2.726011
2.745852
2.504582
2.156136
2.036900
1.984947
1.807888
1.881805
1.809063
1.829295
1.641613
1.802167
1.819345
1.691877
1.758770
1.857625
1.662716
1.663064
1.697169
1.793191
1.915989
1.998623
1.923202
1.988679
2.032565
2.198704
2.303726
2.156874
2.151659
2.077549
2.079175
2.004488
2.038791
2.094614
2.168304
2.099145
2.223926
2.237436
2.177174
2.110169
2.135648
2.324986
2.282605
2.339646
2.347407
2.317217
2.364225
2.388225
2.300351
2.355003
2.346707
2.327057
2.260542
2.169671
2.276384
2.234808
2.194053
2.214425
2.238842
2.113843
2.174051
2.297561
2.359041
2.449269
2.394377
2.357986
2.348179
2.328684
2.327182
2.300954
2.312971
2.307077
2.268936
2.315177
2.304627
2.395094
2.366281
2.355840
2.339955
2.333448
2.232724
2.192666
2.116096
2.151267
2.219947
2.185586
2.190866
2.251268
2.172606
2.208773
2.211086
2.204239
2.208639
2.171482
2.189631
2.263930
2.267729
2.290798
2.283056
2.336086
2.339739
2.303982
2.299491
2.305061
2.330946
2.318836
2.304858
1.985901
1.298266
2.634253
0.661230
0.652295
1.115299
1.229616
0.882831
0.739048
1.100635
1.824191
2.341548
2.207991
2.034813
2.053859
1.883630
1.775565
1.777992
2.077265
2.081775
2.277888
2.403304
2.265396
2.276889
1.895462
2.164811
2.328881
2.190530
2.153389
2.172552
2.002157
2.040737
2.020088
2.027697
2.101325
2.213478
2.165969
2.288063
2.277213
2.333065
2.434522
2.430416
2.282339
2.219710
2.079979
2.101012
1.941798
2.068601
1.978901
2.014808
2.115853
2.088407
2.055331
2.197533
2.169086
2.123780
2.026704
1.907010
1.883543
1.845084
1.879832
1.885258
1.912329
1.958793
1.937090
1.947844
1.929274
1.860301
1.869884
1.862685
1.835613
1.741690
1.728938
1.855843
1.904721
1.908628
1.966471
1.912004
1.886597
1.835613
1.765259
1.770723
1.710156
1.756508
1.787020
1.716400
1.703540
1.717477
1.741538
1.735899
1.760934
1.814521
1.830343
1.826234
1.834659
1.800831
1.859304
1.879807
1.948457
2.022483
1.975262
1.935505
1.878200
1.939989
1.945734
1.900954
1.847327
1.793861
1.821602
1.861774
1.864141
1.792927
1.867613
1.901065
1.863416
1.889468
1.935798
1.904803
1.896800
1.876556
1.886161
1.840577
1.839469
1.714230
1.701162
1.738144
1.721929
1.687861
0.541524
0.552044
0.835830
1.263535
1.677181
1.215103
1.015522
0.476610
1.324367
1.710339
0.813590
1.091066
0.932016
0.910768
0.949808
1.004086
0.708125
0.286979
0.657728
0.856421
1.103746
1.221215
1.208796
1.231435
1.048457
1.036058
0.881237
1.233144
1.257782
1.170838
1.155317
1.148057
1.115955
1.234088
1.034943
1.099965
1.026220
1.026311
1.087578
1.065884
1.051430
1.260497
1.371228
1.508246
1.494453
1.598352
1.646491
1.634649
1.613928
1.552449
1.494676
1.432510
1.428426
1.408904
1.427319
1.578640
1.633805
1.540042
1.566576
1.566513
1.511304
1.451905
1.351372
1.278712
1.224808
1.162538
1.218444
1.279133
1.268707
1.325236
1.364849
1.287511
1.360508
1.394873
1.355085
1.354005
1.422529
1.471737
1.527123
1.587125
1.688485
1.752976
1.769425
1.777271
1.801098
1.812141
1.848955
1.812900
1.817597
1.811632
1.790736
1.701435
1.796404
1.776854
1.763565
1.834716
1.801388
1.752715
1.754281
1.752134
1.726958
1.737987
1.723940
1.755786
1.782797
1.727924
1.672657
1.641279
1.689934
1.737004
1.742650
1.717564
1.716290
1.741863
1.768600
1.790280
1.820876
1.856555
1.872322
1.899964
1.913923
1.904016
1.925954
1.901812
1.889363
1.923969
1.908404
1.892050
-1.235151
2.175518
1.030449
3.543619
3.883341
5.254009
4.651087
4.402986
3.999617
4.132424
3.685776
3.146823
2.868824
2.501968
2.243330
1.952890
1.785582
1.331124
1.267566
1.220887
1.478005
1.331436
1.353988
1.057827
1.122753
1.246639
1.378262
1.214945
1.060453
1.290191
1.266145
1.321114
1.512127
1.546198
1.487345
1.443680
1.430222
1.413543
1.538602
1.419812
1.391894
1.324975
1.479720
1.323371
1.247637
1.152751
1.242580
1.258657
1.315025
1.391293
1.493750
1.579260
1.490201
1.489647
1.423335
1.454415
1.514303
1.545966
1.458546
1.507781
1.551813
1.619360
1.677771
1.677216
1.728554
1.730596
1.702188
1.649610
1.750787
1.699624
1.762217
1.841128
1.896172
1.815290
1.845209
1.913382
1.766557
1.821939
1.805244
1.743406
1.807856
1.788981
1.779102
1.858483
1.840811
1.778010
1.797180
1.738237
1.729337
1.786988
1.757217
1.681920
1.683246
1.713316
1.732394
1.632258
1.615963
1.703264
1.700212
1.692947
1.645980
1.680365
1.761171
1.855397
1.800455
1.869535
1.856011
1.846850
1.857018
1.851766
1.822898
1.832162
1.852601
1.840178
1.893939
1.879406
1.911807
1.951360
1.918027
1.999122
1.971363
2.058180
2.098298
2.068183
2.072986
2.059075
2.078148
2.091218
0.759051
2.767503
2.669357
1.856685
1.283494
0.926356
1.279381
0.960452
0.683283
1.410152
1.689754
1.892099
2.073214
1.922702
1.745404
1.396428
1.073805
0.907719
1.417646
1.280969
1.255784
1.149591
1.187979
1.187703
0.992358
1.038376
1.184830
1.463894
1.606587
1.506157
1.268301
1.469395
1.491359
1.448936
1.304273
1.170556
1.183711
1.156977
1.378588
1.496245
1.518206
1.627045
1.866078
1.919285
1.957640
1.988288
2.036198
2.115792
2.061856
2.165558
2.147686
2.148052
2.165311
2.156715
2.198588
2.256630
2.297745
2.394817
2.463647
2.456144
2.465866
2.456525
2.320650
2.206497
2.232034
2.143772
2.017897
1.917642
1.980740
1.971310
2.013248
2.002049
2.032299
2.091689
2.093042
1.914482
1.912097
2.019932
1.965527
2.078195
2.118587
2.135678
2.070896
2.067368
2.075349
2.054407
1.998252
1.980602
1.993948
1.998190
1.999398
2.037255
2.025066
1.942479
1.945329
2.005342
2.032757
2.050782
2.091229
2.132521
2.072615
2.014140
2.044420
2.084818
2.088904
2.087056
1.987896
1.965834
1.990250
2.017170
2.002448
1.960129
1.924713
1.942071
1.940241
1.900794
1.863046
1.884910
1.858420
1.805422
1.760908
1.714475
1.661901
1.603443
1.548110
1.563949
1.591323
1.594771
-3.289724
-2.031235
-1.275661
-2.532337
1.026293
2.052392
2.229980
2.482680
2.319852
2.481252
2.695228
1.729577
1.878760
1.145234
1.643955
1.251238
1.150499
1.086162
1.381302
1.160923
1.494948
1.556991
1.803731
1.863556
1.851603
1.708027
1.754821
1.640257
1.703708
1.599354
1.801311
1.729128
1.938183
2.099007
2.270023
2.207030
2.038135
2.039180
2.041228
1.915543
1.913831
1.765504
1.847125
1.875979
1.853918
1.888378
1.788604
1.726282
1.749338
1.609099
1.549078
1.574513
1.507405
1.485913
1.407119
1.488460
1.485778
1.469003
1.332026
1.359288
1.374311
1.425448
1.353891
1.396366
1.325002
1.263843
1.246941
1.308531
1.347971
1.352709
1.469722
1.446060
1.470495
1.363606
1.473041
1.484049
1.449826
1.467278
1.471391
1.535168
1.433734
1.477361
1.527537
1.505734
1.590251
1.648060
1.627711
1.646741
1.636234
1.669186
1.692228
1.705681
1.607224
1.643774
1.616713
1.589017
1.647841
1.697845
1.700669
1.686412
1.741993
1.713001
1.696124
1.684796
1.698957
1.686616
1.712496
1.689493
1.675788
1.710534
1.731767
1.792203
1.765731
1.754542
1.775486
1.819653
1.848538
1.847547
1.791175
1.760758
1.798373
1.746134
1.711355
1.732461
1.679882
1.753509
1.812020
1.828409
0.147669
-0.078016
2.694777
1.490291
1.083518
0.745833
1.096659
0.403923
0.896570
0.594180
1.411365
1.172936
1.556125
0.996105
1.036350
1.154669
1.332273
1.368684
1.295847
1.576411
1.542825
1.527715
1.514888
1.541234
1.437578
1.293266
1.417268
1.628379
1.724146
1.501386
1.814553
1.856946
1.730903
1.696910
1.659945
1.570565
1.567878
1.473306
1.432875
1.172043
1.177692
1.205559
1.130336
1.181998
1.334790
1.168049
1.258895
1.218636
1.247969
1.250429
1.288886
1.244760
1.310418
1.259115
1.132107
1.065368
1.137698
1.245310
1.300517
1.321853
1.194979
1.175940
1.213055
1.251827
1.268860
1.328487
1.357707
1.380922
1.458472
1.518508
1.543548
1.515717
1.572735
1.539893
1.698279
1.706046
1.768939
1.745526
1.772564
1.783170
1.793905
1.795873
1.822034
1.871500
1.955762
1.929620
1.875375
1.956364
1.914097
1.953933
1.980866
1.905888
1.899526
1.915044
1.920276
1.887371
1.871033
1.885688
1.928287
1.958084
1.984997
1.972781
2.006322
1.932480
1.884996
1.912648
1.879517
1.963238
1.963008
1.975080
1.999122
2.037902
2.005861
2.015049
1.921573
1.977724
1.991179
2.000271
1.951772
1.970234
1.982172
2.018851
2.012841
2.036444
1.974044
1.973323
2.015617
1.989089
-6.539200
-2.072590
-1.323887
-0.658765
0.340934
0.709188
2.938234
2.523711
2.656898
3.437421
3.496483
3.371863
3.194161
2.897946
2.902590
2.847332
2.935877
2.348326
2.474342
2.139571
2.198029
2.138515
2.136272
2.104634
2.096537
2.283987
2.335503
2.525521
2.586178
2.639013
2.811619
2.836047
2.738562
2.591767
2.519475
2.350156
2.300777
2.286947
2.168999
2.360033
2.324052
2.492692
2.356805
2.362459
2.315799
2.455959
2.284242
2.281707
2.264307
2.244081
2.134639
2.257319
2.271640
2.329333
2.148337
2.083605
2.001860
1.983002
1.953410
1.965988
1.952457
2.024760
2.020266
1.981248
1.964566
2.010217
1.984362
1.985676
2.023546
2.088326
2.135045
2.120097
2.119540
2.077816
2.098432
2.209691
2.232217
2.254855
2.263062
2.288396
2.355080
2.265328
2.289606
2.262813
2.248677
2.269662
2.284273
2.272712
2.357490
2.355875
2.411648
2.323469
2.327654
2.281464
2.315742
2.277198
2.272895
2.315641
2.372256
2.431710
2.421424
2.439096
2.378733
2.389570
2.359714
2.383869
2.395856
2.376633
2.327713
2.325590
2.380734
2.456877
2.439788
2.446167
2.483617
2.543607
2.559469
2.523495
2.509500
2.567275
2.560816
2.538591
2.553022
2.533550
2.536986
2.490367
2.506238
2.508177
-1.938620
2.678955
4.247804
2.828189
2.176040
2.663383
2.452869
2.165216
2.075574
1.827538
1.717634
1.548809
1.600115
1.758852
1.855087
1.255698
1.134491
1.345279
1.228587
1.536563
1.579581
1.511815
1.765885
1.710802
2.130676
2.093637
2.275838
2.195501
2.212042
2.100269
2.025993
2.171032
2.029605
2.232302
2.137113
2.024380
2.103550
1.937108
1.951204
1.727429
1.846008
1.784936
1.723536
1.756977
1.778130
1.773794
1.892655
1.914344
1.892437
1.865183
1.947002
1.772000
1.787610
1.755284
1.794178
1.662672
1.640336
1.738352
1.860770
1.802954
1.717755
1.774264
1.824370
1.770175
1.689812
1.648254
1.646043
1.631897
1.533389
1.433437
1.341081
1.353842
1.369091
1.283650
1.204312
1.229237
1.278758
1.374016
1.377285
1.386113
1.407872
1.531069
1.510676
1.485662
1.594429
1.693785
1.673959
1.726130
1.684272
1.738486
1.804227
1.777222
1.823737
1.912555
1.922698
1.941767
1.955559
1.859812
1.814268
1.824847
1.810678
1.829982
1.812920
1.874978
1.890424
1.860279
1.890013
1.930200
1.880321
1.847768
1.819057
1.862773
1.884749
1.924308
1.994805
1.996525
1.992302
2.029008
2.042676
2.033707
2.014501
2.036651
2.073793
2.099832
2.118570
2.104800
2.108527
2.126680
-3.370623
-3.748357
-1.989267
-2.339616
-2.300203
-0.428684
0.096186
0.497119
0.117784
1.228998
1.283908
0.809112
0.994363
1.529731
1.693218
1.913570
2.204623
2.036491
2.724671
2.982948
2.913971
2.719272
2.860684
2.777797
2.918895
2.719517
2.669790
2.843385
2.772326
2.848314
2.929835
2.804172
2.820910
2.987965
3.257434
3.404056
3.412194
3.592805
3.505940
3.413815
3.381188
3.407012
3.492895
3.602564
3.389919
3.397658
3.413861
3.498473
3.394602
3.390353
3.234017
3.189602
3.199207
3.158729
2.970674
2.986206
3.037615
3.021407
3.055147
3.079803
3.061139
2.990034
3.027600
2.948131
2.857264
2.806354
2.782023
2.790134
2.748338
2.746625
2.834577
2.849891
2.823862
2.880774
2.855849
2.798351
2.829080
2.795566
2.795090
2.805490
2.756368
2.718171
2.741861
2.766271
2.841302
2.883197
2.808160
2.804402
2.755777
2.723715
2.788671
2.747490
2.742290
2.741701
2.787534
2.789011
2.824086
2.820630
2.841624
2.829502
2.798133
2.761410
2.765297
2.769610
2.792781
2.816687
2.792439
2.792726
2.768813
2.752174
2.780890
2.791418
2.785018
2.725458
2.767781
2.711561
2.681064
2.666825
2.676899
2.704250
2.691720
2.674726
2.647498
2.619884
2.597439
2.625719
2.619246
2.598446
0.175210
-0.163098
1.820760
0.961461
1.706694
1.535561
0.920831
1.664804
1.191606
1.591722
1.355434
1.138330
0.941986
1.017945
0.795715
0.832763
1.083057
1.036623
0.820995
0.801542
0.764376
0.769702
0.902373
0.910347
0.972626
0.925326
1.274219
1.271619
1.134304
1.311643
1.272438
1.236435
1.342586
1.443410
1.556975
1.508202
1.732711
1.845084
1.847780
1.842348
1.830823
1.738242
1.790712
1.905076
1.841530
1.779931
1.874398
1.980029
1.827384
1.961882
2.065500
2.163760
2.116592
2.100190
2.057993
2.008625
2.059062
2.057359
2.124544
2.165535
2.212382
2.248887
2.066012
2.082573
2.023166
2.120982
2.003293
2.088673
2.057404
2.053740
1.943367
1.848686
1.785610
1.782854
1.803382
1.844936
1.932521
1.939309
2.005274
2.036273
2.010635
1.958318
1.880709
1.895752
1.857954
1.788895
1.838720
1.840040
1.878315
1.923097
1.980485
2.048220
1.994302
1.997826
1.938040
1.885863
1.906104
1.855771
1.884084
1.919304
1.960325
1.930657
1.923305
1.907122
1.898833
1.897251
1.964352
1.983423
1.960889
1.854857
1.874576
1.914061
1.875100
1.865819
1.878916
1.877909
1.886079
1.930862
1.934792
1.887707
1.896077
1.918037
1.953087
1.915239
1.934747
1.941368
1.915500
1.916881
-4.161385
-2.008424
-0.182822
1.076303
1.302511
1.439532
0.965079
1.323405
1.069964
0.991871
1.126656
1.718180
1.818792
1.927011
2.054207
1.741696
2.005514
1.939464
1.803979
1.919067
1.856663
1.424391
1.372734
1.520218
1.234365
1.308790
1.298366
1.250063
1.405859
1.526493
1.647550
1.640167
1.733396
1.752135
1.877929
2.119538
2.159777
