352.000624
398.982312
398.502525
407.383843
401.990668
407.035327
419.944953
436.189730
467.564092
473.220781
465.990304
469.221787
466.587435
461.153121
456.865948
448.533289
446.485612
443.348562
438.125657
441.952370
436.424788
434.026197
431.996564
429.664030
426.608881
426.235447
423.426239
422.341907
423.511509
421.009557
419.089053
416.929803
417.685222
418.616551
417.888336
416.094382
413.175754
413.071604
417.086132
420.969720
421.161784
420.786616
419.943593
423.771546
423.844810
422.268684
421.293711
421.531410
420.232477
422.867268
423.980998
423.901035
424.238917
423.372956
422.751038
422.853169
423.809534
424.780424
424.024294
423.389413
422.453558
422.353322
423.524696
422.999802
421.821887
421.079077
420.011374
419.212979
418.375840
417.666128
419.745489
421.856051
421.795159
422.960437
422.035505
420.582355
419.449526
418.886719
418.671051
417.694886
416.782398
416.623131
417.305732
417.322837
418.332788
418.899328
418.521539
417.673533
417.328593
418.140813
418.410542
417.862136
417.327406
417.405052
416.945472
416.303914
415.596475
415.050488
414.452931
414.605254
415.360767
415.155897
414.740643
415.684983
415.971350
415.957610
416.138354
415.598454
415.563609
415.567150
415.389800
415.151384
415.653606
417.835172
419.121198
420.808659
421.827178
421.678341
422.899260
425.793017
425.591067
424.963132
424.905338
425.382804
425.818449
428.142576
428.840945
428.262540
374.804594
381.061833
356.109207
361.412385
373.499059
395.006973
405.023499
430.782202
436.542388
428.473721
423.275084
416.431421
413.992068
410.874952
407.772718
406.004167
401.432095
398.569997
398.651950
398.713608
402.078591
398.969324
397.234796
399.531648
411.141159
426.644821
428.998856
427.088409
423.514884
421.266467
418.694264
417.874611
414.730199
412.067227
410.794616
411.751848
411.862379
410.933745
408.530696
406.705199
406.820732
405.416498
403.433450
402.923266
401.072513
402.227948
406.229439
405.827868
407.899260
412.263763
413.420655
414.193883
413.260086
413.802216
413.943958
413.819025
413.009347
411.572712
414.051752
415.103838
415.851655
414.279676
413.603876
414.093988
415.129557
414.247395
413.687875
413.298043
412.974450
413.586420
414.070425
413.912189
413.029947
412.479138
411.941232
412.125197
413.123088
412.253624
411.894884
412.435246
412.204627
412.991332
415.569234
418.902696
419.741231
421.275729
422.108197
424.404811
423.917305
423.554876
422.796974
423.103207
424.114688
425.313915
424.507174
424.452491
426.293302
429.453731
433.050449
432.784916
432.045615
431.232007
432.003908
431.821045
430.954963
430.025667
428.862880
428.000817
427.186837
426.455899
426.352762
425.921290
425.327775
425.440338
425.257330
425.276084
425.013393
424.450697
423.748240
423.421025
423.218666
423.780474
423.217283
423.508763
423.208844
424.032309
423.951918
423.361345
337.663023
341.307818
362.110243
381.533482
378.695594
381.010289
377.615590
384.025074
381.222363
382.408382
390.633076
390.330089
386.603701
389.374587
387.068351
385.393469
382.631091
379.683497
376.593323
380.478611
379.838127
379.863506
380.093962
380.874294
381.767386
381.630787
381.697408
388.021761
399.784585
414.663121
418.446137
420.702968
428.512730
432.634312
429.913963
428.102192
427.525215
424.440724
422.116182
419.684574
417.727118
416.534124
414.574758
413.842565
412.979621
412.994614
412.510661
411.360430
410.101143
408.838343
408.165184
405.980928
407.410550
411.778838
414.614853
419.718931
425.113162
429.427318
431.834045
430.448755
429.437135
431.165273
431.524224
429.717482
431.331917
429.669695
429.329446
428.661375
427.767561
428.603074
427.402456
426.728862
426.285323
424.624251
425.123152
424.187785
423.850256
423.816897
426.101678
426.444868
425.854126
425.510016
426.920414
427.216783
426.121234
426.046722
425.385663
426.155978
425.234454
424.223580
423.034584
423.019157
422.261819
421.727599
422.080669
421.263954
421.830837
421.447242
420.963489
420.609178
419.978596
418.827542
420.093037
420.604346
420.337336
419.483620
419.081403
418.187994
417.437487
417.087290
416.901421
416.146672
416.312282
415.823616
415.547847
415.984515
415.738507
415.814130
415.266468
414.571232
413.805108
414.236353
413.813416
413.244274
412.544321
411.863248
411.303602
412.109873
381.318297
445.509713
440.790641
432.277124
412.827734
414.499503
419.932230
432.386249
424.090657
415.724723
415.528021
411.612994
408.058870
405.347872
402.857140
399.507421
402.300830
417.683530
435.968061
439.774960
435.557057
432.856925
431.165852
431.831848
428.060578
428.163351
426.283962
429.186060
431.994993
441.760516
457.890496
474.504227
478.250567
478.106307
476.715903
475.160879
475.031180
472.016338
469.174209
465.559744
462.461510
460.838719
462.660419
461.119284
459.363771
457.360430
456.087988
454.453711
455.430672
456.036776
454.094078
452.217167
451.806092
449.582261
448.204935
447.855202
449.285196
447.578172
446.084868
446.357672
444.903214
444.399770
445.819768
450.753719
457.279411
462.559253
467.701085
470.091244
469.370444
468.943993
468.174368
469.953079
469.129578
467.484695
466.984936
466.776296
465.132639
464.271267
463.004421
463.494417
462.899244
462.144689
460.699154
460.400582
461.875265
460.669314
459.403431
457.846066
456.828456
455.557997
454.605014
453.939404
453.435011
453.083357
452.215225
451.243258
450.398042
449.521409
450.990981
451.861085
451.150311
450.371356
449.844141
449.332570
448.345870
447.561722
446.964462
446.602064
445.816690
445.037708
444.575788
444.877294
444.654716
445.766423
446.131144
446.063135
445.850638
445.931362
444.933684
443.954615
442.916769
442.092971
441.274347
441.169014
440.964921
440.280710
440.042219
439.353115
470.273657
526.812144
563.371458
530.230719
503.307716
472.279750
466.607687
458.051530
464.513524
462.268103
463.019867
455.872366
455.204065
450.875247
451.686451
447.214699
450.883379
467.185304
477.209358
472.643134
466.512021
459.629621
458.219924
461.113011
458.752081
457.273812
459.622311
457.244824
456.050277
464.915627
465.920391
462.527559
458.632988
455.708529
452.969507
454.572782
452.810540
450.252420
449.676471
449.189388
449.713903
447.743096
448.081173
450.281840
451.860746
456.095409
456.832871
454.040788
452.452656
452.468482
452.279482
451.153558
448.888868
448.006727
447.729199
445.521582
443.688193
442.054624
439.715405
438.129237
439.493571
439.860627
441.595637
440.889990
439.688250
438.197483
437.275123
435.136995
434.384968
434.742016
433.260627
432.792038
432.873331
432.119886
430.600478
428.911416
428.079588
427.553374
426.699312
425.585649
426.776227
427.044890
425.953695
425.325298
425.308967
425.878867
426.787075
426.481184
426.470539
427.107319
428.410432
427.879339
427.230148
427.828183
427.404025
427.865632
427.367020
426.243952
425.933191
426.495957
425.727666
425.612112
424.707227
424.165743
424.210818
424.091831
424.390706
423.516097
422.920907
422.876007
423.209040
423.371006
422.665141
422.399150
421.944149
423.141864
426.812709
429.431240
430.410999
432.507355
435.678567
441.818926
447.341234
452.544584
455.419302
457.824932
459.746136
460.499992
388.852458
368.180411
358.396480
354.848357
356.280830
363.812257
367.342649
367.699972
379.440223
380.253798
387.883372
386.593947
384.415302
380.405711
378.629696
374.108132
374.544356
389.733168
401.457048
405.373523
404.562424
403.294551
406.627586
408.000919
408.598681
409.200979
407.437521
404.861123
401.994170
401.624332
400.058114
398.658639
397.512199
397.492199
395.987206
399.165203
404.909439
403.639771
403.951616
405.704873
406.250703
407.717111
415.811047
424.041645
426.953507
425.249233
423.637557
421.976940
421.848937
420.704941
419.180181
417.801978
417.368440
417.112759
416.303000
415.896108
415.305249
414.561753
413.228596
412.478778
411.727936
414.911704
417.229706
417.672436
416.975367
416.111607
417.132075
418.570524
418.637662
418.044685
417.981668
416.649501
415.462126
414.678778
415.773931
416.015290
414.964842
414.026180
413.250693
412.335300
411.441163
410.897388
409.812332
409.502175
409.618288
409.901818
410.321091
410.222873
409.743380
409.220782
409.050612
409.259376
408.387013
408.226733
407.543046
407.723236
409.454141
410.468061
410.093096
410.180049
410.337839
409.792659
408.941691
408.985173
411.918400
414.724258
415.423253
415.393246
415.181634
414.944107
414.291827
413.684920
413.626921
413.385042
413.525286
413.735988
413.653098
412.924573
412.520812
412.684952
412.497419
412.838820
414.404498
414.806057
414.743132
415.114416
416.486248
418.362509
347.527926
354.416104
361.147311
373.132725
365.100590
359.994009
365.810969
365.413935
365.000617
362.317064
364.199350
366.442480
374.701634
379.370375
382.324764
384.931924
390.720256
394.221942
389.998098
391.649201
388.734389
385.442758
384.398140
384.739304
383.160330
381.602550
381.468065
380.210255
382.943325
389.403810
394.470232
399.237698
402.029691
399.908093
398.131493
397.077153
395.576359
393.133916
391.722943
390.580633
390.797437
390.746295
391.168412
396.539035
398.751201
400.981858
401.206553
401.735210
402.062399
404.842852
406.792458
407.098163
405.946761
407.765891
413.642074
421.901774
428.820852
435.307620
440.772575
444.390656
447.459331
448.128057
447.820783
447.684656
447.976385
448.071306
446.958050
445.793547
445.338098
446.741389
447.234673
446.592314
445.520707
444.912209
444.776479
444.303018
443.142337
442.137214
441.878933
441.059843
439.768486
438.138091
438.610621
437.978073
440.280537
442.401467
444.618021
444.830134
444.183133
443.626661
442.483955
441.156864
440.239998
440.225184
440.370558
439.904907
439.902591
439.072841
439.266813
438.413526
437.545929
437.035514
435.913245
435.315486
435.170026
434.515246
433.791923
433.427821
434.135223
434.320200
434.179912
433.815556
433.384409
433.450565
433.231032
432.769776
432.892152
432.642815
433.319497
433.559835
433.360112
433.181046
433.084738
433.148772
433.744558
433.618961
432.868454
432.750238
357.633224
355.032501
374.132912
388.243834
397.165454
387.809770
390.894852
386.637900
397.252042
405.191744
408.453333
403.020550
403.013931
410.032345
405.380632
402.925234
402.610293
405.507453
412.246378
421.254224
422.860462
417.720855
415.258478
414.179382
411.967514
412.013737
413.480158
415.144970
412.391485
412.037122
410.162470
408.079104
405.432809
403.240249
401.369924
400.283892
403.846107
411.280444
416.078357
420.755158
425.745685
433.085952
440.014782
440.704597
438.792975
436.768684
435.055878
433.508801
433.355330
434.934452
435.543036
434.573816
433.484830
431.512613
430.814475
431.383442
430.019347
428.807993
427.552162
427.147710
426.518176
425.961987
426.159718
424.645203
426.047372
425.000595
424.645522
423.576597
423.090483
422.789726
424.141023
423.720885
422.739879
421.860370
420.991705
419.964564
419.271990
419.407616
421.185720
425.133836
428.445292
429.692682
429.866542
428.720431
428.296800
428.875713
428.718086
428.165231
427.066292
426.509575
425.569734
425.230219
424.152470
423.715104
423.900628
424.315868
424.071485
424.673881
424.561084
423.913801
423.603964
422.760286
422.221563
421.493095
420.919965
420.000533
419.496982
420.050046
420.370951
420.622140
419.805893
419.698234
420.016631
420.181561
420.193173
420.463798
420.217576
420.569911
420.395224
420.724498
420.370626
419.723126
420.065575
420.764395
420.231262
420.328980
419.612454
420.683923
475.057524
553.575349
560.296556
533.424392
510.464961
495.262261
480.319413
463.683381
465.619711
459.781045
449.725418
448.182759
441.543626
439.455355
451.055330
453.103016
447.240155
448.933194
444.928852
446.147151
447.959440
445.910151
442.669062
440.036087
435.982637
444.326087
449.508190
446.281874
443.999841
440.772916
438.139428
438.048571
439.107498
444.187053
451.889996
459.465973
462.352315
460.324720
459.287983
458.306591
458.983166
456.993573
458.609337
458.418855
456.601494
454.046936
453.140109
455.648048
453.961745
452.056433
450.610015
449.912748
448.025206
447.600987
450.388148
452.126356
449.513447
448.246624
447.934759
447.067972
444.998308
443.669100
442.633300
441.205046
439.571927
438.507522
437.452455
438.210698
438.111373
437.231631
437.087292
435.915305
434.710975
433.718214
432.395573
431.481153
430.618088
429.446158
428.637405
428.327211
428.955685
427.886047
426.991938
426.215934
426.088057
425.767169
424.668415
423.612569
422.490669
422.616569
423.479291
423.348110
423.160629
4