68.169307
78.757662
76.803999
76.780818
76.192791
76.700915
76.375408
77.227983
78.284488
77.753855
78.124885
78.630167
78.293285
78.513961
78.578868
78.672274
78.574739
78.409008
78.353152
78.172332
77.859987
77.701464
77.776178
77.548086
77.145300
76.892848
76.712683
76.477797
76.554083
76.524474
76.664560
76.547906
76.794636
76.870286
76.622554
76.674142
76.842003
76.709772
76.623642
76.568438
76.746979
76.958456
77.120973
77.026727
77.055335
77.134702
77.343153
77.432957
77.242883
77.187636
77.105151
77.121785
77.057528
77.178278
77.188374
77.268933
77.167369
77.266064
77.261987
77.173719
77.079041
77.144459
77.369996
77.324044
77.338944
77.353812
77.296766
77.378367
77.409202
77.336771
77.403091
77.351269
77.296764
77.282569
77.158664
77.235242
77.199851
77.124585
77.108235
77.142241
77.043756
77.089163
77.247162
77.283115
77.395025
77.307262
77.290989
77.258524
77.262905
77.301118
77.297873
77.310752
77.320266
77.248853
77.311956
77.316074
77.395108
77.361601
77.356382
77.330944
77.324441
77.234712
77.201133
77.130124
77.153062
77.267728
77.228773
77.237051
77.298189
77.218612
77.260404
77.256376
77.297005
77.306647
77.253024
77.261157
77.360754
77.360557
77.398357
77.370127
77.404555
77.400722
77.380074
77.386236
77.400630
77.412207
77.375027
77.381481
78.092588
75.987469
76.718362
75.212651
75.553861
75.414432
75.107272
75.102344
75.235654
75.736557
76.817750
77.607019
77.146561
76.774906
76.941827
76.735686
76.551693
76.582048
76.914744
76.882694
77.163550
77.201840
77.054102
76.863894
76.458883
76.624080
76.742178
76.554822
76.392140
76.437435
76.309526
76.218930
76.131842
76.217824
76.260617
76.387732
76.420048
76.581759
76.588245
76.691618
76.811951
76.795958
76.535015
76.498811
76.303969
76.419330
76.244481
76.414160
76.290078
76.332055
76.414068
76.453682
76.513972
76.680031
76.619625
76.677120
76.602016
76.444467
76.429129
76.390027
76.438896
76.418730
76.416843
76.496097
76.466455
76.511393
76.546559
76.471050
76.482059
76.441892
76.358780
76.258164
76.210162
76.369644
76.442213
76.482556
76.591437
76.553247
76.557037
76.543294
76.452804
76.462837
76.412932
76.470302
76.489481
76.475401
76.460400
76.501452
76.519819
76.527652
76.560113
76.648467
76.698055
76.673608
76.659640
76.624745
76.653714
76.686488
76.751981
76.808914
76.768487
76.708828
76.707889
76.723928
76.736376
76.688243
76.631435
76.596769
76.601102
76.634109
76.673002
76.596303
76.686242
76.746763
76.708045
76.703767
76.782809
76.714600
76.712748
76.714559
76.716024
76.653414
76.631159
76.473363
76.447732
76.474711
76.466427
76.467325
78.000926
76.617687
75.710450
75.894225
76.428488
76.035024
75.741467
75.557488
76.087417
76.593694
75.829143
76.352574
76.275444
76.251915
76.179994
76.318884
76.200049
75.643232
76.147765
76.427904
76.557214
76.660579
76.634066
76.771186
76.683503
76.748366
76.544951
76.901028
76.982139
76.937833
76.856765
76.782089
76.746838
76.939289
76.647863
76.751954
76.600715
76.615152
76.660500
76.585958
76.465409
76.576593
76.627218
76.838332
76.809688
76.881158
76.954097
76.947983
76.898471
76.878058
76.744314
76.613624
76.545821
76.545710
76.672725
76.894681
76.917777
76.774807
76.764393
76.775032
76.732246
76.633915
76.499086
76.456240
76.370687
76.282444
76.417815
76.392781
76.456233
76.531339
76.478345
76.404868
76.537505
76.581205
76.552800
76.547917
76.595939
76.668756
76.705921
76.776234
76.893075
76.980065
77.022773
77.032631
77.084881
77.097232
77.102086
77.044493
77.047328
77.017949
77.041479
76.990695
77.081729
77.083316
77.048752
77.140541
77.115418
77.042899
77.026941
77.014354
76.955316
76.981325
76.990035
77.022572
76.997334
76.962352
76.894877
76.830888
76.877790
76.930144
76.939049
76.902311
76.883401
76.903895
76.960044
76.986513
76.979169
77.018880
77.038302
77.038280
77.030437
77.022738
77.023766
76.977060
76.931367
76.965628
76.923538
76.901975
74.368976
79.565202
77.334344
80.442320
80.140127
80.997923
80.233987
80.010919
79.152618
79.192267
78.831093
78.511629
78.238856
77.907728
77.533425
77.272222
76.979230
76.388295
76.550910
76.383227
76.707389
76.667139
76.606062
76.220447
76.226324
76.565622
76.753385
76.520919
76.379175
76.578705
76.568896
76.770442
76.863403
76.888701
76.852309
76.788005
76.862453
76.804648
76.976387
76.906465
76.800553
76.883009
77.083067
76.950295
76.773949
76.707946
76.830289
76.686815
76.779864
76.842171
76.967947
77.067543
76.950584
76.865737
76.790118
76.816076
76.824897
76.825038
76.712308
76.782281
76.901402
77.009840
77.056272
77.054594
77.087954
77.072427
77.064883
76.968172
77.107824
77.034341
77.066484
77.207333
77.238016
77.162602
77.190352
77.263379
77.048866
77.137095
77.063403
77.005038
77.118893
77.163560
77.114812
77.203232
77.164401
77.051189
77.071501
76.949588
76.960026
77.058916
77.019322
76.951341
76.980417
77.001505
76.995854
76.907944
76.894593
76.979339
76.981939
76.934831
76.895371
76.958645
77.060142
77.141486
77.094640
77.152095
77.119189
77.061459
77.051472
77.041126
76.990959
76.963780
76.955364
76.936796
77.005268
77.008712
77.030924
77.109312
77.102590
77.168739
77.113489
77.184377
77.225785
77.181843
77.160469
77.156229
77.168513
77.170598
82.048966
82.317718
80.824292
79.417365
77.620405
76.500963
77.386160
76.907101
76.317280
77.076216
76.857461
77.382032
77.478157
77.040678
76.533149
76.242204
75.657077
75.395981
75.820756
75.642133
75.612037
75.461595
75.672522
75.710009
75.618466
75.667761
75.909274
76.148438
76.273546
76.080814
75.823883
76.064665
76.002773
75.944706
75.904653
75.818708
75.859330
75.799110
76.026627
76.111795
76.152347
76.239863
76.561154
76.647871
76.735285
76.851514
76.907751
76.904600
76.801560
76.915312
76.911287
76.963496
76.978216
76.987497
77.024380
77.152095
77.191767
77.299794
77.342115
77.338395
77.364642
77.376227
77.229853
77.113557
77.103520
76.982120
76.830984
76.697107
76.747921
76.752251
76.827891
76.829732
76.817551
76.839299
76.822546
76.620787
76.595017
76.735799
76.646481
76.698491
76.695913
76.728287
76.623852
76.618735
76.596567
76.584906
76.497752
76.492282
76.540527
76.552388
76.590079
76.649961
76.627384
76.596084
76.587397
76.670229
76.668453
76.652135
76.715033
76.761019
76.688953
76.616434
76.614880
76.671798
76.672789
76.656898
76.532693
76.480199
76.509310
76.550445
76.548413
76.468383
76.444530
76.465975
76.466724
76.431208
76.397902
76.470461
76.433222
76.384995
76.314836
76.268195
76.198299
76.178400
76.154528
76.162459
76.219306
76.231732
75.951670
75.390153
73.922332
71.959869
76.013508
77.189450
77.650121
77.931595
77.555130
77.428353
77.389637
76.102232
76.159282
75.413806
75.719003
75.281725
75.397997
75.518939
75.989614
75.824842
76.254983
76.446344
76.747137
76.860533
76.798161
76.626887
76.782726
76.571215
76.705043
76.574792
76.745103
76.745522
76.834708
77.028621
77.198675
77.129015
76.977122
76.989497
77.076988
77.002230
76.920737
76.821520
76.863383
76.976516
76.942024
77.004672
76.858878
76.796065
76.824087
76.775438
76.612084
76.563602
76.542617
76.520733
76.455058
76.543537
76.610998
76.663825
76.566209
76.538261
76.555225
76.592646
76.561110
76.655113
76.552589
76.499901
76.565745
76.620544
76.669374
76.696285
76.795270
76.742357
76.758306
76.643193
76.771245
76.772074
76.751854
76.720111
76.689299
76.782840
76.681937
76.735042
76.728241
76.737724
76.847093
76.929305
76.915322
76.928420
76.915467
76.959699
76.956569
76.960584
76.857082
76.907575
76.852280
76.808447
76.874544
76.927570
76.928179
76.958787
77.009048
76.961675
76.956670
76.943487
76.954823
76.917425
76.928052
76.911649
76.896834
76.936205
76.952267
77.007046
77.016881
77.018831
77.059158
77.069525
77.099573
77.092031
77.031887
77.007058
77.003230
76.990646
76.973547
76.998201
76.940022
77.018353
77.093076
77.121773
80.313865
77.718020
80.465236
78.550198
77.466305
76.475402
77.113810
76.323687
76.840965
76.378006
76.882481
76.777232
77.441127
76.907529
76.982454
77.101380
77.316161
77.381414
77.116760
77.344275
77.209767
77.369013
77.122170
77.130147
76.976050
76.821526
76.992986
77.168026
77.215532
76.974204
77.314957
77.275508
77.255361
77.172208
77.119381
76.981180
77.013889
76.911687
76.824278
76.531560
76.416454
76.484006
76.404896
76.492926
76.606090
76.484806
76.551362
76.451616
76.496831
76.566915
76.632894
76.498188
76.493074
76.380745
76.235281
76.169031
76.354157
76.513993
76.601884
76.680536
76.554988
76.590630
76.581621
76.572262
76.618779
76.689350
76.755581
76.743290
76.782664
76.881508
76.958130
76.912798
77.026239
76.992026
77.134425
77.115574
77.153782
77.131053
77.124123
77.116983
77.076785
77.116416
77.138674
77.237956
77.329594
77.254711
77.182515
77.254770
77.216373
77.273118
77.264505
77.164216
77.175914
77.204396
77.194321
77.189888
77.175456
77.225973
77.293446
77.271349
77.305945
77.256722
77.263178
77.160697
77.056930
77.070718
77.014332
77.089438
77.102910
77.131212
77.145434
77.171702
77.147784
77.160475
77.080846
77.130108
77.145724
77.123705
77.060416
77.104131
77.124575
77.173678
77.183184
77.181714
77.122618
77.130705
77.151162
77.107464
76.307381
77.443814
76.865314
77.283415
77.344100
77.345621
79.518072
78.409660
78.820993
79.270672
79.317892
79.067517
78.934078
78.395790
78.482714
78.206708
78.350883
77.770134
78.024800
77.646981
77.786587
77.505227
77.401236
77.265372
77.242038
77.439754
77.526883
77.708012
77.839528
77.941162
78.041041
77.938880
77.795204
77.692341
77.564062
77.248377
77.113787
77.028683
76.976857
77.274611
77.161783
77.331288
77.257179
77.382971
77.283060
77.432841
77.235648
77.186196
77.076504
77.103681
76.959093
77.084287
77.122654
77.226737
77.030002
77.033475
76.947274
76.927011
76.961480
76.963918
76.939354
76.993671
76.978848
76.948146
76.922623
76.942503
76.885537
76.905501
76.927733
77.000159
77.080624
77.036657
76.988700
76.949236
77.008787
77.151351
77.179580
77.234660
77.273963
77.291542
77.347558
77.299239
77.301505
77.221418
77.221223
77.318675
77.336008
77.355936
77.408362
77.441770
77.452863
77.345954
77.345374
77.308864
77.399033
77.348817
77.379879
77.426966
77.446378
77.534533
77.526524
77.542531
77.444424
77.456981
77.431939
77.425527
77.454997
77.425932
77.370373
77.332720
77.347937
77.394383
77.384580
77.390781
77.436632
77.518712
77.514714
77.490314
77.480959
77.560844
77.542067
77.542779
77.589749
77.557023
77.543578
77.504147
77.525356
77.519467
80.744969
81.413090
81.070721
80.446052
79.112618
79.448691
78.662750
77.891876
78.276996
78.084188
77.553341
77.181017
77.460382
77.609349
77.614157
76.971743
76.573665
77.133866
76.891712
77.407485
77.477177
77.281341
77.774968
77.572471
78.071876
77.984944
78.079635
77.924504
77.846174
77.672423
77.649028
77.758107
77.610527
77.831799
77.763991
77.677483
77.722033
77.592344
77.673720
77.420129
77.585313
77.535066
77.407975
77.541661
77.595702
77.570685
77.643073
77.650732
77.708076
77.682904
77.721903
77.553105
77.555018
77.450784
77.523270
77.436261
77.402066
77.494045
77.595582
77.536376
77.374151
77.445177
77.426496
77.402143
77.318760
77.242633
77.194223
77.218977
77.160522
77.056103
76.940816
76.900729
76.908279
76.802405
76.716106
76.772259
76.861845
76.954898
76.900803
76.912123
76.930696
77.006130
76.943833
76.975825
77.065376
77.124744
77.086417
77.141707
77.107294
77.210063
77.279035
77.263496
77.285032
77.333584
77.331678
77.344300
77.355874
77.219021
77.164019
77.238554
77.202928
77.208554
77.163323
77.185399
77.192009
77.134660
77.148628
77.205904
77.148349
77.099986
77.141059
77.184805
77.182222
77.193004
77.267899
77.255319
77.255979
77.279957
77.290968
77.269767
77.264438
77.278430
77.344404
77.394205
77.391814
77.360334
77.372775
77.400911
79.612264
74.386908
75.111643
74.609684
73.859176
74.810403
74.793665
75.767540
75.412569
76.423171
76.438599
75.761516
75.971734
76.720959
77.038567
77.352884
77.627319
77.435053
78.235378
78.438757
78.362280
78.082756
78.208334
78.138003
78.431454
78.150383
78.184792
78.484646
78.470092
78.532823
78.542933
78.366691
78.332180
78.450716
78.719469
78.987310
78.959748
79.162864
79.056679
79.046416
78.999166
79.078299
79.074909
79.152056
78.916840
79.005760
78.939783
79.006058
78.889107
78.844603
78.691210
78.727927
78.712241
78.725781
78.574714
78.502407
78.602024
78.505822
78.566042
78.573276
78.596850
78.489680
78.512583
78.411061
78.289860
78.289875
78.281508
78.258780
78.275288
78.280114
78.387533
78.395078
78.390505
78.453533
78.407960
78.308718
78.309358
78.252519
78.232453
78.244859
78.154731
78.108780
78.121490
78.158561
78.238150
78.263272
78.205639
78.154123
78.078830
78.063229
78.101674
78.056331
78.032484
78.041857
78.075264
78.076727
78.163857
78.140610
78.163510
78.193046
78.136596
78.101595
78.087777
78.106807
78.055158
78.103062
78.114186
78.087501
78.032130
78.022526
78.073221
78.099270
78.073211
78.029240
78.024763
77.975523
77.934615
77.902683
77.944199
77.939683
77.906330
77.897434
77.890847
77.859162
77.823298
77.853154
77.859882
77.839651
78.272687
75.620780
77.375937
77.647490
78.383120
77.494119
76.853983
77.661229
76.994723
77.617081
77.327217
76.858000
76.223922
76.296579
76.244390
76.287577
76.517485
76.683913
76.496255
76.478226
76.555520
76.749049
76.816951
76.894808
77.020163
76.876565
77.235522
77.142560
77.031365
77.200660
77.234073
77.209839
77.333041
77.466157
77.572732
77.411735
77.496968
77.475689
77.494363
77.517859
77.538704
77.436772
77.522461
77.565724
77.413329
77.328073
77.513067
77.588006
77.382211
77.487964
77.607582
77.722870
77.720416
77.692888
77.681424
77.647396
77.646726
77.611446
77.702032
77.721741
77.766382
77.751628
77.611616
77.691331
77.709427
77.762716
77.662879
77.744798
77.673671
77.636368
77.506176
77.412996
77.331109
77.318576
77.360497
77.385592
77.517422
77.502356
77.589143
77.625034
77.609423
77.516432
77.413014
77.406452
77.365279
77.301750
77.317107
77.299979
77.348111
77.438154
77.495280
77.543993
77.526602
77.501695
77.399832
77.361509
77.373145
77.327802
77.324461
77.336549
77.396608
77.372417
77.379898
77.360124
77.348437
77.355851
77.377128
77.398796
77.387845
77.314728
77.309651
77.309253
77.253469
77.238654
77.253747
77.259310
77.221451
77.276270
77.284633
77.249366
77.221554
77.259687
77.285942
77.231390
77.273237
77.254438
77.204920
77.212746
72.866244
74.031359
75.418753
76.218394
76.750317
77.298536
76.206650
76.203456
76.094017
75.782929
75.831074
76.458773
76.554101
76.591140
76.778623
76.374894
76.628092
76.716018
76.703750
76.747100
76.685408
76.283796
76.272688
76.485666
76.086103
76.237297
76.177740
76.121049
76.162463
76.334055
76.434058
76.430377
76.479578
76.483087
76.553726
76.775451
76.828806
