91.187032
100.298302
105.780074
98.302236
98.921909
99.700347
100.455399
108.736225
106.809582
104.867682
104.501245
105.981357
104.521862
104.456471
108.248752
106.733263
108.992412
108.366684
106.944266
105.327772
103.905197
104.631362
105.081031
104.382892
104.318163
103.262088
102.264897
103.193627
104.770916
104.498999
104.662477
104.330388
104.496567
104.533260
103.944436
103.677719
103.562619
104.275149
103.680684
103.089818
104.373563
105.046471
105.252602
105.884658
105.393358
105.120744
104.935962
104.645082
104.234070
103.827531
104.134343
103.818715
104.049663
104.528778
104.719890
104.356726
104.142646
103.740910
103.469306
103.052982
102.949632
104.119902
104.405507
104.272553
103.790322
103.549298
103.168944
103.094191
103.064291
102.992993
103.526987
103.507547
103.289752
103.869565
103.651188
103.290488
103.210138
103.015731
102.733697
102.753148
102.570063
102.852488
102.973825
102.708817
103.211813
103.076493
103.118092
103.151379
103.358809
105.041446
106.214802
106.263000
106.313359
106.137460
106.461538
106.841113
106.892468
106.889278
107.000082
106.776980
106.628996
106.595585
106.610288
106.641925
106.550916
106.733774
106.841032
106.920373
106.755663
107.141012
107.006623
107.060658
107.918310
109.554493
109.768521
110.083664
110.966502
111.553684
111.327713
111.112165
110.854577
110.652181
110.599416
110.587172
110.859132
111.192071
111.019925
110.797492
88.338110
99.005653
95.816964
96.695396
100.360832
98.604834
95.616919
100.393094
103.201624
101.490773
102.704146
101.255367
99.852072
98.254440
99.648150
100.786649
99.751319
98.950231
99.985085
99.433453
99.148132
98.698986
98.022097
97.551979
98.229513
98.945947
98.215500
98.147933
97.469239
97.104968
96.860817
96.310143
95.650836
95.317311
95.611138
96.715938
98.063479
98.298713
97.841085
97.853548
97.743542
97.372821
96.983282
97.562893
97.257887
99.884059
101.381664
101.621805
102.005057
101.930050
101.770920
103.484000
104.103454
105.866403
105.457125
106.163217
106.034848
105.581899
105.445411
105.226842
105.055653
104.636552
104.304658
104.071923
103.806017
103.578770
104.073704
104.358505
104.238946
103.992404
103.756375
103.637322
103.241622
103.458729
103.756363
104.000630
103.951143
104.012343
103.992106
104.107931
103.917114
104.180203
104.064092
103.962679
103.917466
104.766626
104.994355
105.265412
105.016625
104.934437
105.155219
105.292345
105.776424
105.525481
105.409107
105.456704
105.444546
105.251174
105.189038
104.932252
104.849909
104.732533
106.344708
106.317851
106.204941
106.098696
106.012432
106.004838
105.791266
105.772573
105.687580
105.559170
105.808903
106.673280
106.913446
106.663717
106.664070
106.406101
106.285853
106.734032
106.758831
106.659113
106.494739
106.291759
106.140792
105.929332
105.925674
105.855038
89.057452
82.869370
83.797568
84.082782
87.230180
88.684121
88.328163
90.305489
89.253454
89.012651
96.388622
99.275724
100.104437
103.115074
102.471626
101.604990
101.966851
100.712799
100.181976
103.471870
102.858511
102.375762
101.538190
101.768772
102.336594
102.391917
102.709059
102.737384
104.890045
105.517740
104.757843
104.798849
105.996156
107.100519
106.674399
106.843336
107.731494
106.990052
106.446847
106.007660
105.332215
104.599533
104.082749
104.303114
104.055036
105.179882
105.522349
105.610465
105.348929
105.611614
105.210873
104.625548
104.172648
104.020187
107.317248
112.199050
118.203147
121.436811
122.152147
121.746153
121.740062
122.383211
121.865388
121.255592
120.769341
120.227603
120.947245
120.554979
120.565168
121.383349
120.746285
120.508326
120.424569
119.935163
120.006128
119.533601
119.588926
119.496578
119.513672
119.894326
119.748637
119.666171
121.622603
122.365922
122.320156
122.355210
121.878294
121.502980
121.136061
120.788447
120.451882
120.864423
120.454690
120.486464
120.695465
120.397021
121.095316
121.172169
120.936520
120.824278
120.407564
120.161168
120.238032
119.905465
119.415765
119.249253
119.013818
118.607362
118.278652
118.055866
117.867782
117.523022
117.434762
117.320914
117.398505
117.214745
117.077379
117.221715
117.004742
116.709994
116.388109
116.239766
115.912285
115.624544
115.316779
115.220902
114.985177
114.725608
80.890732
120.969221
111.319596
115.912142
109.414638
105.505054
109.263376
107.652265
104.601809
102.103906
101.192143
100.438369
99.757481
100.901457
100.846122
100.346118
100.782335
101.722138
101.471311
100.541415
100.968720
102.298683
103.457573
106.848614
106.123215
109.619473
109.534092
108.721948
108.379472
110.102557
110.524179
110.908601
110.047323
109.903220
110.327945
109.671272
111.824256
112.079077
111.714102
111.209674
110.401202
111.605148
116.731255
117.151496
116.666581
116.698174
116.428558
115.574109
116.486043
119.192409
118.578584
118.691541
120.205425
119.411166
118.671427
119.029711
118.329208
117.717227
117.279510
117.274502
117.077828
117.710106
117.609705
118.016041
117.365590
117.308678
116.989218
116.643681
116.315649
116.042164
115.543447
115.713656
115.535896
115.334913
115.305017
115.178996
114.723656
115.127410
114.754352
114.746231
115.881185
115.985639
115.634369
115.534782
115.222995
114.876066
114.914021
114.480026
114.587681
114.373245
114.258184
114.064032
114.149110
114.525372
114.219509
114.096349
114.217942
114.335369
114.218380
114.117188
113.948799
114.266169
114.406104
114.475530
114.404036
114.122001
114.038393
113.835396
113.547596
113.260124
113.019138
112.824868
112.537018
112.525607
112.853782
113.843601
113.838337
113.868984
113.702049
113.526435
113.213215
112.923147
112.731513
112.473152
112.194152
112.077273
111.832416
111.712847
126.337514
121.159499
124.690651
114.561526
108.612774
103.627230
112.075768
117.889654
113.698301
116.186891
116.133555
117.852999
122.460549
119.534475
117.095822
117.044538
117.049072
115.612510
113.686371
112.222972
111.062556
109.617037
110.661597
112.308533
112.911136
112.368399
112.572724
111.792011
111.074983
110.955057
110.051059
109.165512
108.165169
107.493644
108.220934
109.151695
109.221951
108.480604
108.092006
108.133123
107.691494
107.188411
107.393667
107.352162
106.887888
110.630026
112.935467
112.171433
111.746636
111.469512
111.008223
110.900833
110.587144
111.458889
111.517465
111.059947
110.652377
110.409830
109.833551
109.511518
109.797306
110.820422
110.478743
110.869987
110.402117
110.015218
109.543437
109.079526
108.801770
108.705564
108.529186
109.257897
108.785557
108.364642
108.023058
107.681190
107.397315
107.481407
107.313010
106.852152
106.667575
106.532024
106.226615
106.064065
105.881403
106.002441
105.828897
105.720671
105.677049
105.605597
106.193717
106.247458
106.109956
106.792021
106.804154
106.808255
106.659518
106.389952
106.403100
106.703967
106.724540
106.758498
106.449149
106.628408
106.485498
106.231978
106.104341
105.824068
105.557131
105.557544
105.726584
105.471477
105.367999
105.197631
105.029627
105.198719
106.094384
107.611979
108.107150
108.281830
108.526819
108.402383
108.158879
108.299844
109.445395
109.642082
109.588232
110.077364
96.481554
98.975605
91.799957
91.528992
92.127828
96.789489
99.459562
104.121709
103.962691
101.824687
99.565417
97.530587
97.169844
97.846334
96.853304
95.692583
97.876198
99.490639
100.064034
100.260952
101.276572
101.987479
102.190333
103.130302
102.565021
102.467771
102.404258
101.574871
100.920005
100.919624
100.853977
101.014646
100.475031
100.716616
100.483097
100.621459
102.897178
102.676643
103.566687
103.858804
104.636171
105.151209
105.364876
105.692034
106.549245
106.333343
105.789618
105.492682
105.196793
105.460047
105.176505
104.824923
104.804350
105.091081
104.766090
105.067658
105.700249
105.831513
105.792840
105.349347
105.146502
105.017382
105.050405
106.771543
106.827577
107.061546
107.662678
107.986479
107.721826
107.780525
107.751707
107.353605
106.928766
106.652937
107.972569
107.736482
107.429007
107.110863
106.699089
106.525451
106.287894
105.985487
105.611729
105.644414
105.595607
106.063909
106.364606
106.326207
106.410865
106.241125
106.102365
106.081505
105.988871
106.259034
106.132467
106.022085
105.892922
105.761198
105.727436
106.348002
106.820384
106.563946
106.367274
106.153904
106.118100
105.949945
105.789471
105.720474
105.461569
105.454011
105.234843
105.035451
105.411366
105.500404
105.454355
105.375904
105.361515
105.202399
105.266699
106.154161
105.910150
106.324301
107.706084
107.724031
107.540954
107.962824
108.426665
109.419327
113.309652
106.197786
124.519402
132.292788
126.746058
120.051146
121.067557
117.524646
117.822051
115.724695
115.384431
118.043589
122.297503
120.644686
119.100024
118.209060
117.263761
117.753859
115.513099
115.467808
113.997024
113.272610
111.764393
112.039492
110.760756
109.737496
109.266696
108.117350
108.917515
108.394699
109.710561
108.929245
108.332065
107.491719
107.123092
106.203832
106.126446
105.696139
105.824372
105.330361
104.617203
104.689598
106.346277
106.655877
106.261619
106.421130
106.476958
106.733752
106.961581
107.872867
107.922037
107.324768
106.768576
107.200597
107.547555
107.346928
107.162492
107.613861
108.299487
109.717165
112.178550
112.300096
111.987337
111.774561
111.612914
111.971048
111.997537
111.685262
111.296416
111.442722
112.569857
113.135025
113.047136
112.746531
112.393570
111.946934
111.495182
111.231885
110.929435
110.512872
110.119710
109.789608
109.748276
109.953622
110.149608
109.783685
109.621787
109.627811
109.733189
109.705520
109.408171
109.150668
109.064250
109.046971
109.304709
109.672544
109.390453
109.406213
110.620533
110.281370
110.035511
109.733757
109.481339
109.336278
109.033020
108.817280
108.615196
108.828360
109.031757
108.813868
109.187485
108.958372
108.805316
108.645808
108.510759
108.505770
108.248808
108.139067
108.008410
108.514349
109.076204
109.164303
109.573094
109.593159
109.478811
109.414332
109.170153
109.075603
109.980864
103.195323
104.821921
103.943066
98.434905
96.552019
103.166318
99.610809
111.916437
111.531752
110.213850
108.098092
109.534822
109.082629
108.027237
106.527559
106.075895
107.340352
115.979013
127.491840
132.960031
130.537679
128.372601
126.542073
125.645603
126.149503
125.568746
125.156161
124.337029
123.401288
122.568891
121.205307
120.028600
119.040641
118.003844
116.858339
115.857383
114.915789
114.446611
120.611493
126.924116
131.802221
135.158786
138.408790
137.363068
136.066749
134.991018
134.017491
132.808754
132.676591
131.891796
131.417728
130.787687
129.847363
129.390119
130.790794
130.446080
130.148508
129.910450
129.911830
129.571382
129.129052
128.550755
127.954128
127.383847
126.656632
126.031274
125.483752
124.855858
124.973355
125.616887
125.171889
124.588458
124.003733
123.683754
123.577049
123.225901
123.475952
123.562157
124.487236
123.904477
123.777920
123.472872
123.059738
122.628340
123.395067
123.207506
123.117845
122.596891
122.451565
122.044885
121.628163
121.200078
120.863236
121.613131
121.983229
121.841055
121.625414
121.151001
120.856424
120.573908
120.137048
119.835715
119.506140
119.583922
119.220023
118.886034
118.550021
118.314741
118.004348
117.627047
117.416734
117.922136
118.208430
118.359435
118.580625
118.514388
118.273818
118.035099
118.459067
118.502068
118.350783
118.466932
118.438035
118.199948
118.379027
118.193648
118.131461
139.977584
235.955196
191.709452
193.159922
179.641584
167.232115
155.243659
147.138442
142.285767
140.613351
135.702134
134.289137
133.849284
131.519829
129.944311
128.672520
125.460149
128.790051
128.229270
131.412820
135.019295
134.824949
133.727866
131.747049
131.028838
130.743456
129.361880
128.408591
126.756285
125.563013
125.644001
127.507284
127.587331
127.418877
126.576217
125.831127
125.126883
125.258321
126.351443
125.950768
125.949124
125.678300
125.030138
125.548677
124.968626
123.916048
122.986249
123.272602
123.089224
122.537086
121.673052
122.266027
122.014125
121.274660
121.081770
120.913049
120.433167
120.170356
120.041395
119.664526
119.035122
118.877386
118.120622
118.087166
117.648481
117.217866
116.783225
116.678695
116.913625
116.997187
117.240491
116.866545
116.640410
116.344957
115.958117
115.853833
115.960966
115.510210
115.045237
115.217221
115.055892
114.674673
114.360853
114.486393
114.164732
113.991277
113.659904
113.536539
113.234059
114.243698
115.596496
115.771245
115.717088
115.425307
115.269643
115.206936
115.170601
115.316342
115.251658
115.393751
115.669509
115.338068
115.184397
114.816743
114.519771
114.314324
114.051284
113.866019
113.936873
113.731287
114.910301
116.348540
116.396470
116.094287
116.069369
115.728036
115.955046
116.031403
115.722386
115.526562
115.305646
115.028140
114.914218
115.091920
115.755330
115.498429
115.299407
115.420002
144.580431
128.255806
118.329440
110.922219
106.078368
102.513515
102.537562
103.841934
105.765133
104.028451
102.356391
101.701153
101.972478
103.127806
115.096944
118.132727
116.231281
114.929579
117.396729
122.271774
122.367279
120.366081
121.119162
120.850078
122.454293
121.457644
120.947839
124.077460
126.381606
126.438469
125.669923
124.519026
123.259080
122.486110
121.363139
123.630934
125.189569
126.411263
125.478283
125.434997
124.450316
123.821260
122.649886
121.770357
120.918278
121.446187
121.288698
120.899705
120.090328
119.579080
119.033589
119.019015
119.027740
119.028736
119.905391
119.294807
119.628172
119.022977
119.204847
118.651292
118.660498
118.233449
117.770267
117.547214
117.052596
117.383627
118.322603
118.315706
118.513350
118.794358
120.011749
121.409138
121.137894
120.809263
120.629317
120.117772
119.596361
119.087934
118.615249
118.526352
118.521561
118.422232
118.064886
118.132779
117.863029
117.431632
117.739967
117.601092
117.409460
117.829682
117.379843
117.029720
116.708579
116.382379
116.001765
116.090041
117.633018
118.736333
119.032850
120.349858
121.503144
121.154147
121.126087
120.989520
120.492608
120.208025
120.351698
120.083628
119.704193
120.127193
120.455165
120.632960
120.593802
120.408178
120.104953
120.382017
120.056606
119.699209
119.991717
119.914401
119.562634
119.554498
119.735901
119.452398
119.457904
119.196850
119.011236
118.863952
106.348950
96.201776
97.864365
104.997708
101.196026
101.791641
100.369817
101.769175
101.107374
102.876550
102.239642
100.030603
98.217778
97.668817
97.594641
97.860030
98.747552
99.264614
99.466234
98.684280
99.252461
99.692935
99.374088
99.072133
100.060603
99.317845
98.584214
99.190557
99.223948
98.896055
100.227642
100.390095
100.086388
103.163650
105.304038
104.635147
103.796016
103.564710
103.294380
102.945482
105.215207
107.990462
110.192703
110.051578
109.365523
109.392628
109.418038
108.818241
108.215770
107.585085
107.473892
107.440441
107.463184
107.028483
107.292359
107.142519
107.135051
107.001254
107.502744
107.511589
107.115732
106.823723
108.770815
112.215419
116.674706
119.071832
119.382917
119.524095
118.976302
118.460459
118.275970
118.334994
117.979701
117.638801
117.410949
117.182538
116.943919
116.881848
116.641282
117.200675
118.041219
117.712521
117.233046
117.120041
116.740010
116.776572
116.699969
116.384751
115.985824
116.798973
116.556643
116.459568
116.246136
116.083064
115.648826
115.355208
115.197297
114.963956
114.657376
114.363140
114.365651
114.186710
114.216898
114.117015
113.875675
113.586944
113.284276
113.122220
113.319612
113.539372
114.125659
113.797198
113.636675
113.518483
113.550940
113.369300
113.143809
113.058511
112.939655
113.194549
113.010347
112.795032
112.489549
112.282931
112.462197
112.359123
112.064856
111.844574
101.592092
99.599646
100.896299
102.729869
108.403235
117.814409
116.627475
111.750869
108.893174
106.583635
103.948537
104.859694
104.196077
103.015324
102.002715
100.705361
100.801853
100.996829
101.370685
101.358717
100.828298
100.218218
101.787362
101.893204
101.617191
101.123215
100.742318
100.570980
100.158995
100.431237
100.411593
100.284848
101.106176
100.502120
99.878924
99.683527
100.604215
