294.647289
539.243464
285.196706
272.800869
226.560753
612.753397
583.422372
187.069553
249.401598
183.720194
264.066016
567.246503
231.786973
311.545996
453.777690
289.929459
447.161636
214.546509
474.788467
673.048707
567.324161
611.963712
156.590521
956.669434
373.624782
571.308295
637.515816
271.228875
435.240042
293.644267
697.255893
434.129846
542.678745
403.870334
417.022657
159.746576
394.383773
265.588874
717.868103
172.175985
318.546096
405.407827
731.669968
446.217542
376.250351
974.321053
497.020483
305.068664
437.637493
1069.644473
505.288976
875.378561
430.665991
862.044027
395.776375
200.793427
476.114869
263.422009
659.902356
334.424639
186.836257
557.942348
485.766410
638.805220
257.045681
432.971233
490.239495
503.928957
672.745098
327.534027
218.210003
380.161010
167.538731
761.336347
534.542485
523.472638
155.839403
563.914076
264.877414
835.329221
134.267880
500.034013
422.795428
581.934934
514.877851
480.204384
571.607732
336.764992
233.344582
578.371878
556.997909
474.589496
409.966080
159.404258
457.070946
618.786037
450.217554
366.640873
500.765430
518.427834
319.452742
764.105782
695.188833
757.105880
549.856132
137.343898
214.284070
673.849778
282.747789
284.075597
367.792290
140.517043
651.619748
176.942856
756.377510
437.780747
337.008032
514.753824
565.903439
542.774598
410.813059
438.783692
437.575833
637.924546
397.427814
895.021904
625.913179
372.551476
949.878248
307.517703
898.755136
541.445612
524.325383
172.368445
421.539994
381.391431
389.916341
610.637432
466.669589
641.086093
746.126042
273.651243
276.326347
551.918238
348.748930
904.869023
909.876558
186.388052
243.630985
417.370453
583.967952
461.701289
206.884930
634.666185
208.140822
328.736103
227.626845
178.531166
204.233398
427.284906
223.435913
507.042658
312.764781
775.115781
427.054116
536.683574
431.378662
207.030809
449.187602
468.694851
192.135470
360.332249
809.794975
130.265999
314.259691
888.722711
164.323930
663.612033
1233.704100
458.287190
139.601882
389.148500
713.271419
529.791859
365.825720
468.145401
410.013355
144.001476
457.370440
933.650573
344.410145
844.560410
701.680383
459.683220
614.166390
228.343967
418.895721
850.338308
237.629879
204.230098
659.956584
615.866530
409.723011
497.798736
460.934598
717.751199
869.043564
639.844691
453.799216
1166.088249
544.195824
472.083436
768.400864
205.672290
550.726195
416.719717
336.841402
275.461121
183.028834
436.300092
341.714777
126.445206
354.478549
329.847636
268.493316
797.215113
153.150942
535.669463
427.922472
258.608861
437.034044
324.238663
371.599513
424.360881
475.222667
320.445197
417.628235
443.681826
612.557862
234.863443
476.502467
641.828912
721.393982
445.812251
561.680065
558.607209
659.656643
206.081979
217.949387
76.899231
153.351419
660.850098
722.458507
547.207616
259.316176
236.517017
