354.167396
598.749970
345.510452
332.063280
285.607786
672.584808
643.424227
246.598732
307.957127
243.572182
324.835261
627.338651
290.900743
371.143506
514.407218
349.057821
506.529627
273.066780
535.192265
733.702587
627.659961
672.092009
215.538362
1017.625046
433.274207
630.459189
698.400110
330.821681
495.861015
352.832078
757.400164
493.773260
603.438392
462.538994
476.737219
218.303658
454.464448
325.344156
779.134883
231.812872
377.292564
465.074855
792.490133
506.471588
435.910931
1035.072127
556.754281
364.736761
496.885945
1129.640134
565.781956
936.440888
490.906113
922.421540
455.751056
260.576296
535.394703
322.313426
720.354687
394.575546
246.499132
617.909859
546.099095
699.520022
316.202130
493.072457
550.394491
563.095367
733.352184
387.097736
277.078082
440.062424
227.370997
821.638522
594.959927
583.331053
214.799981
624.441061
323.890779
895.435380
194.054670
559.688670
484.547977
642.101074
575.513164
539.409705
631.998354
396.591984
293.895897
638.819108
616.498790
534.276521
469.349029
218.187166
517.584131
679.589454
510.364658
426.157970
560.446637
578.122096
379.069476
824.968237
756.316855
817.664667
609.975876
196.430766
273.993411
733.997071
342.429198
343.854565
426.488284
199.710120
712.198328
237.650015
817.494754
498.717602
395.959426
575.253154
624.256610
603.436757
470.920791
498.453061
498.379576
698.903012
457.014195
954.673227
686.868619
433.068216
1010.782916
367.454108
958.818756
600.963087
585.092839
231.971041
480.879882
441.886730
448.170054
670.618017
527.166077
700.719130
806.905479
333.039639
335.120106
612.253585
408.830195
965.773707
969.749268
246.088492
303.750416
477.393274
644.184564
522.449906
266.626526
695.378141
266.440938
388.146856
287.574747
236.193166
263.639881
486.345023
282.900485
566.477615
371.616219
835.870636
486.451947
596.328099
491.180835
266.947735
509.121926
529.491849
252.530457
418.862358
870.652611
189.823693
374.433643
948.340233
223.780671
723.681952
1294.993683
518.739780
199.747773
448.732140
773.919472
590.458288
426.313375
528.451564
470.866021
202.262462
518.218971
994.384519
404.229534
904.833935
761.830490
518.156147
675.239033
288.531921
479.252588
911.366989
296.737844
263.325508
719.883738
675.341727
470.595048
558.889357
521.283392
777.531115
929.535350
700.707706
514.628790
1227.482364
604.040307
531.474677
827.768541
264.085360
611.485093
477.830185
397.081280
334.291050
242.487808
496.349949
401.164788
186.799298
414.004997
389.900543
328.243259
857.447672
212.391312
595.694030
488.246271
318.153653
497.640771
384.259148
432.169580
483.281765
534.710068
379.524640
477.528067
503.234236
672.649269
294.662922
537.830643
701.837423
781.333426
505.763813
621.443370
617.827893
719.806932
265.529545
278.647245
136.552475
212.625919
722.091976
782.987689
607.247513
318.918734
296.647377
