461.694891
350.307176
302.819376
442.771444
555.004572
493.827558
357.049308
381.367289
223.821233
576.062550
538.404925
497.549060
607.270047
387.225100
671.678606
312.647948
404.034915
766.954887
363.375413
170.291963
326.899681
730.096157
285.385214
380.368103
391.887612
285.626012
384.739403
444.308257
590.315421
373.859830
67.109396
304.703929
740.411343
286.454826
287.316530
596.008865
651.912763
695.377635
515.758380
963.274228
416.833086
122.642384
806.934343
203.174093
511.730214
369.027363
390.757389
310.910721
443.344870
167.950986
527.767705
261.646666
653.849552
620.407053
894.554973
467.341884
508.864700
652.064142
628.725856
526.103184
484.785249
410.227794
516.463881
409.728732
326.494536
517.678908
343.115919
647.950478
595.275367
577.435022
306.353871
511.688221
390.951048
333.717734
441.312389
579.293230
495.292133
626.348321
425.581481
409.396476
417.289803
403.428057
541.792036
723.361869
692.306163
379.651721
342.845722
704.672446
532.779044
610.407049
374.795254
392.866203
194.038846
562.823135
449.969097
417.867728
484.673769
512.264553
405.853660
572.613366
806.708800
197.507515
621.916807
419.001440
390.436688
380.109531
520.656025
569.214717
273.459972
539.803737
142.605691
793.215892
371.797515
688.889368
351.772016
407.229904
589.725646
502.069552
448.959609
595.691603
620.908957
334.707463
471.487250
456.730376
215.492078
410.332206
409.167593
352.522046
588.471506
683.343467
293.092838
518.634675
289.166470
677.572885
495.527123
551.776985
176.121826
173.229666
474.291863
518.195829
495.745350
354.650236
563.720212
681.101766
802.967151
205.283391
360.108824
466.457738
292.790360
536.142491
383.305172
695.014399
593.003864
786.106718
565.062482
333.815881
414.328898
262.658855
659.353180
180.483119
415.986839
400.072058
318.805896
615.116169
425.053103
347.781101
480.901099
378.608778
541.874161
527.231542
475.404924
248.482638
543.623325
284.984166
686.179440
325.511005
314.223553
282.725891
428.314343
764.556376
607.607865
390.437807
370.161041
424.314276
737.771159
218.830111
241.226909
398.829138
464.024480
220.288693
597.835457
405.185499
549.712682
508.973728
283.837158
816.860225
284.664483
166.063085
259.728071
794.429502
477.777174
329.596780
426.354213
537.490982
529.452401
174.486386
409.903658
186.021625
819.931886
384.317342
261.412901
486.406670
371.147481
402.881891
489.447936
620.987088
595.422886
480.017415
833.049465
546.313623
788.886126
643.957950
779.882303
492.484488
438.352393
423.408740
491.472054
493.646497
719.345691
340.588574
553.676851
296.756725
269.238219
316.385832
411.310722
499.887780
344.969166
103.675585
366.332801
408.003081
457.466969
234.828525
345.252732
423.775559
263.798518
75.361878
472.069918
771.700512
915.556947
837.282688
288.685245
360.982934
405.871824
529.015735
416.491126
229.095937
