3652.698459
3548.763233
3517.965984
3602.530791
3790.273927
4114.856816
3643.934130
3272.130374
2868.629232
3479.177019
3660.325883
3608.350661
3739.733617
3627.566382
3661.732621
2939.750096
3438.449929
4328.305597
3365.804206
2658.547660
3512.055155
4026.888416
3387.427769
3480.623390
3438.738019
3261.643703
2745.507498
3207.458749
4001.165730
3414.528483
2690.173010
3258.045247
3828.446124
3677.568667
3643.916776
3628.342832
3912.608680
3882.466290
3021.449321
4076.137274
3440.608576
2771.124180
4005.877150
3327.848917
3601.228169
3806.277157
3398.366002
2976.306679
3731.759506
2966.855641
3788.196314
3117.543460
3967.711633
3636.747726
4326.711526
3239.708660
3375.029798
4065.975259
3730.746952
3902.143542
3492.460495
3488.654630
3577.118100
3369.830342
3411.644564
3413.292354
3285.156322
3842.238849
3643.999491
4051.357761
3051.204326
3801.280461
3459.285335
3064.056554
3344.179675
3544.337573
3196.140850
3902.935476
3475.181524
3796.773427
3123.242866
4042.792419
3495.014291
4382.680436
3687.933806
3135.195669
3099.630542
3949.434303
3799.238734
3571.613683
3348.102352
3982.526651
2915.871619
3690.034297
3617.644227
3551.726057
3343.884200
3755.653014
3274.847070
3903.126815
3971.224650
3040.734336
3926.091521
3480.593556
2968.503053
3225.842297
3619.415685
3841.921240
3163.515059
3383.671374
3069.416129
4567.518801
3347.788307
3977.813436
3065.372982
3252.552220
3964.933580
3352.866705
3228.618142
3733.624528
3879.651041
3497.415945
3591.813171
3823.767143
2770.503774
3445.132040
3371.852807
3349.006513
3918.650520
3961.079556
3132.066185
3695.188590
3475.900821
3594.695593
3590.972834
3540.949177
2870.409226
2773.275940
3284.523060
3652.970412
3516.936801
3452.074173
3660.875219
4004.048178
4224.468139
3038.684381
3089.990688
2974.794369
3136.770284
3649.656838
3677.582815
3574.882703
3449.680668
3902.580349
3536.706860
3500.727155
3125.524722
3114.738093
3753.281244
3022.364463
3249.685632
3583.436103
3736.437967
3742.388088
3322.807377
3266.780016
3165.193251
3089.274913
3499.152861
3644.715786
3332.676691
3168.528661
3715.417578
3349.455914
4221.860035
3265.203095
2918.735236
2914.248015
3313.070057
3947.824048
3759.721223
3121.589291
3365.280083
3413.118051
4556.609106
2962.852932
3452.210188
3087.946110
3683.594236
3088.522125
3868.076444
3471.874155
3874.721528
3717.340208
2997.874251
4371.228881
3354.685500
2819.395854
3222.431255
4058.531832
3382.348756
3419.433124
3814.675537
3753.960809
3456.117712
3748.015280
3381.086522
2890.715603
3817.481031
3264.703901
3058.752386
3394.284852
3261.543583
3485.233839
3376.457869
3800.067436
3523.552555
3331.493896
3965.267291
3709.233281
4434.082407
4361.660944
4069.157471
3702.775952
3655.320145
3592.167004
4165.576470
3907.369052
4136.943982
3363.456716
3412.690840
2874.285421
3160.755691
3170.540767
3061.215308
3881.749493
3108.346568
2980.734290
3376.975143
3934.709568
3942.404309
3249.279026
2902.024070
3251.583928
3412.629640
2310.009251
3669.479356
4013.025747
4255.995743
4033.981235
3315.004906
3572.688194
3367.881799
3498.769256
3046.580240
3018.732745
