0.50761776953125
0.93362617578125
1.23872665625
1.456831109375
1.68164645703125
1.8894964453125
2.0538582578125
2.190533765625
2.32344536328125
2.45295650390625
2.57066191796875
2.675918796875
2.762759640625
2.8277522734375
2.88702185546875
2.95254061328125
3.01187555078125
3.0729002578125
3.13530978515625
3.19131791015625
3.24535207421875
3.29912449609375
3.35577808984375
3.41331121484375
3.47301806640625
3.53211788671875
3.5900310390625
3.64133137890625
3.68503413671875
3.72577913671875
3.76226829296875
3.80114716015625
3.83883144921875
3.88076071484375
3.91751528515625
3.9562656328125
3.98957464453125
4.0228441328125
4.0515251171875
4.07938211328125
4.1081293203125
4.133122515625
4.15953438671875
4.18410217578125
4.20446535546875
4.22643577734375
4.24860016796875
4.26945542578125
4.28744006640625
4.30297988671875
4.31912902734375
4.33400487890625
4.3505725390625
4.36704998828125
4.3773814296874995
4.3872128046875
4.39431182421875
4.4010398359375
4.41171397265625
4.42236375390625
4.43351916015625
4.4424843046874996
4.4495990625
4.45661241015625
4.4626149765625
4.46892197265625
4.4741200625
4.481485625
4.48987098046875
4.4985913515625
4.50521191015625
4.510515078125
4.517000046875
4.52960725390625
4.54090004296875
4.55106921875
4.5607821015625
4.57255351953125
4.58219971875
4.59129798046875
4.59982580078125
4.609482765625
4.6187475546875
4.62695637890625
4.63279733984375
4.6384011718750005
4.644545046875
4.6501062265625
4.65517616015625
4.65753089453125
4.661520703125
4.66704085546875
4.67220137109375
4.676262296875
4.68123115625
4.683430875
4.686166453125
4.69055799609375
4.696391375
4.70145216796875
4.7077476640625
4.7151348359375
4.7227761640625
4.7300968125
4.7365350703125
4.742988703125
4.75064290234375
4.75771584375
4.76155300390625
4.76422976953125
4.76984981640625
4.77436598046875
4.77791862109375
4.78114916796875
4.784691265625
4.7862984375
4.78937755859375
4.79071648828125
4.7924475078125
4.79363151171875
4.79287378125
4.7908082421875
4.78615360546875
4.786242296875
4.7844125390625
4.78407887890625
4.7801384375
4.7787842421875
4.77854830078125
4.77894834765625
4.778139453125
4.7761681796875
4.77455378125
4.77210385546875
4.7699955234375
4.768308609375
4.7655336015625
4.76095870703125
4.75671644140625
4.7521603203125
4.749569921875
4.74707126171875
4.74436097265625
4.74204003515625
4.74079534375
4.73999703515625
4.739210296875
4.73843611328125
4.7382318281249995
4.7355028125
4.73304421484375
4.73055345703125
4.7293134921875
4.72717106640625
4.7248721328125
4.72172312890625
4.7197785859375
4.7167121484375
4.71410183203125
4.71216876171875
4.7095145859375
4.70759637890625
4.7056792578125
4.704455765625
4.7042943515625
4.70369776171875
4.7059062578125
4.7083596171875
4.71184397265625
4.714875
4.71862327734375
4.72298801171875
4.72699276953125
4.7308426171875
4.7356650859375
4.7385050390625
4.74164709765625
4.74488957421875
4.7489701640625
4.75131266015625
4.75513842578125
4.7589020546875
4.76407498828125
4.76851037109375
4.7713185859375
4.77522185546875
4.778267953125
4.78026348046875
4.7833385585937505
4.785833546875
4.787489875
4.79066878515625
4.7935880703125004
4.796054796875
4.798337046875
4.8007010703125
4.80382886328125
4.806541125
4.80976605859375
4.8144635625
4.818321109375
4.82185903125
4.82558736328125
4.82898078515625
4.83266765625
4.83593651953125
4.8391639453125
4.84136653515625
4.84505505859375
4.84823344921875
4.8526884140625
4.85671385546875
4.8599796953125
4.86175825390625
4.86460425390625
4.86702099609375
4.869115828125
4.871084109375
4.87364824609375
4.87597598828125
4.878114734375
4.8818507734375
4.88534498046875
4.88881405078125
4.891532140625
4.89527030859375
4.89902898046875
4.90284607421875
4.90589446875
4.90965939453125
4.913933
4.9176570234375
4.92085046484375
4.92305009375
4.9256115703125
4.927117046875
4.929432703125
4.930875265625
4.93236002734375
4.9340579453125
4.9359630546875
4.9374475859375
4.939260359375
4.941112125
4.94334637890625
4.94401999609375
4.9439629765625
4.943456734375
4.9433673203125
4.94349351953125
4.9441719960937505
4.945783359375
4.947848
4.94849364453125
4.94873612890625
4.94921803515625
4.9490678671875
4.94968177734375
4.95148593359375
4.95282450390625
4.9535559140625
4.95593091015625
4.95860334765625
4.96140405859375
4.96493671484375
4.96824534375
4.9706842109375
4.9719211796875
4.9738745390625
4.9753739843750004
4.97654572265625
4.976882359375
4.97684017578125
4.97681783984375
4.97724695703125
4.97857362890625
4.980056828125
4.98179824609375
4.98390091796875
4.9859353984375
4.98801384765625
4.9900814140625
4.99159916015625
4.99304573046875
4.99435967578125
4.9955055625
4.9967167734375
4.998414765625
5.0006328515625
5.001759078125
5.0042859765625
5.006560859375
5.0080439140625
5.0092635078125
5.00929808203125
5.00928216796875
5.0088292734375
5.00781568359375
5.00598540234375
5.00470545703125
5.00369409375
5.0026666484375
5.00130591015625
4.9996158984375
4.99729391015625
4.99533070703125
4.9936885703125
4.992064734375
4.9910042109375
4.9906793984375
4.9899819609375
4.9905396796875
4.99022640234375
4.9903208046875
4.990783578125
4.99044258203125
4.99004215234375
4.9895793984375
4.98833795703125
4.987089015625
4.98514173828125
4.983410046875
4.9822704453125
4.98046263671875
4.9792287578125
4.9787095859375
4.97867014453125
4.97874657421875
4.97881111328125
4.97835878125
4.97878131640625
4.979272359375
4.97904333984375
4.9791881328125
4.97929534765625
4.97960371484375
4.98028883984375
4.9811231640625
4.98149765234375
4.98156023046875
4.9813173046875
4.98204864453125
4.98285516796875
4.98465384375
4.9862440234375
4.9878934375
4.989750640625
4.99104764453125
4.99256272265625
4.99338020703125
4.99465358203125
4.99554298828125
4.9960946484375
4.99655703515625
4.99658720703125
4.9971677578125
4.997582421875
4.99862714453125
4.99939169140625
5.00067122265625
5.0012150390625
4.99872753515625
4.99434940625
4.98817369140625
4.9807005390625
4.9727384921875
4.962712109375
4.95291071875
4.94253548046875
4.9316617734375
4.922004546875
4.9111308359375
4.9008014296875
4.89003928125
4.8796893046875
4.868444265625
4.85842826953125
4.84726195703125
4.836604171875
4.82594205078125
4.81586169921875
4.80526080859375
4.79535739453125
4.78480160546875
4.77507757421875
4.76529058203125
4.75540273046875
4.74525451953125
4.73529140234375
4.725322359375
4.71444840234375
4.70426564453125
4.6945291640625
4.68505302734375
4.6747451796875
4.6649083359375
4.65554519140625
4.64560441015625
4.6368405078125
4.62668967578125
4.61664393359375
4.60683621875
4.5974963125
4.58845375
4.57932290625
4.5699471328125
4.560665890625
4.55113537890625
4.5420282109375
4.53350423046875
4.5249330546875
4.51610512109375
4.50718571875
4.498521609375
4.489696375
4.48109005078125
4.4725832578125
4.4635536953125
4.45474449609375
4.44667892578125
4.43793298828125
4.4289609140625
4.420459796875
4.4123119296875
4.4040170625
4.39584056640625
4.3869871875
4.3786141875
4.37048574609375
4.36220073828125
4.35377980078125
4.34537330859375
4.33749976953125
4.32892340625
4.32145271484375
4.31343303125
4.30572819921875
4.29774129296875
4.28993914453125
4.28229430859375
4.2742785
4.26700777734375
4.25957312109375
4.25130397265625
4.244012109375
4.2366843124999995
4.22908773046875
4.2212362734375
4.213853125
4.206494140625
4.19932150390625
4.191752421875
4.1848858125
4.17761533984375
4.17027051953125
4.16298515625
4.1558957109375
4.1486202890625
4.14093009765625
4.13415056640625
4.1271171328125
4.1198926171875
4.11251790234375
4.1052949921875
4.09819518359375
4.09183290234375
4.08506526953125
4.0783835
4.0711793984375
4.06420448046875
4.0578425546875
4.05074535546875
4.04420525390625
4.03755723828125
4.030426859375
4.02391200390625
4.0170891953125
4.010618328125
4.00392252734375
3.99732067578125
3.99086216015625
3.98463209375
3.977651
3.971319953125
3.96457383984375
3.957886546875
3.9514015234375
3.94482541796875
3.938269078125
3.93164541015625
3.9251190625
3.91887876171875
3.912916046875
3.906577109375
3.90034666796875
3.8937281875
3.88733053125
3.88125951953125
3.87493898046875
3.8687166953125
3.86266569921875
3.85699887109375
3.8511136796875
3.84522898046875
3.8396531328125
3.83387763671875
3.82781305078125
3.82205373828125
3.81651734765625
3.81073494921875
3.805046734375
3.7991384375
3.793318125
3.787593546875
3.7817080234375
3.77632708984375
3.77056917578125
3.765177921875
3.7595124453125
3.75389098828125
3.7483674453124998
3.74291335546875
3.73752731640625
3.732159203125
3.7267890390625
3.7214819453125
3.71589579296875
3.7103910625
3.7049476015625
3.69992627734375
3.6946304648437502
3.68918737109375
3.68406459375
3.67840723046875
3.6735004609375
3.6684185859375
3.66316714453125
3.657536515625
3.6523840078125
3.6471550859375
3.64207975390625
3.63685638671875
3.63165513671875
3.6263458476562502
3.62114112890625
3.61591515625
3.61088296875
3.6057056015625
3.60132531640625
3.595977921875
3.590991453125
3.58617798046875
3.5811951484375
3.576253640625
3.57148143359375
3.56649353515625
3.5618290859375
3.5568724609375
3.5520875859375
3.5474966953125002
3.5426974453125
3.53792371484375
3.5331761953125
3.528607171875
3.5241174453125
3.519676890625
3.51516429296875
3.51030017578125
3.50565483984375
3.50098280859375
3.4963939921875
3.4923229609375
3.48754725
3.48309051953125
3.47855908984375
3.47398643359375
