2.94804769140625
3.8833457109375
4.7143113515625
5.41650034375
6.037025859375
6.56442129296875
7.053404984375
7.569680765625
8.0418146953125
8.46579860546875
8.86155726953125
9.23667265625
9.5764799296875
9.87655909375
10.1121097890625
10.32586955859375
10.5077890703125
10.7121028203125
10.909045171875
11.095663703125
11.29586696484375
11.48476063671875
11.6762176796875
11.85000557421875
12.00873177734375
12.16556607421875
12.31765487890625
12.45920596484375
12.59267774609375
12.692266578125
12.77132029296875
12.85071342578125
12.9268928359375
12.98269918359375
13.04138769921875
13.0941648671875
13.15887695703125
13.24414614453125
13.32685539453125
13.413559140625
13.5028781171875
13.57566255078125
13.641013375
13.68490835546875
13.72488938671875
13.76562176171875
13.7994996875
13.83354719140625
13.87883268359375
13.9239353046875
13.95569179296875
13.985790375
14.0251134765625
14.06992193359375
14.11883922265625
14.16416802734375
14.20821937890625
14.23574699609375
14.26863096875
14.3106025234375
14.34247451171875
14.36772427734375
14.38172210546875
14.3972503984375
14.4159463203125
14.43460533984375
14.45005153125
14.470248578125
14.49603002734375
14.5228976953125
14.5588639140625
14.59440225390625
14.62522778125
14.6529649921875
14.67593786328125
14.699555125
14.72662307421875
14.747069640625
14.76506794140625
14.7818488125
14.79544396484375
14.809445203125
14.81993069921875
14.82576912109375
14.8277375234375
14.83755842578125
14.84569440625
14.860118796875
14.8743946015625
14.89482513671875
14.910175257812499
14.9261689296875
14.94875322265625
14.96421234765625
14.97902962109375
14.996034171875
15.01366398828125
15.03905037890625
15.06284246875
15.07340007421875
15.0850835234375
15.0965945859375
15.11316562890625
15.1270750078125
15.144826203125
15.16474101953125
15.18781796484375
15.21307975
15.237931703125
15.25886265625
15.27724432421875
15.29652069921875
15.31756819140625
15.33734084765625
15.352392109375
15.36814680859375
15.38522720703125
15.3976458671875
15.4122298515625
15.42854939453125
15.4460540390625
15.465407921875
15.48447258203125
15.4968251953125
15.5081798671875
15.5255340546875
15.54427766796875
15.5674943984375
15.587782171875
15.607773734375
15.62851516015625
15.6521491328125
15.67383676953125
15.6973838671875
15.71784390625
15.73359737890625
15.74651596875
15.7638306171875
15.78298816796875
15.80386523828125
15.819988609375
15.834461890625
15.84902919140625
15.86339753125
15.88135360546875
15.896497515625
15.91071773046875
15.92868539453125
15.9452692265625
15.96481454296875
15.98216776953125
16.00029175390625
16.01737442578125
16.0298335
16.04101845703125
16.0495128828125
16.05992684765625
16.0715694296875
16.08003078515625
16.0895166328125
16.1017617421875
16.11427178515625
16.1268727734375
16.1369363125
16.1450478203125
16.15111657421875
16.1582937734375
16.1655630703125
16.169709953125
16.17058679296875
16.1711753515625
16.17054762109375
16.16980619140625
16.1690425234375
16.16690559765625
16.16522375
16.161923441406252
16.16064287890625
16.15952425
16.16129401171875
16.1658790234375
16.17180705859375
16.1781200703125
16.186354578125002
16.1958579140625
16.20437244140625
16.2093201015625
16.21174768359375
16.21685488671875
16.2238558125
16.230869625
16.236728296875
16.2402519375
16.2451376015625
16.2486033828125
16.25444982421875
16.2600553359375
16.26389391015625
16.26611203125
16.26567187109375
16.26356658203125
16.2629551875
16.26515437109375
16.26828426953125
16.2708488203125
16.27558901953125
16.28057754296875
16.28182498046875
16.2804816328125
16.2823395234375
16.28387610546875
16.285023765625
16.28491300390625
16.2846089296875
16.28771401171875
16.29019054296875
16.292290015625
16.29548044140625
16.2996293671875
16.3035736953125
16.30657091015625
16.31001949609375
16.311245734375
16.31231138671875
16.3159714765625
16.31692544140625
16.3138855078125
16.31124902734375
16.307919234375
16.3053414296875
16.30516283203125
16.30657688671875
16.31003241015625
16.31521650390625
16.3178117890625
16.3201993359375
16.31991076953125
16.3162717734375
16.31173216796875
16.3096593359375
16.3076283125
16.3044761328125
16.30250683203125
16.3037198671875
16.3029389140625
16.30032665234375
16.29568414453125
16.290582734375
16.28434399609375
16.28030253515625
16.27584501953125
16.27173743359375
16.26653046875
16.26158264453125
16.25655569140625
16.2522486953125
16.2475108671875
16.243600171875
16.2393329921875
16.2340768203125
16.22988196875
16.22677492578125
16.2254703359375
16.22354410546875
16.2235271484375
16.22347897265625
16.224296671875
16.2276387890625
16.23114546875
16.23397257421875
16.2375949375
16.24138565234375
16.24501207421875
16.248479203125
16.2526111015625
16.25667821875
16.2627775703125
16.268750296875
16.2748882421875
16.28078594140625
16.28676105859375
16.29293375
16.2980322734375
16.30340766015625
16.30939998046875
16.3149709921875
16.31921001171875
16.3224339296875
16.32669675390625
16.3337160234375
16.34127806640625
16.34766841015625
16.35353207421875
16.35963059765625
16.36629771484375
16.37466783203125
16.38220166015625
16.3884377109375
16.39566566796875
16.4045030859375
16.4123203671875
16.420220546875
16.42898323828125
16.43806233984375
16.44501428515625
16.451180359375
16.45683134765625
16.46024144921875
16.462920828125
16.4665646015625
16.470715429687502
16.47528292578125
16.48126572265625
16.487939625
16.4951360390625
16.50213108203125
16.5082710078125
16.51269759375
16.5154759765625
16.51859506640625
16.52162036328125
16.52538246484375
16.52700582421875
16.5281279609375
16.53001964453125
16.5325282578125
16.533240578125
16.5325140703125
16.5303263359375
16.52937411328125
16.52944961328125
16.53086820703125
16.532561703125
16.53618053515625
16.5387714140625
16.5411970703125
16.542957703125
16.5467391953125
16.54952299609375
16.55242866015625
16.556194234375
16.55980544921875
16.5638193828125
16.56753664453125
16.57045281640625
16.571075765625
16.572243921875
16.57481180078125
16.577658609375
16.58086028125
16.58292601953125
16.58428258203125
16.58466658984375
16.584617734375
16.58326137109375
16.5824893046875
16.582252015625
16.58149615625
16.58008944140625
16.57838827734375
16.57362420703125
16.56413366015625
16.5452248984375
16.52023139453125
16.491485609375
16.46068412890625
16.42852781640625
16.39494763671875
16.36060471484375
16.3252715703125
16.2901518515625
16.25584428125
16.22137577734375
16.18756038671875
16.15311937109375
16.11905276171875
16.0849831640625
16.05178928125
16.01848128515625
15.98564040234375
15.95335790234375
15.92128147265625
15.88901784765625
15.8573883984375
15.825674964843751
15.7936418125
15.76280012109375
15.73203392578125
15.700896140625
15.67045162890625
15.64028609375
15.610209921875
15.5804369921875
15.550792296875
15.52167674609375
15.49303684765625
15.46408406640625
15.434911796875
15.40593346484375
15.3771466328125
15.34837630859375
15.31997456640625
15.2916727421875
15.263118347656249
15.23504780859375
15.20713797265625
15.1790258125
15.15142084375
15.12405055078125
15.09673276171875
15.06924262109375
15.04151859375
15.01483480078125
14.98822851953125
14.96206494921875
14.9356316953125
14.90924168359375
14.88345366796875
14.8572008046875
14.83109595703125
14.8053033515625
14.77952114453125
14.7543339921875
14.7293376875
14.70409610546875
14.679109734375
14.65439731640625
14.62934575
14.60427957421875
14.57947444921875
14.55450444140625
14.53024031640625
14.50658396484375
14.48264007421875
14.4586897734375
14.435325921875
14.41128760546875
14.3878833359375
14.36430304296875
14.340961296875
14.3178805625
14.2948304296875
14.2717067109375
14.24857784765625
14.2259730703125
14.2032546640625
14.180668359375
14.15848122265625
14.13640516796875
14.11442930859375
14.09251803125
14.07092166015625
14.049229867187499
14.0275996171875
14.0061068515625
13.98475688671875
13.9640187265625
13.9430132734375
13.9219306015625
13.90095076171875
13.8799433828125
13.8587215859375
13.838037625
13.81746208984375
13.79724278515625
13.77777025390625
13.75808520703125
13.7381445703125
13.7179773125
13.698043703125
13.67823378125
13.65881015625
13.639300375
13.61969916796875
13.600238328125
13.5814027578125
13.56242350390625
13.54369684375
13.524842953125
13.50599021875
13.48752840625
13.468653234375
13.45053694140625
13.43264545703125
13.41404418359375
13.3957938984375
13.3775559375
13.3596953046875
13.34195522265625
13.3239137890625
13.30601561328125
13.28851860546875
13.271690671875
13.254831328125
13.2379009765625
13.22132694140625
13.2047940703125
13.18823828515625
13.17185604296875
13.15557950390625
13.139473875
13.12387055859375
13.10828494921875
13.09252331640625
13.07692841796875
13.06129237109375
13.0457196328125
13.03053035546875
13.01568887890625
13.0009548984375
12.98602191015625
12.97042457421875
12.95513484765625
12.93977880078125
12.92431223828125
12.908991953125
12.89394665234375
12.87864725
12.8638090078125
12.849115
12.834524625
12.81996048046875
12.805675359375
12.79160530859375
12.77771162890625
12.76399339453125
12.75008377734375
12.7357659140625
12.72173311328125
12.70772602734375
12.6934523359375
12.67944170703125
12.6652103359375
12.65142040625
12.637855984375
12.624642828125
12.61160946484375
12.5982582578125
12.5846947734375
12.571556140625
12.55861515234375
12.545846046874999
12.53269518359375
12.51959948828125
12.50648541015625
12.49320355859375
12.479793390625
12.46653442578125
12.45344728515625
12.44040391796875
12.4275555546875
12.4149212734375
12.40252871484375
12.39012192578125
12.37765908984375
12.3650408671875
12.35263381640625
12.33995495703125
12.327738640625
12.31589088671875
12.30388947265625
12.29134391796875
12.27952913671875
12.2679872890625
12.256922859375
12.2458220859375
12.23472231640625
12.22319721484375
12.211535187499999
12.19985487890625
12.18866898046875
12.17748094921875
12.16614382421875
12.15504001953125
12.144039546875
12.1332385703125
