108.247411
91.177949
95.036652
78.722962
76.627327
66.636898
97.596299
82.000747
98.465559
84.838824
108.911908
90.757133
95.278877
79.897184
126.162830
104.747064
88.073136
77.418957
78.036718
68.815041
77.166786
69.340399
183.972570
153.393482
155.053267
130.106334
83.270214
70.722608
91.728739
77.994022
80.407228
68.279145
153.748436
125.213067
104.593774
88.628440
152.982105
124.377832
80.484074
68.600971
96.218401
79.900346
56.720529
51.591246
66.139938
59.383161
101.410504
86.752029
128.760455
105.213903
150.251516
124.231543
127.977298
103.992158
127.834153
106.010100
110.196433
93.243679
125.143525
101.810109
102.222917
86.007302
169.026946
133.683725
150.782130
125.387462
116.320931
94.279858
123.454225
101.491558
68.256289
59.820464
105.337331
86.412440
102.985348
84.834904
88.724854
76.970493
165.094821
133.079215
88.179923
76.601384
85.183085
72.425501
151.808926
123.615477
105.575917
90.281982
97.495109
80.867826
88.835501
75.931538
123.710569
101.403536
112.036095
93.418222
133.222051
110.999880
87.973738
75.559246
99.192850
83.201453
92.519106
78.398044
110.471309
93.911884
106.186337
89.059436
96.116337
81.858787
153.920390
123.147515
96.665831
81.446407
119.143183
98.453791
92.960326
78.482175
96.342852
81.462776
105.675899
88.561039
175.354248
139.597431
93.679030
79.545173
109.775573
90.939068
100.955588
84.850346
128.477572
105.563504
129.580257
109.934164
94.582592
79.985852
85.763974
72.676935
89.551574
76.037289
87.537859
71.826329
113.829128
94.028272
90.337061
76.830032
136.909843
110.908723
133.781994
110.783445
110.941508
92.365952
141.090782
115.750420
132.175372
108.856669
109.370854
92.183414
139.459565
117.717936
111.107403
93.186895
86.508748
74.369256
110.383157
92.711641
147.855291
121.117121
96.682135
80.904095
178.713388
162.445914
155.224171
127.865401
113.693077
94.172604
140.209127
115.532811
67.901391
60.399679
232.565816
185.689497
94.879124
80.682421
145.774210
120.699079
131.268544
109.081424
98.759626
81.613622
190.689750
151.961798
98.740412
83.149710
144.080856
116.528448
74.429910
65.879697
128.816517
104.948034
91.477060
77.813626
153.252572
125.753656
152.427586
125.100208
122.066175
100.953917
110.005180
90.979825
113.551873
93.732264
126.820551
103.474213
226.590362
183.759299
76.699070
65.640878
108.136473
94.541192
166.645635
134.051927
153.434531
127.182772
178.154772
145.869864
121.996731
101.428363
97.998940
84.694359
104.234171
86.008957
190.512707
153.196648
143.458450
116.827007
177.946969
142.932888
107.163803
93.949416
240.751738
190.903352
141.367076
113.338139
107.778272
90.100270
146.915101
120.010782
191.048430
152.650628
105.301428
87.696983
87.802167
77.002900
76.075841
65.076826
95.507354
80.551408
121.322003
100.658429
137.834430
114.032154
207.120066
164.269733
94.741341
79.473935
94.412650
82.610252
119.788299
100.938529
148.650333
122.100973
88.234134
73.559736
95.254709
78.763161
90.560812
75.807623
93.589834
78.208663
176.911684
142.403813
105.471671
87.248281
97.007400
81.352437
94.692131
79.327675
86.698889
75.753715
148.114060
120.505065
141.970865
117.154466
114.514790
94.866912
137.863873
113.384607
110.240344
95.594637
100.716559
83.440590
112.939096
93.559403
182.613766
154.615073
284.101732
223.007023
156.394191
127.996728
85.913678
73.734543
83.040018
70.392178
114.311947
96.041066
130.716285
106.257134
121.228764
100.770073
199.594831
158.304024
115.504088
97.474187
90.565641
76.707510
81.801308
69.256401
105.523063
86.498295
106.830041
89.459335
116.123843
99.839272
112.990246
96.780520
141.889021
117.786951
153.024980
123.840713
94.055913
80.214852
122.557680
99.836249
101.454530
83.673828
103.711938
87.165577
127.978161
104.957284
95.169703
81.546179
85.842017
74.756291
114.425961
96.190104
179.120592
143.473461
81.110444
70.258092
95.549222
80.680033
118.781778
98.552709
115.232231
97.251869
132.474271
110.790968
93.330307
79.518758
184.136252
145.912167
74.611508
64.068059
104.358495
87.258604
139.105538
115.677461
104.933159
89.280126
91.860160
77.140898
85.311577
74.051518
97.172938
81.928644
104.167744
87.311845
140.256338
113.367367
90.214847
78.496291
91.217435
77.732744
188.142582
152.434292
102.577748
87.048118
83.348132
71.184205
113.017764
93.675393
164.454479
133.358802
120.524043
97.419569
139.915884
114.184644
137.835994
112.289669
95.490012
79.833494
126.659980
104.070661
113.139317
95.998625
90.037588
74.812745
99.355129
83.275818
146.638926
120.714514
163.626935
132.007717
112.761438
93.936787
102.636893
86.084737
132.550308
107.159648
113.032344
97.084407
163.291877
133.934650
103.904333
87.892922
121.885374
101.913563
124.200987
101.075636
116.884631
96.779396
81.526636
70.279412
97.306606
82.431931
110.353561
90.525211
112.779660
94.160049
127.038339
105.923646
112.874078
96.816577
92.294545
79.066072
76.724365
67.672481
103.901235
86.207861
112.158670
94.705139
111.474265
92.752201
90.785682
78.826692
152.501455
124.193065
138.911977
112.845005
297.904070
234.192857
87.275036
74.567882
119.544407
101.557017
85.056647
72.996604
199.668027
157.197605
76.927040
66.457984
73.853161
64.069061
170.195589
137.901677
143.749577
117.266508
97.465457
82.953716
100.940102
83.776965
86.557808
77.549387
167.966479
134.071673
157.039710
129.332087
155.916844
125.848317
85.569309
73.703377
204.086716
166.371117
142.467223
117.806848
132.422633
108.497421
107.810799
89.251838
131.631365
109.174446
