0.96478619140625
2.37675326953125
3.38084408984375
4.20362547265625
4.89112426953125
5.49242033203125
5.93296005078125
6.30625730078125
6.63686860546875
6.9408242890625
7.236087515625
7.51103959375
7.7799981171875
8.032884414062499
8.28035714453125
8.50171827734375
8.68116752734375
8.8689161640625
9.04957306640625
9.24236864453125
9.4077189453125
9.562215921875
9.7083039140625
9.86474594140625
10.02383837890625
10.19422087890625
10.3619788671875
10.529702125
10.70168484375
10.87786217578125
11.0470192109375
11.20171492578125
11.34614491796875
11.4862242265625
11.6222946640625
11.75589753125
11.88741661328125
12.0105046640625
12.11267336328125
12.2041384453125
12.28721028515625
12.3603248515625
12.41566715234375
12.46895831640625
12.52969943359375
12.59161134765625
12.66419709375
12.73842387109375
12.81589903515625
12.8883609296875
12.957238859375
13.02591491796875
13.098042
13.171491125
13.2436159375
13.3072687265625
13.370726492187499
13.42932909765625
13.484292515625
13.53990005859375
13.589512765625
13.6367544921875
13.68521548828125
13.73780531640625
13.7946825390625
13.8498579140625
13.90486105859375
13.963156359375
14.02532167578125
14.091099281249999
14.155201484375
14.21598959375
14.27496825
14.32800788671875
14.38174266015625
14.43365891796875
14.48982574609375
14.54484384375
14.5984678984375
14.65185738671875
14.70486766015625
14.75905960546875
14.81221885546875
14.86518152734375
14.9157342734375
14.96295850390625
15.00835734375
15.053342890625
15.09382696875
15.1336007734375
15.17275866015625
15.207664140625
15.242743484375
15.2748933203125
15.30110684765625
15.3230137734375
15.34124293359375
15.35888240234375
15.375739828125
15.397521671875
15.4212562109375
15.4445789921875
15.46625827734375
15.490359359375
15.5174659609375
15.546056890625
15.57587339453125
15.60908419140625
15.639991468749999
15.668918937499999
15.697770171875
15.7285992578125
15.75764747265625
15.78664603515625
15.813964078125
15.83763055078125
15.86017392578125
15.8831205234375
15.90769373828125
15.9310670703125
15.9540337578125
15.97831469140625
16.005998609375
16.03542731640625
16.06676265234375
16.0977371328125
16.12711852734375
16.15886493359375
16.19095132421875
16.22074817578125
16.25118124609375
16.2812658359375
16.3088805078125
16.3392063359375
16.36951282421875
16.39751608203125
16.42229725
16.44585381640625
16.46847327734375
16.49155345703125
16.51404891015625
16.536067359375
16.55828623046875
16.57955212109375
16.599179046875
16.6198465078125
16.6406792734375
16.6635234140625
16.68595233984375
16.70859171484375
16.7296458359375
16.75084903125
16.770372871093752
16.7908547890625
16.810191984375
16.8257975546875
16.8420236875
16.85580017578125
16.8701582890625
16.88664291015625
16.903354328125
16.9194755
16.93546403515625
16.95316558203125
16.96889088671875
16.9834161015625
16.9957933125
17.01024404296875
17.0226653984375
17.03547978125
17.04886655078125
17.060236015625
17.07259151171875
17.0839998984375
17.09872460546875
17.11388106640625
17.12966680078125
17.14406067578125
17.15830963671875
17.1727139609375
17.18426362109375
17.19526672265625
17.208209734375
17.2202370703125
17.22981004296875
17.23862741015625
17.24921860546875
17.2603211484375
17.27182344140625
17.28300221484375
17.2939316015625
17.3047986171875
17.3162552265625
17.32609262109375
17.33557238671875
17.34407781640625
17.353934640625
17.364262734375
17.3741398671875
17.384300898437502
17.39398926953125
17.4036641171875
17.41550715625
17.42813321875
17.44111464453125
17.45212625
17.463813109375
17.47515441015625
17.48599674609375
17.496900265625
17.50881936328125
17.52082293359375
17.53385147265625
17.54609531640625
17.558042515625
17.56944848046875
17.58022711328125
17.590637578125
17.6035696953125
17.617018921875
17.6300506953125
17.643905109375
17.65735745703125
17.67151065234375
17.685924828125
17.7004122265625
17.715180015625
17.730304359375
17.7454719453125
17.7618921875
17.77747469921875
17.7918613828125
17.80670337109375
17.82186712890625
17.836083265625
17.85011257421875
17.86371500390625
17.875449671875
17.8875828359375
17.90027748046875
17.9126601015625
17.92441944921875
17.93498913671875
17.9446996796875
17.954407109375
17.962922546875
17.9715355234375
17.97855631640625
17.98441461328125
17.99065363671875
17.99650308203125
18.00141220703125
18.00540940234375
18.00750639453125
18.01099205859375
18.01556198828125
18.0210277109375
18.0262967890625
18.03140750390625
18.03571876953125
18.03827875
18.04205181640625
18.04579406640625
18.04882233984375
18.05260569921875
18.05574967578125
18.05818975390625
18.06157128515625
18.0646843984375
18.06708384375
18.06839322265625
18.071457796875
18.0724683046875
18.0737705078125
18.077058109375
18.08040105859375
18.0825608828125
18.0852698671875
18.08940019140625
18.0941511171875
18.09795904296875
18.100053734375
18.101006046875
18.10227453515625
18.1040804375
18.10550871484375
18.10526124609375
18.10456501171875
18.1056198125
18.10591505859375
18.1052698046875
18.105320734375
18.10511253515625
18.106175984375
18.1080921953125
18.1100775078125
18.11203776953125
18.11274238671875
18.11212805859375
18.111114078125
18.110669984375
18.11006315234375
18.10910634765625
18.107916421875
18.10608609765625
18.103323390625
18.100725703125
18.09911075
18.09755576171875
18.097546046875
18.097478546875
18.0972817421875
18.09854625390625
18.09984834375
18.10209450390625
18.10400153125
18.10614832421875
18.1085835859375
18.111431015625
18.11372846484375
18.11649614453125
18.1200961953125
18.12343170703125
18.1269977265625
18.1304627109375
18.1332002734375
18.13649276171875
18.1399196875
18.142509203124998
18.14589731640625
18.1487483046875
18.1503823125
18.15090780859375
18.15211259765625
18.15345355078125
18.15596251171875
18.1586305390625
18.16200335546875
18.16458441796875
18.1677894375
18.1703511484375
18.17348472265625
18.1765992109375
18.17920369140625
18.1813391796875
18.18340421484375
18.18632965625
18.18795584765625
18.19032059375
18.19352498046875
18.19773479296875
18.2008169296875
18.203184265625
18.20544925
18.207904140625
18.2116069375
18.215212625
18.21860640625
18.221764875
18.2243305859375
18.2275720234375
18.2315993828125
18.235936484375
18.23982290234375
18.24435066015625
18.24917023828125
18.25364828515625
18.25768936328125
18.26170320703125
18.26437707421875
18.26655034765625
18.2668682734375
18.26739178125
18.266258375
18.26391901171875
18.25964734375
18.25495084765625
18.24725858984375
18.24038803125
18.23320951953125
18.225100046875
18.215537234375
18.20694871875
18.1970521171875
18.187725296875
18.1782718515625
18.16751068359375
18.15763830078125
18.14690780859375
18.13665953125
18.12509173828125
18.11371974609375
18.10203858984375
18.09121827734375
18.07860405859375
18.066065953125
18.05532433203125
18.0429525390625
18.0309622890625
18.01974808984375
18.00767065234375
17.99601504296875
17.98425471875
17.97406746875
17.9629844140625
17.95204229296875
17.94140519140625
17.930617472656248
17.919911609375
17.90985255859375
17.89942354296875
17.88920470703125
17.8791337734375
17.8687679375
17.8581076875
17.84739491796875
17.83776371875
17.82787208984375
17.8178795703125
17.80744301171875
17.7979128984375
17.78689525390625
17.778071640625
17.76880234765625
17.7589576171875
17.75070499609375
17.7411468671875
17.73192682421875
17.72486194921875
17.71664350390625
17.70926066796875
17.702450125
17.695713453125
17.688393390625
17.68235882421875
17.67652637109375
17.67006466796875
17.66465594921875
17.65901875390625
17.65340514453125
17.6490369921875
17.64438575
17.6392701484375
17.635026265625
17.62928575390625
17.626038203125
17.622515453125
17.61726589453125
17.61324676171875
17.6082829296875
17.60381408984375
17.60056348828125
17.5967861484375
17.593964015625
17.59137276953125
17.5881717734375
17.58593007421875
17.583775578125
17.5800301640625
17.57952796484375
17.5767770546875
17.57442354296875
17.57129637890625
17.57067012109375
17.56874665234375
17.56768512109375
17.5665981875
17.5668467109375
17.566879015625
17.5662916875
17.566168859375
17.56644053125
17.56888897265625
17.569023203125
17.56942223046875
17.56924417578125
17.5721107578125
17.57334552734375
17.57509842578125
17.5761136015625
17.57712519921875
17.5782078828125
17.57958745703125
17.58150175390625
17.582227578125
17.5834406328125
17.58418124609375
17.5856283515625
17.5875435859375
17.5888507578125
17.59101533984375
17.59341071484375
17.595053140625
17.59618745703125
17.59944865234375
17.5998389765625
17.6024201015625
17.60506607421875
17.606735015625
17.609828359375
17.6145804765625
17.6172553828125
17.62148612109375
17.62371407421875
17.62762079296875
17.63136383203125
17.63520665234375
17.63757224609375
17.64228650390625
17.646998
17.6512176015625
17.6537480546875
17.66119571484375
17.6652528046875
17.67051704296875
17.67660244921875
17.68235175390625
17.68865254296875
17.69436515234375
17.70117269921875
17.7069821953125
17.7136065859375
17.7191019140625
17.7248982734375
17.7312021640625
17.738228421875
17.74471542578125
17.75179591015625
17.75759779296875
17.7630501796875
17.7722711015625
17.77980698046875
17.78841378125
17.79523174609375
17.8040101875
17.81249425390625
17.82181238671875
17.8316947265625
17.8399102421875
17.84931115234375
17.860348078125
17.8697132109375
17.87999728125
17.8906394609375
17.90031211328125
17.90981458203125
17.91960006640625
17.929305765625
17.93908671875
17.94938184375
17.95909492578125
17.968254140625
17.97868917578125
17.9891031171875
18.000074375
18.010551890625
18.01989199609375
18.03066494140625
18.04138487890625
18.0509304375
18.06147238671875
18.0730864765625
18.08221248046875
18.09505819140625
18.1058431015625
18.11621313671875
18.1290280625
18.13959642578125
18.15164358984375
18.16226791796875
18.17399840625
18.1853043359375
18.19642798828125
18.20809155859375
18.220728
18.231532125
