0.54468417578125
0.95695201171875
1.23728322265625
1.49099242578125
1.71900525390625
1.89873950390625
2.05583231640625
2.21156437890625
2.3664904921875
2.48477516015625
2.599629640625
2.69531153125
2.77731153125
2.84634184375
2.9235634375
3.00563327734375
3.071543453125
3.127512140625
3.1780217890625
3.231026328125
3.28889687890625
3.3444674375
3.40761861328125
3.46573053125
3.5263474921875
3.57068217578125
3.6157834765625
3.659193453125
3.70432684765625
3.74338022265625
3.7780049453125
3.80960055859375
3.8444279765625
3.87554072265625
3.91289474609375
3.944817609375
3.978678484375
4.0076095
4.0358650546875
4.063520046875
4.0869311328125
4.11347693359375
4.1411191953125
4.16977792578125
4.197160984375
4.2187589687500004
4.24058469140625
4.26291216015625
4.27776150390625
4.29089914453125
4.30643941015625
4.32115374609375
4.33351370703125
4.344788125
4.35038594140625
4.3604108515625
4.368823671875
4.37914369921875
4.3868262265625
4.3962643828125
4.4068033632812496
4.4209342890625
4.43232584765625
4.44392682421875
4.45128858984375
4.46050503515625
4.469288171875
4.47694755078125
4.486229484375
4.4970151015625
4.5080810234375
4.516216078125
4.52411859375
4.52938407421875
4.5323630546875
4.5357343203125
4.537459921875
4.5417240546875
4.54556648046875
4.5472820078125
4.5500600078125
4.5518386484375
4.554970546875
4.55674679296875
4.5599751640625
4.565391796875
4.571928671875
4.58068259765625
4.58741045703125
4.59361759375
4.59892776171875
4.60449116796875
4.61038360546875
4.6155786640625
4.61902442578125
4.62416674609375
4.62892776953125
4.63322498046875
4.6360425390625
4.6410219765625
4.64753358984375
4.65359356640625
4.65880428125
4.66383865625
4.66655848828125
4.66873832421875
4.67233361328125
4.6777150703125
4.68445043359375
4.6907251875
4.6968336289062504
4.7016625078125
4.7082371640625
4.71132703125
4.7163191171875
4.721091984375
4.72469191796875
4.728133140625
4.73172677734375
4.73612315625
4.73919759765625
4.7452661484375
4.750584203125
4.75641446875
4.76159186328125
4.767580234375
4.771159453125
4.77522444140625
4.78077805078125
4.78627385546875
4.79125971484375
4.79636965234375
4.80202319921875
4.8092412109375
4.81430514453125
4.818301890625
4.82371568359375
4.82830430859375
4.832298203125
4.8368833984375
4.840948015625
4.845311
4.8478995078125
4.85066094140625
4.855250765625
4.85817094140625
4.86180808203125
4.86449136328125
4.86552396484375
4.86656794921875
4.86717403515625
4.8700220859375
4.871051953125
4.87020312890625
4.86933606640625
4.86821067578125
4.869175265625
4.87098207421875
4.8720679375
4.87356190625
4.87533358203125
4.87631667578125
4.87771139453125
4.88015993359375
4.88287921875
4.88564033203125
4.887129453125
4.8891758828125
4.89087962109375
4.8921742578125
4.89278007421875
4.89339656640625
4.8921321640625
4.89043374609375
4.8893809609375
4.8883608828125
4.88628000390625
4.885500984375
4.88505541015625
4.88578820703125
4.8851125859375
4.8851380546875
4.88655466015625
4.8875981328125
4.8890115703125
4.890746546875
4.8931640859375
4.894362203125
4.895718671875
4.89733374609375
4.8982362421875
4.90028857421875
4.90316736328125
4.90499253125
4.905766953125
4.90614526953125
4.9077799609375
4.9086391796875
4.90917055859375
4.91040480859375
4.9126186640625
4.9155909453125
4.9172079375
4.919130078125
4.9204082421875
4.92025246875
4.9211179921875
4.92230430078125
4.92275133203125
4.92410576953125
4.92539206640625
4.9274251328125
4.9296798046875
4.931256921875
4.9311244609375
4.93155650390625
4.93162158203125
4.9326935859375
4.9341063085937495
4.9352369140625
4.93623901171875
4.9383186953125
4.93936660546875
4.94014858984375
4.94204823828125
4.9442746640625
4.94573354296875
4.94749358203125
4.9476659570312504
4.94705141796875
4.947171265625
4.94632822265625
4.94591212890625
4.94655595703125
4.94703459765625
4.94735179296875
4.94580291015625
4.945410765625
4.944982734375
4.945108
4.9456070703125
4.946532421875
4.94680135546875
4.94726198828125
4.9478134609375
4.94746030078125
4.9469138125
4.94691258984375
4.947290078125
4.9480728046874995
4.94841330859375
4.9495546953125
4.9514648203125
4.9530996757812495
4.9539615078125
4.954780015625
4.95457578125
4.95420004296875
4.9533549609375
4.9516100234375005
4.94978697265625
4.94827058984375
4.94751784375
4.94776446875
4.948470046875
4.9499029375
4.95159621484375
4.9538451015625
4.95544918359375
4.95619935546875
4.9577854296875
4.95953055078125
4.96105040625
4.9615136796875
4.961697640625
4.96257263671875
4.9635925
4.96435798828125
4.96541605859375
4.9663224921874995
4.96695584375
4.9671382109375
4.9669510703125
4.96747530859375
4.967691546875
4.96762228515625
4.96771776953125
4.96781114453125
4.9683415078125
4.96936679296875
4.96983818359375
4.970034828125
4.97033879296875
4.97024715234375
4.96930128515625
4.96836996875
4.967419765625
4.96626239453125
4.96447651953125
4.96329635546875
4.962245875
4.960936125
4.9606636640625
4.96045680859375
4.959745890625
4.959346765625
4.959552609375
4.9590786171875
4.959139921875
4.95803501953125
4.95734244921875
4.95776149609375
4.95779875390625
4.9575554179687495
4.9579574765625
4.95789268359375
4.95775107421875
4.9571865
4.95730667578125
4.95756648046875
4.9579374609375
4.95896096875
4.959665
4.959768140625
4.9594759609375
4.95942471875
4.96004798046875
4.96032394140625
4.96049427734375
4.96089759375
4.9613674140625
4.96193494140625
4.962858171875
4.9641409921875
4.9646887265625
4.96456683984375
4.965174
4.96557591796875
4.9662870703125
4.96637231640625
4.96693675
4.96656109375
4.96625916015625
4.9664066328125
4.966821203125
4.96674528515625
4.967241296875
4.9674551875
4.96742799609375
4.96702064453125
4.966365421875
4.96598348046875
4.96600321875
4.96429808984375
4.96343312890625
4.96325003125
4.9626805546875
4.96259186328125
4.96268849609375
4.962204203125
4.9614857578125
4.95748911328125
4.9510830703125
4.9434227109375
4.934803515625
4.9255288984375
4.915932296875
4.90569757421875
4.8955714375
4.8848395234375
4.87450217578125
4.86405965234375
4.8541415546875
4.843711421875
4.8333060546875
4.8228018515625
4.8114945546875
4.80078889453125
4.79058629296875
4.780121859375
4.76942044921875
4.759929453125
4.7492237734375
4.73956628125
4.730411875
4.71997976953125
4.7104813359375
4.70031675390625
4.6896167890625
4.67988526953125
4.67021751171875
4.66049398828125
4.65005206640625
4.6408698984375
4.63162348046875
4.62203299609375
4.61255883984375
4.60301870703125
4.59351261328125
4.58426946484375
4.57521920703125
4.56542154296875
4.5566286171875
4.54736646484375
4.537953453125
4.52938636328125
4.52024875
4.5108578984375
4.5022406796875
4.4924113828125
4.48340448046875
4.4743647734375
4.46557566796875
4.4571139453125
4.448410390625
4.4393587421875
4.43071946875
4.4224607890625
4.41306215234375
4.4046198984375
4.396341875
4.3877721953125
4.37959426953125
4.37153092578125
4.3634379609375
4.35556598046875
4.347042015625
4.3386761875
4.32999922265625
4.32199760546875
4.31373819140625
4.30593446875
4.29803735546875
4.2900381796875
4.28201849609375
4.27374164453125
4.266390328125
4.25869971875
4.25080492578125
4.2429716328125
4.23580622265625
4.22784752734375
4.2203984375
4.21313466015625
4.20488830078125
4.1969215546875
4.189478171875
4.18193377734375
4.17404508203125
4.16715375
4.1597121953125
4.152755640625
4.14607668359375
4.13908747265625
4.13141384375
4.12447646484375
4.11751025390625
4.11012980859375
4.10299611328125
4.09569262109375
4.08824227734375
4.08108806640625
4.07416353515625
4.06715596875
4.0598171015624995
4.05293219921875
4.0460815546875
4.0392941015625
4.03259741015625
4.02592929296875
4.01900226953125
4.01220838671875
4.00560383203125
3.9986049921875
3.99210603125
3.98536283984375
3.97895187890625
3.97219211328125
3.965545890625
3.95890976171875
3.95269344921875
3.94630528125
3.93994325
3.93353248828125
3.92729682421875
3.920882359375
3.9143429296875
3.9080355625
3.9011299140625
3.89486830078125
3.88860981640625
3.8826464921875
3.876239421875
3.8704109453125
3.864398484375
3.8583099609375
3.85241907421875
3.84647559375
3.84060573828125
3.83415801171875
3.8285516640625
3.82284358203125
3.8173876796875
3.811453828125
3.805323828125
3.79972321484375
3.79412170703125
3.78824887890625
3.78270924609375
3.77652470703125
3.7707727578125
3.76491804296875
3.759423390625
3.7538934453125
3.7485132734375
3.74292031640625
3.7372935
3.7318430546875
3.7263961953125
3.720410984375
3.71457131640625
3.7091396640625
3.70347623828125
3.6980949921875
3.6928951640625
3.68743512109375
3.68200733203125
3.6767836796875
3.67187377734375
3.6665415
3.66135778125
3.655785921875
3.6507792421875
3.64567803125
3.64036184765625
3.63503111328125
3.62973394140625
3.6245843671875
3.61916064453125
3.61425898828125
3.60953262109375
3.60410795703125
3.599128109375
3.5937782265625
3.58848661328125
3.58375994140625
3.57891705859375
3.573853359375
3.5693726484375
3.56449555859375
3.5593393671875
3.5543316171875
3.54960026171875
3.545111140625
3.5401464375
3.53560325390625
3.530625765625
3.5259153359375
3.52124828515625
3.516475125
3.51190483203125
3.5071494140625
3.501789921875
3.49726254296875
3.492453390625
3.48776003125
3.4832991875
3.47853866796875
3.47394996484375
3.46934351171875
3.46461554296875
3.46010229296875
3.4554674765625
3.451091265625
3.446815515625
3.44201240234375
