2.94506409765625
3.90322114453125
4.7607684375
5.37142864453125
5.99631916796875
6.5626605078125
7.16984516015625
7.77686413671875
8.353708296875
8.879478046875
9.32599573046875
9.75600344921875
10.09618510546875
10.3741518203125
10.6414641171875
10.894819875
11.10762258984375
11.3040877265625
11.47439591015625
11.62485480859375
11.7654242265625
11.9128493359375
12.0681859765625
12.219318046875
12.37371331640625
12.5275834375
12.6761759140625
12.81796158203125
12.96058582421875
13.08825733984375
13.20235080859375
13.30695113671875
13.40704110546875
13.4985561640625
13.58861019921875
13.6850912890625
13.777114640625
13.86070311328125
13.94665723828125
14.0190515390625
14.0632717421875
14.11851433984375
14.1799482265625
14.2298557265625
14.28290069140625
14.32509426171875
14.35854680859375
14.4005020546875
14.4357372890625
14.46224669140625
14.48396476171875
14.50464505078125
14.54054492578125
14.58242520703125
14.622020375
14.65810101953125
14.6897224453125
14.71430516796875
14.7413578984375
14.78715375390625
14.82224528125
14.85173087109375
14.87364505078125
14.9030237734375
14.92321904296875
14.9405803671875
14.9533969765625
14.96732577734375
14.97066942578125
14.9774095
14.98488619921875
15.00145866015625
15.031143625
15.0667569453125
15.1049292265625
15.14108012109375
15.17424855859375
15.1916414453125
15.20185355859375
15.2095524765625
15.2188130078125
15.22944191796875
15.24870640625
15.2710758359375
15.29311233984375
15.31365387109375
15.3351206875
15.35776026953125
15.3738906484375
15.392123515625
15.40625637109375
15.4133441796875
15.41858216015625
15.42531294921875
15.4325761875
15.43345143359375
15.44023916015625
15.44925564453125
15.45496331640625
15.459076765625
15.4655962890625
15.4729749140625
15.4771383828125
15.48319893359375
15.4915808671875
15.50295768359375
15.51278327734375
15.52632797265625
15.5395058828125
15.55191248046875
15.5652886796875
15.58702070703125
15.60467506640625
15.61800219140625
15.6261561484375
15.63383886328125
15.64159319140625
15.6479354765625
15.65796219140625
15.6729816796875
15.69445914453125
15.71509835546875
15.7336850625
15.74723168359375
15.7627153046875
15.7768395625
15.7908006796875
15.80555631640625
15.8199786640625
15.8306526953125
15.84049184765625
15.853994234375
15.86561932421875
15.87537321484375
15.88343065625
15.89283318359375
15.904835765625
15.917575640625
15.9337482734375
15.94598770703125
15.958982078125
15.97396252734375
15.98741837109375
15.99892588671875
16.0100790078125
16.02563696875
16.0404788984375
16.0553273203125
16.06736490625
16.078053453125
16.089515609375
16.10109986328125
16.1086465546875
16.11362570703125
16.11827276171875
16.12028798828125
16.12107223046875
16.1242517890625
16.12433653125
16.1215702109375
16.11737316015625
16.116961453125
16.11791176953125
16.11850126953125
16.11865794921875
16.12169926953125
16.126500171875
16.1334130078125
16.1378847734375
16.14331819921875
16.14757409765625
16.153130734375
16.15809342578125
16.16222146875
16.1643545
16.16670062109375
16.16857058203125
16.17083565234375
16.17423877734375
16.1791567734375
16.1854632421875
16.193764472656248
16.20396670703125
16.21255976953125
16.21917789453125
16.2218820078125
16.22195655078125
16.2249362734375
16.23306670703125
16.24283821484375
16.25212101953125
16.25824035546875
16.2625404296875
16.26631188671875
16.26621736328125
16.26349680078125
16.261068109375
16.259239390625
16.255881722656248
16.25181345703125
16.24711719921875
16.2443805390625
16.2435403515625
16.24126990234375
16.2435811171875
16.2470075703125
16.25005476953125
16.24902089453125
16.24686429296875
16.244082953125
16.24057561328125
16.23821465234375
16.23733301953125
16.2358971015625
16.2378515546875
16.238935
16.24228704296875
16.24356781640625
16.246715921875
16.24760659375
16.24955715234375
16.2517281015625
16.2563560078125
16.2605336015625
16.263206203125
16.26304498046875
16.26197292578125
16.26104729296875
16.2602395546875
16.26185338671875
16.26357501171875
16.26440037890625
16.26579998828125
16.26715667578125
16.26913003515625
16.26991682421875
16.27064657421875
16.26889732421875
16.26495648046875
16.26297758203125
16.2590575
16.25401451171875
16.249040984375
16.24343822265625
16.24102248828125
16.2376211171875
16.23339524609375
16.22861211328125
16.22461565625
16.22203737890625
16.21948659375
16.21682524609375
16.21538523828125
16.2127609453125
16.209220828125
16.2049748515625
16.1994166953125
16.19876031640625
16.199083078125
16.19871604296875
16.19711797265625
16.19609030859375
16.19503284375
16.19416037109375
16.196342109375
16.199210171875
16.20211638671875
16.203892234375
16.20859133984375
16.2137479296875
16.2186403515625
16.2238213046875
16.22830255078125
16.2307576171875
16.23304608984375
16.23650000390625
16.24228133203125
16.248931421875
16.2565336328125
16.26572846484375
16.2726263984375
16.2800661171875
16.28827018359375
16.29851647265625
16.31155342578125
16.32331387109375
16.3335808359375
16.3445888671875
16.35469842578125
16.366323171875
16.37832153515625
16.390560671875
16.40220619921875
16.41375914453125
16.4233208359375
16.433120875
16.44331529296875
16.4502924765625
16.456952765625
16.46423479296875
16.469728824218752
16.47443211328125
16.4794639375
16.48609142578125
16.4929111796875
16.49786123828125
16.50109909375
16.5040138046875
16.50699339453125
16.5118322578125
16.5161789375
16.5201109453125
16.5255113046875
16.53097126953125
16.53920144921875
16.5478290703125
16.55246355078125
16.55624438671875
16.55912695703125
16.56017466015625
16.56226425390625
16.56485225
16.56718258203125
16.5694801796875
16.5721024140625
16.5752883125
16.57843348828125
16.58198033203125
16.5870606640625
16.59197721875
16.5965728203125
16.59887696484375
16.60043654296875
16.60229752734375
16.60501866796875
16.6073930234375
16.6112043046875
16.61412645703125
16.61743684375
16.6216467734375
16.625758453125002
16.63098943359375
16.63650315234375
16.64172712890625
16.647504875
16.6512446953125
16.65313619140625
16.6533421640625
16.65306365234375
16.6543599453125
16.653613828125
16.65242799609375
16.65006493359375
16.64886362890625
16.6470536953125
16.64419344140625
16.6418074765625
16.64035226953125
16.6391027421875
16.637519703125
16.63223188671875
16.6209308046875
16.60167816015625
16.57703778515625
16.54879316796875
16.51772307421875
16.48536056640625
16.45244234765625
16.41982969921875
16.3869088515625
16.35477394921875
16.3224273359375
16.290665734375
16.25899719921875
16.22783690625
16.1973710625
16.16731032421875
16.1377281953125
16.1089808671875
16.0799075546875
16.05109576953125
16.02243308984375
15.99471131640625
15.9677707265625
15.94125251171875
15.914897984375
15.88876829296875
15.86345924609375
15.83850815234375
15.8131136015625
15.788292015625
15.7639728828125
15.73964170703125
15.715884984375
15.6931182578125
15.6694520390625
15.646261515625
15.62256283984375
15.5991907734375
15.57662353125
15.55446205078125
15.53253678125
15.51075752734375
15.489234625
15.467851859375
15.447074640625
15.42583359765625
15.4050016875
15.384414921875
15.36397676171875
15.34437829296875
15.3245614609375
15.3047403046875
15.2858671953125
15.26759333984375
15.2486714296875
15.23004850390625
15.2112317265625
15.19296931640625
15.1749076796875
15.1569552890625
15.139852421875
15.1225278515625
15.1067581015625
15.09108873828125
15.07521248828125
15.05966950390625
15.04428199609375
15.028356609375
15.0128635078125
14.998054078125
14.9840081328125
14.97007365625
14.95606833984375
14.94215950390625
14.92848823046875
14.9144969765625
14.9006486640625
14.88699323828125
14.8725949296875
14.85841658984375
14.84507352734375
14.83169752734375
14.8191545078125
14.80622191796875
14.79352768359375
14.7804333125
14.76824309765625
14.756468796875
14.744598984375
14.7326141640625
14.720214316406249
14.7080046875
14.69602678125
14.68385844921875
14.67178365625
14.660178171875
14.648984562499999
14.63755673828125
14.6265332578125
14.61511758984375
14.60350839453125
14.59186594921875
14.58066965625
14.569071890625
14.557822296874999
14.54679469140625
14.5357412109375
14.52462919921875
14.51388769140625
14.5035852421875
14.49337556640625
14.483190375
14.47259412890625
14.462572140625
14.4525284609375
14.4423990703125
14.43208615625
14.42227715625
14.413164625
14.40394367578125
14.39450780859375
14.3852889453125
14.37624787109375
14.36714723828125
14.35849596484375
14.35024693359375
14.34253817578125
14.33474759765625
14.32643213671875
14.3186231328125
14.3110761015625
14.30407997265625
14.29638862890625
14.28832425
14.28087978125
14.27337384375
14.26690178125
14.25999558984375
14.253109328125
14.246197234375
14.239741703125
14.233374390625
14.2271648046875
14.221250484375
14.2151442734375
14.2090601640625
14.20305512109375
14.19731610546875
14.19141658984375
14.18537840625
14.179672046875
14.17392628515625
14.16799453125
14.1625836875
14.157567703125
14.1530019765625
14.14881864453125
14.1443430703125
14.13965730078125
14.13559884765625
14.13172370703125
14.1277794921875
14.12393541796875
14.12071281640625
14.117252125
14.1141652890625
14.1112469140625
14.10862253515625
14.105928015625
14.10341096484375
14.10156704296875
14.099816359375
14.09716535546875
14.0950105703125
14.09298069921875
14.09103324609375
14.0895486015625
14.087783515625
14.08603571484375
14.08442507421875
14.08275347265625
14.08159069140625
14.0803026328125
14.07947430078125
14.07848051953125
14.0771570703125
14.07582183203125
14.07452139453125
14.072734984375
14.07132084765625
14.0707838359375
14.0702525546875
14.06918666015625
14.068271296875
14.06731294921875
14.06669632421875
14.06605746484375
14.06537239453125
14.06534751171875
14.0649429765625
14.06436287109375
14.06418066796875
14.06389901171875
14.0636378125
14.06367041015625
14.0635990625
14.06325585546875
14.06320528515625
14.06307266796875
14.06293533203125
14.06292782421875
14.06302252734375
14.062702890625
14.0623608671875
14.06253739453125
