87.823624
70.976424
70.754709
56.859977
108.010922
84.718712
74.802641
59.383958
68.509059
56.236039
110.167655
86.447451
55.555187
44.710483
77.106083
60.740924
45.782355
39.366426
87.651066
71.662449
47.346860
39.747940
185.991983
146.315571
76.661703
61.430115
54.136642
43.304163
84.123679
65.748237
75.969105
60.158842
91.362540
74.704845
76.496901
61.678710
166.692442
130.234282
55.018676
44.504192
83.747313
66.272895
42.004333
34.167510
78.218090
63.383801
113.263173
89.188990
138.470465
106.530455
103.037523
84.101766
141.128170
109.165647
100.956378
79.491147
81.204193
63.634736
89.957139
71.095116
122.165650
95.647442
72.811165
60.257455
98.877750
76.476390
154.931425
120.543914
90.200282
71.508635
97.696510
77.433522
93.758539
76.413309
74.097786
59.388235
68.670374
55.206403
171.220069
135.236165
72.614863
58.528719
72.756500
57.815062
118.189171
92.418836
75.177796
61.536694
60.799142
50.774365
82.678795
67.328670
75.146115
58.657920
106.383894
84.550704
100.765252
82.853808
92.938907
72.954469
92.021623
73.092135
92.769505
73.001710
118.488789
95.590221
99.449039
80.255610
73.658716
59.923359
87.653931
70.000283
79.640174
62.923360
101.469119
81.416450
83.984250
67.056984
78.377562
63.208184
82.394055
67.154736
142.476896
111.793042
80.522423
64.220746
112.429565
86.707093
105.856333
83.462911
131.657962
104.524181
66.396697
54.039896
82.234069
65.340237
82.983325
66.240133
82.008913
65.616973
76.123207
61.306093
78.591409
63.722536
88.678690
69.700754
135.417233
105.502805
93.678010
74.940041
116.247806
93.647995
85.723247
69.186001
92.037103
72.797290
134.003667
104.880142
121.342830
95.213625
87.803909
69.512126
143.904826
112.748378
110.007598
87.282411
128.290215
99.688070
83.492012
66.795785
131.473153
109.866842
97.946909
76.919745
84.455353
66.624103
133.019142
104.382685
48.745064
39.597254
120.749838
98.751237
90.161606
71.426175
116.046052
94.413176
209.806043
161.497032
124.040722
97.211392
95.785806
77.581353
92.128369
72.963963
119.358782
96.505773
83.782889
67.143688
75.853534
59.731550
81.994940
66.536426
109.934772
87.690270
135.878356
105.456957
115.008012
90.383824
83.252791
68.299523
81.364411
65.633200
74.112748
61.546047
95.510055
75.397844
106.275540
82.843669
77.393023
66.608280
99.587405
80.857313
118.022972
94.442192
231.069430
178.933534
115.777679
91.342900
67.118319
54.183021
101.537384
79.111986
85.991457
68.321925
164.373265
127.132297
148.734584
115.472094
76.224801
61.845916
140.480825
110.471634
178.396523
136.504354
65.030045
52.074726
80.189953
65.168751
192.121468
148.865421
90.913170
73.023556
93.307767
74.772258
116.694757
92.146506
96.075380
76.821793
72.918121
59.459063
111.745391
88.570938
131.019388
104.250396
102.385826
80.397223
72.798085
57.737536
94.752875
75.303636
149.466243
117.118746
70.953614
55.912930
67.512555
56.028936
54.586133
45.718925
90.827900
71.709769
87.540190
74.396831
82.127093
65.496547
85.642039
72.108008
83.798794
66.436349
56.586008
45.381910
135.674113
105.543599
69.289698
56.579845
67.498707
54.059678
113.479095
88.150113
166.726940
127.874605
75.654003
60.239243
89.022825
71.077885
100.126362
79.606646
298.820956
248.102001
87.575662
69.794522
60.541476
49.864586
90.815024
70.449585
63.197812
52.100573
106.339578
83.633653
71.239210
58.801471
113.924828
90.392327
254.738667
196.529817
79.327892
62.618605
62.583769
49.862697
137.695592
107.586174
56.092136
46.887172
101.602914
84.474370
86.889628
69.182027
116.232039
91.960295
140.863812
111.897090
144.646392
113.557869
90.236280
70.854078
106.827589
84.701891
90.225894
72.213735
142.153988
109.545539
89.382225
70.532483
86.677409
69.103350
101.089341
80.172197
78.110724
63.010789
83.244582
66.180676
100.667898
79.295891
98.144731
78.334025
85.996573
69.508005
119.365650
93.760913
85.680615
67.241188
99.279845
78.580108
59.944819
48.141659
84.891017
67.780874
96.519027
76.606673
77.239709
61.599384
162.552878
126.759245
54.175686
45.042762
91.579626
73.127837
122.935928
96.983184
75.527718
59.377374
120.008817
95.014943
77.706895
61.588406
194.279034
150.499595
103.525446
83.124193
62.276545
50.135293
107.042594
89.739882
124.253043
97.954608
75.255064
59.508700
140.301804
107.283243
137.791146
107.634865
79.353150
65.041732
122.770749
96.129703
107.612938
86.095694
48.127230
39.137823
82.921040
66.445834
120.981294
96.473497
106.011770
83.696932
88.201643
70.383995
101.380369
79.644568
103.338562
81.032592
122.618721
96.263475
138.002255
106.763063
98.733380
80.556156
77.515414
63.121901
109.961755
85.726679
61.829164
51.299532
70.634691
57.205245
97.592572
76.103554
60.665276
50.169671
113.346998
90.420084
108.101450
85.834920
110.088935
85.189106
103.869501
81.587589
70.851237
56.870260
69.116240
55.771634
66.017176
54.332379
105.165550
83.570393
79.020799
62.947916
55.672264
45.418225
108.058222
84.763431
178.080972
138.463884
67.071810
54.212433
100.074375
84.926669
85.534683
70.721506
110.732802
85.669338
83.018903
66.781474
46.125458
38.121598
113.883676
88.906435
100.139391
79.043392
116.146753
92.709898
82.059273
65.689683
63.228503
50.794257
91.752158
72.134603
71.642123
59.948943
153.594253
119.112804
42.500686
35.437167
133.851441
107.307901
84.709243
67.488272
72.706490
58.136011
70.685186
59.620036
103.842593
81.460035
