129.101972
148.254687
126.653167
123.608385
131.770067
129.482337
124.715467
144.137716
128.285765
124.984209
132.892765
130.527811
127.602107
126.137638
130.466278
131.228105
123.901182
155.707073
134.174580
130.502695
128.807599
126.627703
126.840255
124.641238
124.702722
125.808826
137.569133
134.080778
132.589688
136.264510
126.061574
124.676916
125.601030
131.646098
126.567480
123.708661
127.076415
126.901510
126.471083
123.153976
124.996519
125.312288
128.588927
139.302513
139.613348
136.092129
127.669117
131.092519
126.109321
125.483961
130.325285
128.916328
131.230449
127.149973
138.768078
134.505285
135.243271
131.059138
121.693160
121.844101
140.688979
134.425785
131.142622
131.655080
130.700457
161.346973
123.598133
121.833918
127.686818
125.274810
127.508122
149.210664
123.606005
120.748441
132.879810
129.930923
121.248192
121.143339
125.955286
149.649949
129.717504
125.880398
131.766222
132.480438
131.460685
129.732942
134.040571
130.907603
135.097318
183.338620
129.893362
128.304862
124.384070
123.351396
127.578338
127.477392
122.402896
123.645653
135.760481
129.401065
128.914808
126.239273
126.967778
125.743867
129.113556
128.699803
125.626151
123.472573
126.914679
126.583598
123.447142
124.609441
131.086173
128.932833
124.802103
122.810323
123.325842
123.182500
129.189386
131.178395
129.830043
129.542720
130.275870
125.036225
134.173220
131.593916
124.626756
136.720081
133.547808
146.819706
123.558535
122.255580
121.664056
128.111258
122.271288
122.396547
124.655023
133.798525
126.436500
125.324751
128.502813
127.534091
127.874913
123.519191
130.495527
136.292133
128.588441
126.169009
137.491157
134.376064
127.195968
126.319049
130.650123
127.875113
127.039198
125.529957
131.400171
129.797876
132.196806
137.624941
137.324913
133.841960
126.039293
124.965152
131.403172
129.715948
129.733358
127.708977
127.780218
132.144884
130.319786
128.823961
136.783031
136.539740
127.051968
126.117918
123.434449
293.395638
124.768457
123.882022
126.507757
126.064549
130.174390
128.413352
132.680238
129.639661
123.511646
122.311408
128.146190
134.219169
132.111155
133.564536
122.483488
123.057088
136.480167
131.799964
130.721242
127.975059
131.387396
130.585155
124.727623
128.015163
134.794702
131.673076
127.853277
122.919453
125.942726
124.511346
125.408270
122.437309
137.910032
132.227094
132.410438
128.997027
126.485410
123.179829
126.919742
128.865857
126.560820
126.077645
139.949101
135.346299
127.441090
127.127964
127.816754
122.518470
127.868466
126.515427
136.860902
134.556808
137.177432
136.551610
129.781921
130.335388
131.383418
135.080539
124.764101
125.377248
124.756595
122.968024
131.112099
128.693320
131.795195
127.889117
137.395251
134.132178
128.853545
125.792197
129.098712
347.676157
121.419388
120.567535
125.719473
126.748321
126.779925
125.484244
131.441045
127.192675
136.611353
132.532960
126.070745
124.678332
123.524748
123.349207
130.628572
127.197816
141.357794
134.842826
125.857959
124.953617
124.885589
125.653889
124.392073
126.488219
131.742397
127.832482
127.264720
129.487670
123.359327
123.213611
126.767814
131.673677
127.061314
134.170660
127.262703
126.670748
123.976804
120.487363
124.586323
122.720520
131.754644
129.210482
127.739758
127.053270
125.790869
122.827087
126.534826
133.759718
132.065216
132.031781
128.314094
198.233487
127.012940
125.037090
122.501966
476.432988
123.518735
121.329629
127.915095
124.605820
126.059558
130.051465
130.452425
125.693222
132.527915
134.603557
131.816972
129.792334
130.610559
125.621364
138.917205
134.891988
127.132623
124.077343
129.905400
127.363875
131.991504
128.473807
127.948603
125.967412
132.002188
129.749853
123.790696
126.040211
129.906241
128.500785
138.973931
135.734626
135.368111
130.915442
132.178734
128.290309
132.262796
129.161059
125.687590
129.665684
127.810804
171.730512
127.731713
124.581707
130.506449
132.677053
128.886690
126.457026
128.400375
143.997869
126.162709
118.047047
133.991158
136.847269
130.038325
129.097849
147.498413
140.589067
131.628112
127.823522
128.105778
123.273394
126.204488
123.382530
132.663480
129.072994
136.849252
149.350627
131.689478
142.788199
122.991875
121.847543
122.741503
121.519367
126.086707
122.425256
124.816172
127.220139
123.314768
128.781587
128.339512
124.703271
127.874473
124.170158
128.737183
126.678212
127.804982
124.969041
136.703504
130.086321
131.280374
129.384787
141.835673
136.329604
131.589898
129.911399
124.670767
122.131331
123.199573
128.418063
129.931638
126.594190
124.206829
123.774658
122.801415
128.187987
137.443579
139.556006
131.709004
129.009788
128.510443
127.058174
131.747341
129.905945
138.823554
134.857097
131.388869
130.234662
131.827214
128.730448
122.841054
123.381664
130.838885
128.621414
126.080121
125.027547
126.203202
137.611004
125.661960
124.353424
125.643766
124.451376
126.015858
125.605696
128.034639
126.047908
123.786549
122.046361
128.359899
125.923116
122.918877
122.839135
136.265031
136.330404
124.510165
136.551453
131.629029
129.083240
130.052578
128.361795
128.308562
125.648012
128.958927
125.118324
121.854407
122.834812
129.354198
127.751062
123.712890
124.717841
128.096747
126.991703
127.919971
137.370349
129.611620
125.556974
128.421565
129.785878
125.166183
130.843360
123.625067
124.348926
125.885000
127.914688
125.230375
137.676468
126.581538
123.630327
124.825680
123.372129
126.755196
125.859421
130.257352
127.677601
122.469252
126.577531
124.431889
125.301647
133.105957
130.640799
124.003809
122.792853
130.342244
126.686128
138.045492
134.295554
125.340472
124.108683
125.048998
142.780589
126.944887
138.339418
130.480264
133.361709
127.253560
371.181632
