108.247411
91.462076
90.158456
76.270385
127.494173
104.213367
93.771949
78.426318
88.294098
76.505641
129.927036
106.224116
74.608641
63.664547
96.932152
80.599631
65.071123
59.136947
107.187466
91.757250
66.284165
58.886902
206.704423
166.836322
96.393742
81.419966
74.220544
63.091009
103.926155
85.364883
96.166064
80.037442
111.714103
95.358025
95.929384
81.096137
187.663300
150.696469
74.698549
63.980030
104.232981
86.396615
60.249438
52.191989
97.149382
83.163111
133.598473
109.273615
158.736195
126.557103
122.796966
104.067146
161.703228
129.630077
120.465385
99.005980
101.022293
83.325615
110.527583
91.440455
142.352613
115.585296
92.985805
80.411868
118.760021
96.589511
176.052183
141.479270
109.413217
90.998406
116.998595
96.632326
114.369943
96.911222
93.508979
78.885518
88.146279
74.562944
191.817212
155.536826
92.320321
78.282181
92.537892
77.681798
137.533946
111.766291
94.875994
81.460794
80.238163
70.538163
102.391245
87.181683
95.555904
78.563244
126.546920
104.366092
121.321398
103.549539
111.991916
92.322308
111.527711
92.793694
113.040358
92.856586
138.562049
115.796365
119.406132
100.415921
92.814794
79.037907
107.466974
90.157713
99.039433
82.356799
121.359413
101.353044
103.640963
86.892102
98.101704
82.510982
101.629621
86.538414
163.415592
132.626232
100.133444
83.857361
132.621057
106.625291
125.825374
103.238476
151.903145
124.813066
85.962921
73.805103
102.651761
85.889446
102.579403
86.007983
101.855866
85.345832
96.244521
81.581670
98.201051
83.398666
108.145164
89.024567
154.943242
124.771668
113.479704
94.642378
136.615361
113.710073
105.741056
89.388366
111.746504
92.760953
154.174968
124.817533
141.713394
115.469033
108.362070
89.729897
164.052866
132.844634
129.701465
107.288832
149.434075
120.395833
103.302916
86.755520
151.538480
130.338323
118.224764
97.042779
104.868861
86.686849
152.740531
124.144845
68.475375
59.362328
141.033256
119.466793
109.635966
91.179127
136.825609
115.151982
230.194325
181.557163
144.354577
117.249155
115.535834
97.772864
111.757332
92.428802
139.581788
116.746427
103.465897
86.658580
96.571177
80.347810
101.558058
86.212545
130.000046
107.985314
155.646905
125.298087
135.338287
110.177690
103.202124
88.508225
100.811126
85.409468
93.672993
81.135491
115.736467
95.482325
126.625081
103.091172
97.316127
86.561977
119.724291
101.145928
137.580859
114.009980
251.495645
199.449444
135.330938
110.787515
87.319009
74.162487
121.884952
99.200839
106.183184
88.391471
184.723978
147.408035
169.352878
135.543757
95.818955
81.574635
161.386411
131.153235
199.436825
157.236460
84.349059
71.510266
99.902996
84.819969
213.148197
169.689763
110.939472
93.070816
112.611875
94.396417
136.266916
112.070593
115.598197
96.165335
92.906122
79.512642
132.658246
109.221630
151.472015
124.865365
122.662432
100.384462
92.268357
77.289009
114.951677
95.322599
170.211318
137.576571
90.843585
75.495242
86.810491
75.598488
73.614065
65.105643
110.412625
91.127874
107.333916
94.787820
102.039535
85.573971
104.752300
91.598778
103.054963
85.718153
75.699253
64.238808
155.927653
125.487813
89.115068
76.523107
86.906478
73.472573
134.133914
108.805570
187.370059
148.182165
95.577571
80.178108
108.771016
91.251580
120.236523
99.336555
319.742525
269.182773
107.322773
89.641725
80.039024
69.605588
110.878252
90.073621
82.955436
71.880813
126.425564
103.373033
90.864383
78.533673
134.291710
110.769366
275.018082
216.844170
98.869135
82.007872
82.329581
69.216129
157.609559
127.281963
75.363755
66.695914
121.009069
104.260993
107.119271
89.543763
136.505183
111.956364
161.853574
132.779748
164.331684
133.460068
110.440805
90.674270
126.509199
104.517362
110.020655
91.975422
162.342110
129.476427
109.233226
90.317193
106.727688
89.267041
122.155119
100.861757
98.116958
83.015883
102.976085
85.903951
121.248574
99.399361
117.862880
98.056369
105.231325
89.028310
139.724858
113.784559
105.595774
86.789538
120.158078
99.330453
79.727708
67.634373
104.676440
87.445568
116.215942
96.699402
97.341324
81.807340
182.393149
146.512139
73.771828
64.667405
111.731919
93.330386
142.621249
116.795267
96.205365
79.750228
139.171292
114.128350
97.409449
81.289926
214.722291
171.062910
124.193139
103.916746
81.610424
69.802810
126.958446
110.098915
145.441566
118.902400
95.482603
79.356303
160.581440
126.939864
158.087552
127.983720
99.162884
84.799308
142.906386
116.154448
127.837102
106.632740
66.895582
58.104103
102.885258
86.541676
142.181940
117.615287
126.025269
103.305034
108.017259
90.480193
121.260092
99.618165
123.851741
101.269251
142.884512
116.266277
159.155914
127.559971
118.800925
100.873623
97.289298
83.189597
130.192675
105.700165
81.426725
71.223824
89.409410
76.274106
117.649109
95.998939
80.449381
70.028574
133.430227
110.752554
128.958393
106.323068
130.815910
105.679385
124.052808
101.865661
90.441625
76.538500
88.997696
75.577108
85.776590
74.273510
125.169072
103.646558
98.055936
82.135923
75.625759
65.502889
128.325840
104.937628
198.405499
158.718625
87.000760
73.988395
120.526800
105.559549
105.134707
90.391051
131.589111
106.038910
103.069632
86.892913
64.960604
57.338881
133.816455
108.900527
120.084017
99.035923
136.101822
112.745320
101.823718
85.363328
82.484245
70.129662
111.791102
92.082299
92.021549
80.906663
174.339120
139.635819
61.827615
55.030944
154.459173
128.385431
105.360822
87.929200
92.533686
78.072983
90.637264
79.788128
124.581107
101.964935
