0.59869568359375
0.9933817421875
1.333732765625
1.58476430078125
1.7649214296875
1.94615911328125
2.0978344140625
2.23031684375
2.34772893359375
2.449470078125
2.54377345703125
2.64132907421875
2.717273890625
2.80180615234375
2.867123171875
2.93706419140625
3.00460655078125
3.071487578125
3.13467082421875
3.20224433984375
3.2812789140625
3.35629909765625
3.42590995703125
3.4849052734375
3.53092313671875
3.58051622265625
3.6330481015625
3.6835778125
3.73585102734375
3.77471033984375
3.81236410546875
3.8436530859375
3.87945173046875
3.9107835078125
3.937657359375
3.97044843359375
4.005729921875
4.03899094140625
4.075053890625
4.1078095234375
4.13744088671875
4.167583234375
4.18546741796875
4.20230025
4.21370113671875
4.21912244140625
4.22772489453125
4.23804302734375
4.2526962109375
4.26656987109375
4.28300324609375
4.29708484375
4.311060734375
4.32607171484375
4.33925024609375
4.3549261015625
4.36884791015625
4.3799706484375
4.3877028125
4.39463105859375
4.401504171875
4.41120933203125
4.41977708984375
4.42945626953125
4.439267859375
4.44778505859375
4.45649171875
4.46336112890625
4.4724896484375
4.4813022578125
4.4924494375
4.50112003125
4.5082304609375
4.51520412890625
4.52478935546875
4.53127718359375
4.5398447031249995
4.54971407421875
4.55833478125
4.5675579375
4.57412677734375
4.583654109375
4.59260815234375
4.5997798671875
4.60629951953125
4.614941203125
4.6256979296875
4.6341740546875
4.6417491015625
4.64893487109375
4.65522962890625
4.6611700703125
4.6695909765625
4.67682646484375
4.68403183203125
4.69267015234375
4.7019904375
4.70986025
4.716906109375
4.7265848984375
4.73303171484375
4.7405573984375
4.750609765625
4.7594698125
4.76648490625
4.774382046875
4.78201344921875
4.7915192265625
4.8007532421875
4.8105033515625
4.8196304296875
4.8282848125
4.83398411328125
4.841967125
4.84973747265625
4.85769082421875
4.86407254296875
4.87132590625
4.8805520390625
4.8891968203125
4.89644541015625
4.90214308984375
4.9051705703125
4.90914220703125
4.9148702734375
4.919235921875
4.9224909296875
4.9241226953125
4.92761608984375
4.9316194140625
4.93611255859375
4.9384241640625
4.94006580859375
4.94133433984375
4.9432723125
4.94478983984375
4.94493008984375
4.94637213671875
4.9459277109375
4.9450953359375
4.94369668359375
4.939886484375
4.938278890625
4.9370403515625
4.9366321015625
4.9379339296875
4.93794275390625
4.93813376953125
4.93872471875
4.94050348046875
4.94231381640625
4.9442715390625
4.94518658203125
4.94608361328125
4.9454031640625
4.944493453125
4.9428526875
4.94130829296875
4.93899887109375
4.93648911328125
4.9341125234375
4.93440441796875
4.93523849609375
4.93691723828125
4.9372581484375
4.93667225
4.9368153828125
4.93676237109375
4.9363535234375
4.9376205625
4.93699877734375
4.9375105390625
4.93674085546875
4.93752659375
4.9375060625
4.93720972265625
4.93783042578125
4.9380447578125
4.93809085546875
4.936372125
4.93400912109375
4.93241822265625
4.931254421875
4.9314341640625
4.93113978515625
4.9302093515625
4.92900595703125
4.92569171484375
4.92296140625
4.92144008984375
4.91903108984375
4.916372828125
4.9149741484375
4.9129834453125
4.91011637109375
4.90791275390625
4.90635979296875
4.9047217578125
4.90360493359375
4.9026926328125
4.90257770703125
4.90186383203125
4.9020727578125
4.9033703203125
4.90505637890625
4.9071024140625
4.9090382734375
4.91028393359375
4.9117783203125
4.9122709609375
4.913233125
4.91415493359375
4.91515281640625
4.9162551875
4.91737454296875
4.91876033203125
4.92030346484375
4.9222120234375
4.92572296484375
4.9290630742187505
4.932324015625
4.9359563828125
4.93862202734375
4.9416417734375
4.9446737421875
4.9473991328125
4.9500983828125
4.953028171875
4.9554105546875
4.95850332421875
4.96011336328125
4.962979328125
4.96563242578125
4.96787715234375
4.9690851640625
4.969883984375
4.970985515625
4.9714191953125
4.9704606171875
4.9713781171875
4.97057107421875
4.9695541796875
4.9678295234375
4.966591921875
4.96538578125
4.96482816015625
4.9641524921875
4.96237370703125
4.96094666015625
4.95930312890625
4.95983291796875
4.95933559375
4.9587643203125
4.95763508203125
4.95771115625
4.957671046875
4.95767114453125
4.95847855859375
4.95930415234375
4.95977308984375
4.959704828125
4.9595733125
4.96012983203125
4.9603187890625
4.96138065625
4.96196165234375
4.9622532109375
4.96112892578125
4.96006257421875
4.958706859375
4.9576894453125
4.95702344140625
4.95643369140625
4.95602433203125
4.954808125
4.95372975390625
4.95205862890625
4.9500847109375
4.9491244609375
4.94824778125
4.94772759375
4.947047296875
4.94648937890625
4.94587989453125
4.94606075
4.945155859375
4.9440242265625
4.943012375
4.94251759765625
4.94272206640625
4.94349315625
4.9443701328125
4.9447663125
4.94485784375
4.94534173046875
4.94584608984375
4.94559573046875
4.94640291015625
4.94746202734375
4.9483180703125
4.9486124453125
4.94933950390625
4.9495918125
4.95045215234375
4.951125703125
4.95089578125
4.95083923828125
4.95042273046875
4.95025974609375
4.9501133515625
4.9500626328125
4.9508359453125
4.95104591796875
4.9513615546875
4.95182222265625
4.95147209765625
4.950226234375
4.948883921875
4.94800682421875
4.9469651796875
4.94595912890625
4.9450582890625
4.9449589765625
4.9447285234375
4.9447629609375
4.944345578125
4.9448410625
4.9452328515625
4.945474265625
4.94488707421875
4.9450052265625
4.9449374296875
4.94587994921875
4.9468930078125
4.948422140625
4.95029459375
4.95139370703125
4.9518200546875
4.95268053515625
4.95295463671875
4.953626546875
4.954359796875
4.9556814765625
4.95597142578125
4.9567544296875
4.9564513125
4.956646421875
4.95689317578125
4.95693316796875
4.95768172265625
4.95861087890625
4.9588493046875
4.9586895078125
4.95854953125
4.95797224609375
4.9567377421875
4.95570003125
4.9551159453125
4.95417325
4.9534262734375
4.9523722109375
4.94809530078125
4.94201233203125
4.93401971875
4.9253253984375
4.9146540703125
4.90456578515625
4.89377559765625
4.88356546875
4.87265163671875
4.8620137578125
4.8507410078125
4.839895140625
4.8295944921875
4.81917512890625
4.80792072265625
4.79748927734375
4.787194078125
4.7761194375
4.76522778515625
4.75558582421875
4.7441491875
4.73351202734375
4.72308555859375
4.71363344921875
4.7039417109375
4.6937437265625
4.6838869296875
4.6740311875
4.66433303515625
4.65429066015625
4.64455115234375
4.63422539453125
4.62495035546875
4.6153802734375
4.60675046875
4.597389828125
4.58805419921875
4.57834108984375
4.5686147734375
4.55930290234375
4.549840453125
4.540867046875
4.53132405859375
4.52243930078125
4.5135055078125
4.5045401875
4.49535340234375
4.48662503125
4.47760518359375
4.46880337890625
4.4598748984375
4.451140578125
4.4427766953125
4.434167875
4.425599828125
4.41633830078125
4.40786405859375
4.399048453125
4.39032252734375
4.38175346875
4.37378478125
4.36468873046875
4.35652696484375
4.347807453125
4.33996328125
4.3316335078125
4.32284667578125
4.31484048046875
4.30671058984375
4.298857875
4.2909656679687505
4.2828643125
4.2751080390625
4.26669144140625
4.25885255078125
4.25144066015625
4.24367289453125
4.23511995703125
4.2275899609375
4.21982049609375
4.21234076953125
4.2048490234375
4.19673518359375
4.1896126875
4.18160611328125
4.174105578125
4.16614675
4.15845945703125
4.15082794140625
4.14344575
4.13620733984375
4.12872315234375
4.1217564609375
4.11421794921875
4.1072181015625
4.09937221875
4.0920721328125
4.08478558203125
4.078166140625
4.0713670703125
4.064041828125
4.05676223828125
4.04973175
4.0429184375
4.03635563671875
4.0292612265625
4.0219725625
4.015215359375
4.00852314453125
4.001842640625
3.99445205078125
3.9881251484375
3.98151260546875
3.974442625
3.9678649765625
3.96142140234375
3.95476558203125
3.948380234375
3.94116298046875
3.934591046875
3.9277051171875
3.9216191796875
3.91529191796875
3.90875921484375
3.90226001953125
3.89621031640625
3.890188484375
3.884275859375
3.877909953125
3.8716393046875
3.8652545703125
3.85904558203125
3.8531118203125
3.84694488671875
3.84060540625
3.8346327109375
3.82869986328125
3.822523265625
3.81641676953125
3.81036148046875
3.80438566796875
3.79834296875
3.7921955859375
3.78644482421875
3.78056921484375
3.77506138671875
3.76942246484375
3.7640529492187498
3.7582131328125
3.7525731328125
3.74709735546875
3.7413050625
3.7357133515625
3.73020300390625
3.7245801640625
3.71908691015625
3.7132175
3.7077746484375
3.7023164453125
3.69733806640625
3.69188957421875
3.68650101953125
3.6809946796875
3.67558233203125
3.670236234375
3.66472784765625
3.6589436796875
3.65340358984375
3.6481786757812498
3.6433139140625
3.63802755078125
3.632761765625
3.62722141796875
3.62238450390625
3.61701140234375
3.61195339453125
3.6068071640625
3.601595390625
3.59640656640625
3.59177808984375
3.5860389375
3.5808103828125
3.57566121875
3.57074768359375
3.565334609375
3.5601895078125
3.55514905078125
3.550127734375
3.544964890625
3.54041303515625
3.53525335546875
3.53019888671875
3.52508381640625
3.52025918359375
3.51567503125
3.5109931796875
3.5062843984375
3.5018498671875
3.4971073359375
3.49251933203125
3.487699734375
3.4831476875
3.47870675
3.4739729140625
3.46912831640625
3.4643274609375
3.45981693359375
3.454916125
3.450691140625
3.445840453125
3.441010078125
3.43648534375
3.4319631171875
3.427569
3.423109703125
