6.7189656484375
10.5455291640625
12.86165620703125
14.34431434375
15.44548633984375
16.22442311328125
16.839810734375
17.3019691015625
17.69745033984375
18.0194745546875
18.249506078125
18.488376453125
18.6957499375
18.851997625
19.00378936328125
19.16023955078125
19.2809139296875
19.37710265625
19.4619138359375
19.53613978125
19.62229891015625
19.69553681640625
19.75259849609375
19.80448339453125
19.855740828125
19.921293296875
19.9893460546875
20.04965461328125
20.09897736328125
20.1402953671875
20.1690176953125
20.2018912734375
20.2320593671875
20.2596738828125
20.2929237109375
20.33005793359375
20.37087106640625
20.39979265234375
20.42261455078125
20.448742125
20.48578477734375
20.5202043125
20.5543720546875
20.589450269531252
20.6244901484375
20.65568945703125
20.68217794921875
20.6976774375
20.7091924453125
20.713057171875
20.72138454296875
20.73629140234375
20.7584620859375
20.77515751171875
20.7924864609375
20.80485645703125
20.8188519765625
20.8344321484375
20.858767515625
20.87689428125
20.893383703125
20.90472519140625
20.91850200390625
20.93804123828125
20.952301375
20.96498015625
20.972085515625
20.973844703125
20.97559532421875
20.980114046875
20.98442214453125
20.9872430703125
20.99321787109375
21.0041456171875
21.01591387890625
21.025515078125
21.03240011328125
21.0342959453125
21.0360569921875
21.03225108984375
21.0284212890625
21.0245069375
21.02116809765625
21.0266294609375
21.02973127734375
21.0323789453125
21.0405113828125
21.04937780078125
21.0554473046875
21.05764715625
21.06028153125
21.0629775234375
21.065357921875002
21.0656166171875
21.0657382265625
21.06519128515625
21.061973796875
21.05990925
21.061931046875
21.065009265625
21.07170899609375
21.07687465234375
21.07811422265625
21.07747523046875
21.07956802734375
21.08006053515625
21.081905140625
21.0864261171875
21.0888363671875
21.0920463359375
21.093402765625
21.097643078125
21.10042703125
21.09832459375
21.09277128515625
21.08967146484375
21.09082755078125
21.094013484375
21.09887030859375
21.10364671875
21.10947294140625
21.11758703125
21.1235641171875
21.1254745546875
21.1261068203125
21.1312294140625
21.13512405859375
21.13867506640625
21.14178379296875
21.14547380078125
21.1497753046875
21.1526676875
21.15533711328125
21.16090623046875
21.1666069921875
21.1680431171875
21.17161309375
21.17659583984375
21.1838325
21.19049329296875
21.194961203125
21.199476515625
21.202068875
21.20479658203125
21.2050906328125
21.2078201171875
21.211980035156248
21.2159060390625
21.218796
21.221563140625
21.2230583515625
21.2264566953125
21.2275071328125
21.2286662890625
21.23036698828125
21.23269907421875
21.2387873828125
21.24425330859375
21.248003953125
21.25072854296875
21.252843234375
21.25586501953125
21.25771625
21.2579861796875
21.257933375
21.26031032421875
21.2605519609375
21.26057653125
21.26135619921875
21.26401629296875
21.26643925390625
21.26786202734375
21.26848965234375
21.26730544140625
21.26581086328125
21.266889875
21.2680767734375
21.2690972578125
21.2708695390625
21.27156806640625
21.27260623828125
21.27507961328125
21.274734125
21.273905234375
21.27510710546875
21.2762838671875
21.274646640625
21.27051165234375
21.2676391171875
21.266309562500002
21.26393216015625
21.26127094140625
21.25932923828125
21.2594566171875
21.25975337109375
21.26190641015625
21.2634355078125
21.26470463671875
21.2660383828125
21.2673949375
21.2706379609375
21.27315616796875
21.27528753125
21.2773440078125
21.2782002109375
21.277978578125
21.2778446484375
21.27732071484375
21.2793721953125
21.2824508828125
21.28633425
21.2897335703125
21.29125080859375
21.2899106640625
21.289143773437498
21.28750079296875
21.2864372109375
21.2853281484375
21.283149640625002
21.28028283203125
21.2768855390625
21.272792484375
21.27053971484375
21.26815438671875
21.26794309375
21.26791565625
21.2678052734375
21.26733402734375
21.2663978515625
21.26669726171875
21.26626072265625
21.26569671484375
21.26520476953125
21.26504868359375
21.2638091484375
21.26229440234375
21.26072927734375
21.2591036171875
21.2599255390625
21.26262418359375
21.26507415234375
21.267253578125
21.2714192890625
21.2756049921875
21.2792816328125
21.281712984375
21.28432128125
21.28675262109375
21.28798228125
21.29024114453125
21.29178955859375
21.2932195546875
21.29324207421875
21.29447996875
21.294713859375
21.29544934765625
21.29629611328125
21.295774921875
21.29491547265625
21.29256315234375
21.2929738515625
21.2935472890625
21.295012640625
21.296733265625
21.29913069140625
21.30169234375
21.30462285546875
21.306562015625
21.30909634765625
21.311816140625
21.31395221875
21.316128546875
21.31617842578125
21.31744721484375
21.31884217578125
21.31949669921875
21.32208259375
21.3244757734375
21.32674034765625
21.32941452734375
21.33102599609375
21.3329416875
21.33342496875
21.33363659765625
21.33380938671875
21.33542830078125
21.33667544921875
21.33870992578125
21.342227988281252
21.34488596875
21.34548698828125
21.346169546875
21.3465787890625
21.346922421875
21.34721127734375
21.34902635546875
21.3518526328125
21.351601296875
21.35218876953125
21.35386579296875
21.3543126171875
21.35436596875
21.354591390625
21.35405144140625
21.35165433203125
21.349531609375
21.34886358203125
21.34830453515625
21.34914042578125
21.35246954296875
21.35622142578125
21.3585024921875
21.36030136328125
21.3620036328125
21.36474154296875
21.366732375
21.3677332109375
21.3695809140625
21.37065344921875
21.37213622265625
21.374783464843752
21.37662751953125
21.378180171875
21.3796874375
21.3811241328125
21.38242441015625
21.38359598046875
21.384364453125
21.3847675078125
21.38587891796875
21.3865388828125
21.38630751171875
21.387318484375
21.3886032890625
21.39160444921875
21.3944811875
21.397043917968748
21.39878392578125
21.4002260546875
21.4004342421875
21.4012087734375
21.40221025
21.40163845703125
21.40094066796875
21.40073075390625
21.4018781328125
21.403360171875
21.40423419140625
21.4051670546875
21.4057801171875
21.4054201484375
21.404880859375
21.40450384375
21.4051391015625
21.4060856484375
21.40610785546875
21.405532578125
21.40442926171875
21.40362075390625
21.403111546875
21.39481440234375
21.37848860546875
21.3604142578125
21.34399850390625
21.32915144921875
21.31633784375
21.3055264765625
21.296564718750002
21.2903308515625
21.28758127734375
21.2871020625
21.288968203125002
21.29250886328125
21.298733234375
21.30734273828125
21.31848126953125
21.33196079296875
21.347843078125
21.366091390625
21.386757605468752
21.4080030703125
21.43193573046875
21.45802853125
21.4868274140625
21.51718503515625
21.54918078515625
21.58358787109375
21.61869381640625
21.655322046875
21.69553785546875
21.73519535546875
21.77589205859375
21.8194192265625
21.86433316015625
21.9108570703125
21.95791065234375
22.005197296875
22.05303336328125
22.1025957734375
22.15423262109375
22.20593835546875
22.2604904296875
22.31464184765625
22.370887015625
22.4314702578125
22.4926057265625
22.551728296875
22.61418627734375
22.67835521484375
22.74382584375
22.81077935546875
22.87888875390625
22.94826328515625
23.01937675
23.09170805859375
23.1645124453125
23.23880762890625
23.31460024609375
23.3920704921875
23.46890383203125
23.5475371796875
23.62703839453125
23.7100214375
23.79480881640625
23.88118491015625
23.9667858671875
24.05612616015625
24.14569683984375
24.2363055625
24.32776687890625
24.42107234765625
24.51613309765625
24.61001756640625
24.7078716953125
24.8063591328125
24.90474471875
25.0042269921875
25.10315855078125
25.2037217109375
25.30408150390625
25.40703133984375
25.51015575390625
25.61435219140625
25.718648109375
25.82319755859375
25.93213237109375
26.03933942578125
26.1463923046875
26.2553977890625
26.36486477734375
26.4762385
26.587403265625
26.70162607421875
26.81694105859375
26.93126818359375
27.04700054296875
27.1642207421875
27.27922970703125
27.3936124453125
27.512953203125
27.6294539765625
27.74889433984375
27.87092336328125
27.99246790234375
28.11735968359375
28.2399430234375
28.366882640625
28.4922961875
28.6214676015625
28.75055476171875
28.87863693359375
29.00950869921875
29.1398496875
29.273184015625
29.407136046875
29.53940434375
29.67821848046875
29.8116580703125
29.9511726640625
30.0883478671875
30.2265588046875
30.3664226484375
30.50317506640625
30.6466914765625
30.78842181640625
30.931066765625
31.07156312890625
31.21832933984375
31.36299699609375
31.5110670703125
31.65614837109375
31.800805296875
31.94872990625
32.09990873046875
32.250086609375
32.40143809765625
32.5553333515625
32.707512171875
32.861275921875
33.01446133984375
33.1708660390625
33.32835325
33.4861879921875
33.644082875
33.80077583203125
33.95910951953125
34.1184382421875
34.2783526796875
34.438690796875
34.60260631640625
34.760756386718754
34.92380037109375
35.0867177265625
35.24709033984375
35.40710313671875
35.5727018984375
35.737839875
35.90134419921875
36.06682625
36.23224797265625
36.4003089375
36.5677835
36.7339380390625
36.90345233203125
37.0706480546875
37.24087221875
37.4107556484375
37.58335222265625
37.75522637109375
37.927227125
38.09803656640625
38.2724749609375
38.44497641796875
38.6216061640625
38.79572737890625
38.971769734375
39.14583505078125
39.32539610546875
39.50393089453125
39.68206891796875
39.8587174765625
40.03685444921875
40.21609465625
40.39340126171875
40.56958583203125
40.75061662109375
40.93175069140625
41.1109017578125
41.2949748828125
41.47594294140625
41.657024125
41.83761543359375
42.020197671875
42.2043034296875
42.3856716484375
42.57105590625
42.7513784453125
42.93537230078125
43.1212724375
43.303781546875
43.4889651328125
43.6747042578125
43.861504015625
44.0460274375
44.23383567578125
44.4209773359375
44.61041531640625
44.79521421875
44.9845973125
45.17211591015625
45.3633220546875
45.55317910546875
45.74288145703125
45.9342798671875
46.1280952265625
46.3203308984375
