8.01179387109375
13.91126369921875
17.74823780859375
20.454591078125
22.34506875390625
23.771041812500002
24.888658453125
25.80520822265625
26.6203648828125
27.3440726484375
28.03973398046875
28.6626608984375
29.2224440703125
29.71706009765625
30.19748879296875
30.6140887890625
31.02470517578125
31.37938773046875
31.70345508984375
32.00625648046875
32.29974251953125
32.57516579296875
32.8421867421875
33.097374375
33.33862416796875
33.5895395078125
33.813065078125
34.0363905703125
34.24828245703125
34.44297080859375
34.61378387890625
34.780951171875
34.9407772265625
35.10938562890625
35.2717213828125
35.43262671875
35.57380063671875
35.7207326171875
35.8701760703125
36.0202490546875
36.15133694921875
36.2835680546875
36.42669048046875
36.56260560546875
36.6732932734375
36.7784521640625
36.86119901953125
36.93439056640625
37.00965752734375
37.06663726953125
37.11681465625
37.17141672265625
37.230497140625
37.297353375
37.3613993359375
37.4361773671875
37.51461162109375
37.5958559609375
37.6786776953125
37.75800396875
37.83213719140625
37.911970046875
37.98583716796875
38.0617099375
38.1414375625
38.216346734375
38.2878373671875
38.36165587890625
38.43327816015625
38.49423508984375
38.5473635859375
38.59975266796875
38.65209065234375
38.703853984375
38.75671725390625
38.815466703125
38.87009070703125
38.92181964453125
38.97009767578125
39.00940661328125
39.05207875390625
39.09696422265625
39.1424842890625
39.18463869921875
39.22308926953125
39.26019696875
39.299385046875
39.34491112890625
39.39122001953125
39.4357429140625
39.47987146484375
39.5210729921875
39.5571278984375
39.59226753515625
39.628586703125
39.66356803515625
39.70364662890625
39.74714241015625
39.78783668359375
39.827245
39.86119100390625
39.89986477734375
39.937890328125
39.9736168359375
40.00561768359375
40.032871046875
40.053477296875
40.07869187109375
40.1059013125
40.1388685234375
40.17142956640625
40.2011137265625
40.234595578125
40.26463034375
40.29244825390625
40.31805702734375
40.34164621484375
40.36505396484375
40.38462362890625
40.40349240234375
40.42061535546875
40.44102551953125
40.4646336640625
40.4834161953125
40.50303730078125
40.5291951484375
40.55003341015625
40.56395430859375
40.57795803125
40.59084647265625
40.60628695703125
40.619627636718754
40.632632765625
40.646982195312496
40.6597680234375
40.669153
40.67876409765625
40.6883885625
40.70220219921875
40.71902328125
40.73350249609375
40.7452580234375
40.7561665234375
40.7718598671875
40.7894050234375
40.8070487109375
40.82518760546875
40.8436010078125
40.8565651015625
40.86825286328125
40.88099481640625
40.89307757421875
40.90249632421875
40.9099236015625
40.91849228515625
40.92778726953125
40.9335880859375
40.94373541015625
40.954990609375
40.9666273515625
40.9761405234375
40.98419752734375
40.99648775390625
41.0091717890625
41.01949591796875
41.02665659375
41.0309539765625
41.035861046875
41.042539453125
41.0490126953125
41.05601696875
41.065680640625
41.07711894140625
41.0858971171875
41.09446681640625
41.10470469921875
41.1165256796875
41.130863015625
41.14672641796875
41.16417053125
41.18167458203125
41.20047889453125
41.21903073828125
41.23909213671875
41.2588631484375
41.27414525
41.28994969921875
41.31075954296875
41.33104833984375
41.35002194140625
41.36716003125
41.382796515625
41.40062062890625
41.4194816015625
41.436653703125
41.4496216484375
41.4598028125
41.4690115625
41.47929151171875
41.49251501953125
41.50374830859375
41.511519921875
41.51771063671875
41.52073331640625
41.5208329296875
41.52185130859375
41.52448498046875
41.53040591796875
41.5359198828125
41.54173410546875
41.5507790703125
41.55849653125
41.5649789609375
41.57269612890625
41.58045105859375
41.5902198515625
41.60225700390625
41.61637234765625
41.6301810859375
41.64135005078125
41.65089475
41.66100159375
41.67000276171875
41.67776384765625
41.68480775390625
41.68949225390625
41.69121626953125
41.69097732421875
41.6911184921875
41.69487176171875
41.6950341640625
41.6976146953125
41.7021493359375
41.70814746875
41.7122817734375
41.718316109375
41.72706582421875
41.73684404296875
41.74584592578125
41.75441018359375
41.76129294140625
41.76853033984375
41.770429375
41.77262680859375
41.77732346875
41.78152896484375
41.78599377734375
41.792001859375
41.79902531640625
41.80421378515625
41.80802317578125
41.813329203125
41.81889928515625
41.82610457421875
41.832523421875
41.83910530859375
41.8439123671875
41.84532578125
41.84908698828125
41.8522189765625
41.8542719453125
41.85447538671875
41.85318748828125
41.85066896875
41.848696187499996
41.84625155859375
41.84340099609375
41.84137587890625
41.8440381875
41.84766021875
41.85109980078125
41.852198890625
41.85440386328125
41.85774856640625
41.86255936328125
41.86884900390625
41.87559575390625
41.883744367187504
41.89215633203125
41.8999747890625
41.90716234375
41.91217415234375
41.91901644140625
41.92768968359375
41.9351372734375
41.94433633984375
41.95354206640625
41.96208444140625
41.9703498984375
41.98096571875
41.99361514453125
42.00715455859375
42.0190269140625
42.0326763671875
42.0442322578125
42.054535671875
42.06384999609375
42.072920984375
42.08119336328125
42.08782408984375
42.09472758984375
42.10245519921875
42.1101051875
42.1157673984375
42.122246421875
42.1292715234375
42.13528561328125
42.1408422109375
42.1468597890625
42.151486796875
42.15587774609375
42.160193828125
42.1637394609375
42.1666115546875
42.168761859375
42.17018213671875
42.17268583203125
42.1773066953125
42.18282473046875
42.18614901953125
42.18587612890625
42.1863045546875
42.18884356640625
42.18967758203125
42.1905096953125
42.19148964453125
42.191447875
42.1905995859375
42.1898471015625
42.190169484375
42.191227984375
42.19244022265625
42.19113162109375
42.19145805078125
42.192566203125
42.1938380859375
42.1955062109375
42.195663796875
42.19638552734375
42.19768753125
42.19880320703125
42.20082373828125
42.2039929296875
42.2077024921875
42.21041522265625
42.213158875
42.217670203125
42.22233596484375
42.2257619921875
42.228302796875
42.2294766484375
42.22941991796875
42.23011360546875
42.23054384765625
42.2284335390625
42.2272356015625
42.2286790703125
42.23044527734375
42.2301445390625
42.230858375
42.2273026796875
42.221938390625
42.2169643828125
42.210821375
42.20215574609375
42.187931832031246
42.16869894921875
42.1449308125
42.11644944921875
42.08350300390625
42.049297
42.0131529609375
41.9744525
41.9342176328125
41.89356098046875
41.85172306640625
41.8102136015625
41.768418234375
41.72650768359375
41.684571671875
41.6433604921875
41.60291491015625
41.562076125
41.5215583125
41.482567953125
41.44291366015625
41.4054371953125
41.3686536328125
41.33217515234375
41.29629134765625
41.2604434140625
41.2255254140625
41.192216984375
41.15881004296875
41.12507469140625
41.09289659765625
41.0623826953125
41.03300623046875
41.0030512421875
40.974226257812504
40.9466102734375
40.91990677734375
40.89382826953125
40.86852446875
40.8431106015625
40.8196725859375
40.7964986796875
40.77462178515625
40.75259778515625
40.7320203671875
40.71291121484375
40.6939097734375
40.67598035546875
40.66026303125
40.645028109375
40.6298137109375
40.614085171875
40.59842096875
40.58396321875
40.570977421875
40.55938953515625
40.54755413671875
40.53709637890625
40.52619576953125
40.51546119921875
40.50610812890625
40.496801226562496
40.48909461328125
40.4830220546875
40.47538666796875
40.46912787890625
40.46442805859375
40.46061037890625
40.45596021484375
40.45260065625
40.4514858671875
40.4509435234375
40.45073549609375
40.45038672265625
40.450340046875
40.45151965625
40.45255435546875
40.4531260703125
40.4551355
40.45706799609375
40.45842891796875
40.45915159765625
40.46071818359375
40.46189660546875
40.46326838671875
40.464905484375
40.46756192578125
40.4712836796875
40.47473206640625
40.4798270078125
40.4849534765625
40.492248265625
40.4982389765625
40.50517933203125
40.51081153125
40.51839045703125
40.52497931640625
40.5336210625
40.542682796875
40.552013570312496
40.56382334375
40.57589792578125
40.5886540390625
40.6024955703125
40.61628438671875
40.6310541015625
40.6461338203125
40.6604239140625
40.675787078125
40.6901674453125
40.7060247578125
40.72288883203125
40.73889769140625
40.75628303515625
40.7746629765625
40.793702171875
40.8130458671875
40.8335534375
40.8532487265625
40.87284377734375
40.89211915625
40.91177260546875
40.93264693359375
40.953587640625
40.9745337265625
40.99586521875
41.018994375
41.04216503515625
41.06479020703125
41.08920725
41.11344176171875
41.138414390625
41.16338608203125
41.1901233203125
41.21682616015625
41.244057457031246
41.2705983046875
41.297727765625
41.32596426171875
41.3534104765625
41.381799640625
41.41014835546875
41.43961417578125
41.46965684765625
41.5007311875
41.53179326953125
41.56303401953125
41.59403290625
41.6261332890625
41.6585406796875
41.691926296875
41.726107671875
41.7608021015625
41.794241875
41.8290118515625
41.8634664296875
41.8987509921875
41.9349154375
41.9698059765625
42.0078919296875
42.0453870546875
42.08277487109375
42.121995625
42.16036782421875
42.198605546875
42.23765280859375
42.27758176953125
42.31675376953125
42.356560296875
42.3970423671875
42.43698140234375
42.47820903515625
42.519440203125
42.56211069921875
42.60482727734375
42.64766090234375
42.69238081640625
42.73495296875
42.77946133984375
42.8230589375
42.867248609375
42.91203705078125
42.9573341953125
43.0032729609375
43.047934484375
43.09399004296875
43.13982671484375
43.1864181171875
43.23298826171875
43.2797768671875
43.3266399765625
43.374296109375
43.4221810234375
43.4704781640625
43.518819046875
43.56627932421875
43.61678240625
43.66577908203125
43.71569174609375
43.76560308984375
43.81633883203125
43.867127984375
43.9183593984375
43.96927611328125
44.020616640625
44.07183966796875
44.12384298828125
44.1762208828125
44.22756989453125
44.281175332031246
44.335505015625
