87.823624
68.952180
90.835086
70.748571
66.238118
51.905277
79.546406
62.541520
101.714625
83.084998
88.666793
70.843418
56.914673
44.825557
93.468863
73.136553
66.098082
55.836631
96.763638
76.894956
63.557210
52.165290
194.272220
153.831161
91.531029
69.887601
63.908682
50.814046
81.756528
67.459139
50.291044
41.177232
226.910003
176.788107
114.271635
91.846980
84.995230
67.380252
59.253405
48.645315
74.944998
58.792098
44.642144
36.850001
114.226163
89.917869
213.225781
163.506920
71.390560
56.198692
116.478454
92.155890
72.494213
60.729224
82.379155
68.167442
80.163977
63.815710
78.073613
61.295716
113.137640
86.952940
82.726932
65.061822
120.134708
94.848801
123.122276
96.353117
79.060023
65.056995
56.961345
46.413930
115.687680
88.578853
89.580252
71.212478
92.489509
73.331565
147.094603
112.996647
74.769584
58.591936
100.937881
79.555114
121.489687
98.085907
101.709722
79.758410
62.474223
49.713676
80.420164
65.626820
134.789960
105.068867
62.422897
49.070504
77.661566
62.326340
47.467139
41.098387
90.336917
72.203639
83.093412
66.349772
97.547711
79.053568
90.863588
71.288980
91.830759
75.161049
131.430791
102.437322
76.899771
62.383306
82.223188
64.503980
87.828750
70.207012
53.214086
44.960992
82.402383
67.641986
122.385970
96.081466
174.545185
136.249851
63.947065
50.431526
106.412558
88.625967
95.477188
75.403852
72.126778
57.401417
75.766090
59.876748
77.474244
62.508136
129.572538
100.819383
93.467037
73.642233
71.152521
57.588675
72.053859
57.608694
107.942017
84.992899
58.191563
48.538289
82.464308
66.695054
88.115767
70.695208
104.751984
83.927969
67.891207
55.496646
114.301415
90.725810
57.139600
46.839534
73.633888
58.584130
177.373854
136.381183
90.083501
73.628003
77.199757
63.093931
128.732868
104.610593
152.617801
118.728232
67.682619
53.794386
78.279256
61.306054
82.647471
66.396755
146.391504
113.114375
118.302842
91.550605
95.932133
76.197416
80.831114
64.392122
66.232549
54.380662
110.422064
90.318691
78.782577
65.477483
190.994896
148.024137
107.379469
84.604629
78.087126
62.023640
75.093256
60.890643
148.115420
115.650874
83.496482
68.579543
55.842742
45.799273
165.827704
126.844716
97.963600
76.936044
140.509204
108.726463
298.221500
231.769164
88.644339
70.253750
95.011620
78.891098
84.447851
66.800017
97.036204
78.547231
156.169913
122.355362
97.538913
75.419620
85.480936
69.039611
65.878354
52.702628
98.609140
84.527974
123.586673
99.446121
66.961554
54.185646
143.378557
111.125205
149.629671
115.993525
75.370733
61.215480
84.840155
66.801319
85.956074
68.785627
148.902181
117.366319
72.286077
58.325718
106.832742
83.586542
82.191543
65.077409
72.464594
59.380502
125.877635
101.009495
98.503405
80.369360
84.263090
66.273963
81.839706
65.449499
91.532677
72.715195
112.298288
88.979145
94.302762
74.115242
45.426466
36.799701
70.827858
56.636774
71.300615
56.558818
71.531640
60.916863
162.001801
128.049245
78.628035
62.320147
105.818257
84.924211
68.315082
56.140274
71.207490
57.037762
93.535504
75.211433
108.503204
84.183490
120.870547
95.467394
134.702426
102.250405
86.841328
68.696664
91.320530
72.955552
90.626141
71.892894
135.708018
109.491792
103.647065
82.065370
88.279691
70.176092
68.453734
54.996479
80.445926
64.563195
75.514836
64.616469
90.671314
73.600311
116.798536
92.411832
230.587823
175.318155
96.023623
74.948690
71.308646
57.674095
83.325586
65.160220
70.004756
55.136807
87.765371
68.248571
188.896024
148.276151
93.436587
73.033027
117.791130
92.938857
92.820944
72.918305
99.079046
77.757498
68.571449
54.061356
99.919480
79.505959
101.567412
79.998067
118.997437
93.391545
74.962339
59.615263
111.990706
88.374429
101.931141
82.210058
78.295993
62.456791
76.499631
61.950263
85.646813
67.747697
104.903110
81.766769
109.633224
86.503450
93.866951
74.979862
119.302424
93.302576
94.538424
76.325357
54.958188
45.322730
82.033365
65.958911
89.302214
69.085025
124.598468
97.548408
90.681362
72.006342
92.045233
72.996263
74.566238
58.986288
94.262387
77.915924
87.813306
68.140858
78.939554
63.914547
115.504970
89.406447
141.831774
111.164917
69.941204
55.621581
98.361374
77.625244
145.539361
111.137784
111.582082
87.819070
87.391472
68.804535
78.482489
62.286488
138.230975
105.618548
156.074519
120.961380
98.032558
78.052190
146.650267
112.060608
87.277925
70.334783
88.235414
70.087524
92.168034
72.663373
99.911600
82.077580
73.900911
60.922975
99.005391
79.602930
68.975898
56.318788
96.333836
77.397294
93.871738
76.435562
104.756899
83.677752
78.864432
64.817526
74.200039
58.963506
69.215328
55.613638
80.586990
65.176583
102.532144
80.053202
77.350038
61.122557
118.117071
92.966256
99.876987
78.733735
75.536577
58.553680
102.735133
80.405364
57.601791
47.188749
55.117317
45.155938
199.580576
155.781625
94.134824
74.466817
135.237253
105.526961
123.020865
95.932574
174.872185
135.448004
102.181614
81.079500
96.827328
76.511978
115.480507
91.966729
129.991991
100.858561
101.396285
79.288083
55.684744
45.780708
99.102377
77.372128
138.294895
105.078784
96.312943
76.081667
78.323899
62.519904
55.682256
45.022490
123.173116
96.982956
102.859132
79.830463
133.404213
105.064512
90.450259
69.705800
107.156961
84.636104
138.186678
109.064241
114.714531
91.612974
83.788619
68.018926
110.650717
86.039874
56.059704
46.169334
