44.754084
37.496597
51.698111
42.327274
48.956373
40.498826
31.934092
27.636063
36.439171
31.543999
41.263325
35.174803
37.577920
32.012819
36.596730
31.353358
47.426538
39.546740
51.223242
42.104642
35.428737
30.296340
42.224711
35.567614
44.729261
37.180389
45.284222
37.294837
35.104942
30.174552
45.033882
37.618623
41.183452
34.544709
44.126193
37.212380
32.713786
28.615753
32.150412
27.815450
38.995806
33.269032
40.387374
33.810729
49.562717
43.171408
41.964016
35.572361
51.517706
42.169036
40.430474
34.779497
29.443051
26.300765
38.774877
33.169857
36.204563
31.563513
35.757039
30.405103
49.867331
41.330024
36.137662
31.127144
53.957272
44.266329
31.571926
27.785494
38.962429
33.416242
28.472830
25.601796
34.584108
153.178072
46.957535
39.575429
39.991498
34.024722
30.783540
26.862765
38.673398
32.600438
42.704382
35.981422
73.145889
59.054528
45.414164
37.973242
46.261937
38.559505
48.476782
40.028416
45.470018
37.962449
39.409673
33.665411
47.601196
40.330911
38.450234
33.020929
32.489760
27.874005
38.112144
32.088523
40.458566
34.122492
61.690883
50.018362
46.136673
38.501366
31.046181
27.044824
69.502689
56.125491
49.797619
41.527187
33.243610
29.220253
54.559083
45.026490
35.830904
31.118811
29.573128
26.187895
41.694871
35.019006
58.798012
48.159668
40.024300
34.107423
37.551590
31.826121
29.618756
26.125971
55.853103
45.729170
35.915347
30.742179
49.398327
40.672212
42.597743
35.882098
38.966473
33.220662
104.039109
81.994448
35.084993
30.136667
39.848393
34.106229
46.317607
39.060844
53.977684
44.143318
47.822782
39.890781
35.480351
30.169225
43.283988
36.524904
52.089576
43.371504
60.616289
49.251547
46.648153
38.723686
44.126907
37.430060
35.938456
31.266797
48.599581
41.866827
35.005109
29.976291
37.086465
146.904200
48.308492
39.920566
30.885191
27.455889
51.882725
43.642580
52.365877
42.844470
52.671035
43.206874
44.597724
37.462760
31.871008
45.377436
41.580714
35.070320
43.800620
36.701996
42.310194
35.505862
47.926567
39.554500
45.220890
38.653567
39.259813
216.554135
35.464508
30.677710
45.720211
38.055934
41.975425
35.538113
30.213576
26.775240
58.205770
50.226970
40.398465
34.533777
90.951940
72.033004
41.703482
35.041626
48.898670
40.848580
41.995817
35.092475
50.115850
41.840483
42.045216
35.477834
49.927975
41.330721
46.081112
38.037700
30.831272
26.887995
46.541620
38.407592
41.728760
35.497579
45.415763
38.276746
45.617540
38.772423
39.923752
33.427542
54.306933
44.374346
42.929277
36.490882
64.928452
52.339930
42.718115
36.092413
62.013626
50.223744
34.465770
29.837755
37.930817
32.298947
42.654384
36.588128
61.288291
49.884359
28.614482
25.609055
43.231495
37.521225
36.940864
31.158928
50.441894
42.071076
48.482183
128.575840
30.255469
26.189607
35.661387
30.492049
33.272829
28.679599
38.472896
32.733166
44.003771
37.041076
38.237266
32.601941
45.327193
37.762820
49.483674
41.109731
40.378197
34.467468
43.102586
36.179922
43.063931
35.878214
41.955093
35.701090
38.590484
32.746515
37.771043
37.250626
41.297781
35.130580
32.478441
27.785360
31.019325
26.956854
35.269211
30.257600
54.330297
44.756839
67.325948
54.043885
52.788468
43.707184
44.123320
37.027684
44.616136
37.437114
39.960953
34.102664
73.951712
59.072937
38.132154
32.494396
38.139632
32.514116
31.913588
28.354107
39.499652
33.267045
54.281056
44.234933
43.712896
37.121271
42.000524
140.264909
45.701602
37.725205
65.229159
52.825114
45.362731
37.874278
40.430886
34.530441
74.380412
59.686582
62.496600
50.733929
36.833421
53.326315
35.263512
30.177020
43.439352
36.553455
34.208546
29.322107
56.014026
45.972079
29.817847
26.007791
56.808344
308.687383
29.920875
26.073710
39.811595
33.243649
47.494857
40.162312
34.097631
29.273652
47.971535
39.857187
44.401726
37.299154
40.579497
33.920976
39.482824
33.392955
33.199532
28.516140
49.310264
40.577322
39.334572
33.197662
36.921137
31.566981
40.719986
34.550540
36.820367
31.711100
30.020966
26.457068
49.373290
41.269099
51.881927
42.622203
42.693651
36.328375
37.981002
32.293898
49.428986
41.166442
51.920797
42.767538
35.115754
30.284869
51.715895
42.675291
38.217361
32.798690
40.005311
33.768168
43.391863
36.318097
31.909965
27.797244
44.725916
37.680201
47.185291
39.349971
38.379520
32.698199
44.294818
37.178888
47.880711
40.318677
42.988442
36.160999
39.159124
33.726272
47.532287
39.667787
48.060383
39.993718
40.261096
34.137941
43.586643
36.289731
34.868712
30.343941
36.699446
31.766708
37.020693
31.394852
42.070273
35.234396
72.947049
58.316181
47.504147
39.539886
48.169029
39.986360
34.959004
29.937752
45.617947
38.741165
43.804000
37.208147
44.231938
37.079030
35.265040
30.294624
37.073688
32.135691
41.866570
35.099902
37.798236
32.677084
34.792217
30.976881
50.777673
41.978171
44.250914
37.313668
39.060713
33.411078
36.076825
31.352445
36.955205
32.571778
34.414185
29.640637
50.276921
41.955289
32.806130
28.503507
51.359355
42.266882
49.299915
40.566667
74.140377
59.905854
24.588060
22.349017
57.850640
46.950560
37.451509
31.666535
42.057524
35.199140
48.202842
39.484005
40.083491
33.814543
43.624095
37.381832
37.497050
32.245918
44.016205
36.884559
40.157812
33.896727
59.527087
48.434042
