11.37556924609375
13.22575023046875
14.66275430078125
15.515464109375
16.05933912890625
16.56125490625
17.01643807421875
17.3373867578125
17.57599971484375
17.79596276171875
18.069314640625
18.2340285546875
18.28058545703125
18.34647683203125
18.41231710546875
18.51941616015625
18.6248350390625
18.7251964375
18.80625760546875
18.862431609375
18.910586734375
18.94108952734375
18.9551366015625
18.9299861875
18.94297280078125
18.985682140625
18.9758602109375
18.9628256640625
18.9979773828125
19.05951754296875
19.10314016796875
19.11387150390625
19.1257380078125
19.12999415625
19.12177193359375
19.106755890625
19.09711766015625
19.082690703125
19.0805136640625
19.0759002578125
19.0947725390625
19.09868873828125
19.0939434921875
19.08789494921875
19.07903254296875
19.09630411328125
19.1205287109375
19.1403271328125
19.15237187109375
19.17112160546875
19.1876078671875
19.20861658984375
19.2178114453125
19.2288212265625
19.24339697265625
19.2676602734375
19.3020960703125
19.315087703125
19.3246682890625
19.313042203125
19.29929426171875
19.28555562890625
19.27635258984375
19.27599682421875
19.29280353515625
19.301596671875
19.294281140625
19.2790216796875
19.263189265624998
19.250238890625
19.236084984375
19.23782516015625
19.24958806640625
19.24905657421875
19.25081457421875
19.24330112890625
19.24235777734375
19.25779308203125
19.2689526875
19.29479726953125
19.31593852734375
19.32132866015625
19.3323052265625
19.340986390625
19.34113756640625
19.34387414453125
19.34828766796875
19.34925948828125
19.3329648359375
19.3176418515625
19.302247734375
19.28667459375
19.26557184765625
19.24463444140625
19.22926526953125
19.23309100390625
19.23044816796875
19.22175139453125
19.2129092734375
19.21001689453125
19.20797125
19.2040130078125
19.20271462890625
19.209091546875
19.2089791953125
19.20384086328125
19.19760816015625
19.18854261328125
19.1845298984375
19.18131219140625
19.1662996796875
19.16664494921875
19.179863078125
19.18245901171875
19.17692401953125
19.1824473359375
19.192393828125
19.19289247265625
19.19297864453125
19.19348091796875
19.19730765234375
19.20116454296875
19.201220515625
19.20284984765625
19.20201360546875
19.20219105078125
19.19597412109375
19.16826290234375
