35.7975288203125
39.1276207890625
41.09237126953125
41.4795600078125
41.6727777578125
41.71222631640625
41.85401818359375
42.06622544140625
42.1271912734375
42.27642422265625
42.40761669140625
42.46738916015625
42.4704283828125
42.5744459921875
42.64070941796875
42.64220942578125
42.67238084765625
42.783194203125
42.8552193125
42.881882203125
42.906134078125
42.92072780859375
42.896231671875
42.9652649921875
42.97559028125
42.99845018359375
43.0068196796875
42.98789883203125
42.97301628515625
42.97775340625
42.97412568359375
42.95676452734375
42.94332966796875
42.922385546875
42.9076216171875
42.932578875
42.93349130078125
42.9567902578125
42.99514930859375
42.99566935546875
43.02151528515625
43.02310502734375
43.03556241015625
43.05614819921875
43.0884496875
43.088340515625
43.09321405078125
43.08887924609375
43.11111363671875
43.13822278515625
43.154203671875
43.13793630859375
43.115179421875
43.1114370625
43.11188521875
43.12008606640625
43.146663421875
43.1516761953125
43.15261696875
43.15665834765625
43.14050119921875
43.142839734375
43.1370554140625
43.12420219140625
43.113813324218754
43.129850109375
43.1451064453125
43.153199328125
43.15392578125
43.15570985546875
43.163554703125
43.1662764609375
43.15797323828125
43.14353611328125
43.148287203125
43.150984265625
43.1655060390625
43.16495414453125
43.17151198828125
43.18584037109375
43.19640155859375
43.17803172265625
43.17521786328125
43.18814333984375
43.19853949609375
43.20751308203125
43.22239715234375
43.219786015625
43.20482475390625
43.21319887890625
43.211142375
43.21627896875
43.21109282421875
43.20756471875
43.2113188359375
43.208362296875
43.21323952734375
43.21283586328125
43.20098855859375
43.19615112109375
43.196606109375
43.1931178828125
43.19616851953125
43.19449345703125
43.1973645390625
43.19037389453125
43.1879395703125
43.2017668203125
43.217785390625004
43.23254176171875
43.2499181015625
43.2568823125
43.24621495703125
43.235805515625
43.2298651015625
43.23015895703125
43.2304559140625
43.22618740625
43.21356005078125
43.20896214453125
43.21392274609375
43.21336634765625
43.216895796875
43.2208074921875
43.23276956640625
43.23908699609375
43.23853777734375
43.1776523828125
