4.98650661328125
5.10386761328125
5.16430327734375
5.146841875
5.13236479296875
5.15185329296875
5.165799375
5.16984553125
5.16828163671875
5.1718310703125
5.17866946875
5.179228984375
5.1733225390625
5.17170481640625
5.176354890625
5.1822529609375
5.18635941015625
5.181418109375
5.18576446484375
5.18204848046875
5.17555719140625
5.17066812109375
5.16967166796875
5.1694629609375
5.16890040625
5.17093744921875
5.1704185859375
5.16760051171875
5.16628689453125
5.16742065234375
5.16649266796875
5.16791420703125
5.16949183203125
5.171915875
5.170954234375
5.17133784765625
5.17221232421875
5.1710186640625
5.170313125
5.17162027734375
5.17290087109375
5.1729958007812495
5.1730805703125
5.17328757421875
5.1734016796875
5.17145301171875
5.17146812109375
5.1710580234375
5.172973984375
5.17153494921875
5.17094343359375
5.1696500703125
5.17387045703125
5.17471240625
5.17335022265625
5.17433396875
5.175272578125
5.17584904296875
5.17727642578125
5.17814635546875
5.1760573828125
5.17725938671875
5.17842148046875
5.17915344921875
5.1814000078125
5.18223203125
5.182431921875
5.182293109375
5.18250172265625
5.1825487578125
5.1833328203125
5.18341910546875
5.183387078125
5.18240942578125
5.18364773828125
5.18406928515625
5.1850962382812495
5.18365112109375
5.18329807421875
5.18424145703125
5.1850243515625
5.18474951953125
5.1855615859375
5.18511832421875
5.1860201484375
5.18588630078125
5.18646483203125
5.18677944921875
5.18573006640625
5.18460640234375
5.18395369140625
5.1835626953125
5.1832024140625
5.18348719921875
5.18331783984375
5.18314673046875
5.1839127578125
5.183432421875
5.18346428125
5.18365059375
5.1842858906250004
5.18308017578125
5.184538171875
5.1847645
5.1846012109375
5.183627734375
5.1836503671875
5.18248519140625
5.1821188046875
5.18218616796875
5.18281020703125
5.18258962890625
5.181718515625
5.1818815234375
5.181297515625
5.1807833046875
5.180338890625
5.180453546875
5.18056234765625
5.18191046484375
5.18307671484375
5.1831964375
5.18356601171875
5.183462921875
5.18312530859375
5.183517578125
5.183504015625
5.17901015625
