1.91183650390625
2.00511519140625
2.05853078515625
2.041162921875
2.02610109375
2.04174463671875
2.0522420859375
2.0545739921875
2.0522149375
2.05425337890625
2.05836613671875
2.05783925
2.05274871484375
2.0497947265625
2.05421022265625
2.059047234375
2.06288746875
2.0580297265625
2.06149566796875
2.05852178125
2.0527625078125
2.0482670546875
2.0475901015624998
2.047498046875
2.047078625
2.04861848828125
2.0482686484375
2.04606634375
2.044837703125
2.04592172265625
2.0447955546875
2.0461067265625
2.0471738515625
2.049068
2.0481656953125
2.048344765625
2.04907333984375
2.04799380078125
2.04764194921875
2.04879302734375
2.0498688046875
2.04995346484375
2.04982130859375
2.0501004609375
2.05009878125
2.04850899609375
2.04860144921875
2.04843096875
2.050096453125
2.04868510546875
2.04807726171875
2.0469948984375
2.05082150390625
2.05126988671875
2.050145359375
2.050894796875
2.051719796875
2.0523698671875
2.05374264453125
2.0545575234375
2.05286157421875
2.05388940625
2.05487777734375
2.0556553515625
2.0576736875
2.058473359375
2.05872553515625
2.05855437890625
2.058758765625
2.05872815234375
2.05932894140625
2.05929919921875
2.05940846875
2.05854697265625
2.05964508984375
2.05987119140625
2.0606461796875
2.0593130234375
2.05907188671875
2.06004734375
2.060738015625
2.06059119140625
2.0613947890625
2.06097516015625
2.0617173046875
2.06163427734375
2.06209214453125
2.06240910546875
2.06147172265625
2.06050328125
2.05985073046875
2.059349796875
2.0589889453125
2.05921042578125
2.05902283984375
2.05889290625
2.05943416796875
2.05918003515625
2.05928756640625
2.05945416015625
2.05996406640625
2.058920234375
2.06011683203125
2.06024380859375
2.06011587109375
2.0592429140625
2.0591810078125
2.05819251171875
2.0577305859375
2.057838109375
2.0583404140625
2.05815824609375
2.0573318828125
2.05736494140625
2.0568526328125
2.0564030234375
2.0560288828125
2.056157078125
2.056215109375
2.05745335546875
2.058460515625
2.05855678125
2.05879169140625
2.0586236796875
2.05832525390625
2.05867780078125
2.05862424609375
2.05752823046875
