5.5459026953125
8.4142990859375
10.1839023671875
10.500166703125
10.65328294921875
10.663810375
10.77639813671875
10.960849296875
11.0137280234375
11.13906808203125
11.2512964453125
11.3010756484375
11.3045380390625
11.3928179453125
11.448459359375
11.44830923828125
11.47876091796875
11.58128005078125
11.65035662890625
11.67823665625
11.7031510234375
11.7168644921875
11.6913674765625
11.75842456640625
11.76722886328125
11.78845003125
11.793888828125
11.7770038828125
11.761719328125
11.76529405859375
11.75963456640625
11.74247325390625
11.7301940625
11.710537140625
11.69411123828125
11.7151600546875
11.716150359375
11.73934740234375
11.7763416015625
11.77523988671875
11.79836583203125
11.7990375703125
11.81297710546875
11.831180328125
11.85971551171875
11.85795909375
11.8619879765625
11.8584353359375
11.8790658671875
11.90450339453125
11.92113595703125
11.90606542578125
11.883178000000001
11.8797433203125
11.88057148046875
11.889357109375
11.914742296875
11.91934471484375
11.9209524375
11.92388925390625
11.90921348046875
11.90998195703125
11.90481955859375
11.893559484375
11.884124171875
11.89810496484375
11.9133816953125
11.92062495703125
11.921489628906249
11.92203988671875
11.92890709375
11.93115260546875
11.9246592421875
11.91158137890625
11.91581650390625
11.91778834765625
11.93042153515625
11.92980834765625
11.93618267578125
11.9501332578125
11.960490234375
11.94332808203125
11.9415883359375
11.953802578125
11.96304998828125
11.97133612109375
11.98418421875
11.98281614453125
11.96849819140625
11.97691248046875
11.9754844765625
11.98003112890625
11.974581640625
11.97082487109375
11.974635984375
11.9714292578125
11.97584815625
11.97527738671875
11.9651665234375
11.9597203125
11.96156559765625
11.95855687109375
11.96139980078125
11.95877481640625
11.9619092421875
11.955397984375
11.951911390625
11.96575023046875
11.98015061328125
11.99380553515625
12.01071594140625
12.01760071875
12.0072640078125
11.99769930078125
11.99184962890625
11.99234053125
11.9922229375
11.98794480078125
11.97519203125
11.9708071484375
11.9754521328125
11.9750226953125
11.97814083984375
11.9818490859375
11.99326660546875
11.99956924609375
11.99911962109375
11.98502533984375
