81.111115
81.564802
97.601452
111.563256
88.742970
67.517419
80.351653
90.017181
112.018263
93.620741
72.753554
99.077279
91.518406
130.676250
83.286255
93.072436
102.632360
94.876089
135.965469
84.683452
101.583359
84.590012
94.480111
90.435015
70.315738
86.391177
81.032247
97.360283
119.444435
92.543505
87.185378
90.337782
73.448791
75.468914
117.013195
83.894687
119.480609
110.453199
89.604491
129.695382
77.390590
128.049794
125.132591
83.292245
125.828697
91.117540
88.233393
77.581482
81.910311
90.999486
84.569541
82.598127
105.920383
96.507260
122.471373
89.038925
82.137415
90.627760
123.768678
98.320962
119.206452
77.115330
74.931784
97.819940
71.730551
77.204170
100.681790
77.089159
89.241551
146.606640
77.348139
112.368741
96.737774
86.059671
72.625956
81.352492
86.363396
82.975470
130.364150
95.261196
86.974336
76.227477
102.257071
146.673723
77.300156
87.246358
99.671173
89.914197
87.968797
79.200387
73.589250
85.342792
108.979127
97.538689
84.704205
76.574053
75.400193
71.482511
112.578614
66.490589
97.434228
120.236340
100.394099
92.313177
85.791029
102.399779
88.512908
81.334398
99.094532
96.678121
89.279027
77.576377
101.645257
81.883091
116.105305
69.141919
94.178642
125.306149
69.603237
90.606443
119.605378
98.602730
108.666280
90.176011
93.991841
112.539164
100.703946
98.630891
121.424554
107.373030
93.850753
100.403850
84.616877
104.311867
64.877538
85.078631
75.578531
92.146312
87.213641
85.757500
81.817716
91.856078
68.440135
74.599319
87.980628
64.415127
113.390839
82.052538
80.608213
76.445989
101.837198
88.535066
107.545281
75.093764
103.972433
80.918122
97.011784
74.158376
94.353940
76.285083
84.019752
128.261205
96.397560
84.669963
134.983924
93.884590
101.516743
131.098412
75.503929
112.054443
75.612620
88.416744
102.731475
85.592083
92.117337
110.315405
81.409246
90.352211
74.653058
73.308468
90.178384
87.299424
105.609462
90.521698
91.288124
81.361971
79.638886
109.780726
94.131440
124.950075
81.717180
82.249586
81.079056
92.046975
91.702548
88.528654
81.300268
88.736217
87.424660
100.561439
126.919407
79.940566
89.754673
113.706691
78.004098
83.132953
69.730215
96.469429
80.113552
72.858724
133.002192
89.581295
102.434202
80.170876
71.957855
77.357765
114.405034
102.572684
103.273217
86.314143
110.564286
103.184964
100.051088
81.423185
92.296283
101.110988
100.985455
80.293795
90.704879
71.511695
139.165539
98.012354
113.677956
129.941082
76.031052
106.681279
94.054824
71.267403
85.921764
114.640538
130.786352
98.146781
82.439676
134.570152
95.797317
80.391328
94.635725
91.837749
74.148585
83.931779
89.675113
93.923900
70.443895
88.084168
98.544041
100.045521
