10.297808
11.726683
10.952295
10.645346
10.873344
12.040966
10.660749
11.257458
10.750547
10.954068
10.930438
10.901861
12.126053
11.978155
11.411203
11.371884
10.718012
11.667947
11.130887
10.768747
11.208008
10.734224
11.419033
11.531912
10.973697
10.737017
11.450765
10.024598
12.318656
11.562407
11.139428
11.330133
12.155527
10.959797
11.914161
10.777504
10.693780
11.527110
10.964239
11.442580
11.223618
12.219196
10.253536
11.855019
11.765073
11.094408
10.912030
12.009844
11.841167
11.791505
10.987080
11.769839
11.096402
10.817468
9.919857
10.765395
12.731077
11.092584
12.209222
11.390279
12.149132
11.753793
12.227024
10.855704
11.679186
11.077024
12.083876
11.784907
10.611819
11.345956
10.833277
11.237134
11.506220
10.263543
11.111173
10.876021
11.632629
11.836802
11.217837
11.596028
10.563972
9.968237
11.865565
10.976370
10.879297
11.445616
10.818662
11.729612
11.870280
10.581708
11.973600
11.600400
11.251451
11.240868
11.875726
11.827108
10.997070
11.034871
11.694901
10.510141
13.141193
11.628087
11.578429
11.533454
12.468388
12.040821
11.475990
12.047212
11.280159
11.408741
11.898688
10.594201
10.581254
11.011578
10.802209
12.109572
10.482902
11.662934
11.847465
10.224592
12.056330
11.143141
11.981458
10.718100
10.740923
10.918212
12.881535
11.045297
11.516751
12.039707
11.227094
10.905809
11.500883
11.262094
11.555948
10.576672
10.943985
10.917869
10.813496
12.271128
12.411926
11.326630
11.796897
11.139607
11.260033
11.607004
11.733324
10.719617
9.976431
12.008239
10.226884
11.066219
12.065549
12.373557
10.794307
11.825030
10.800905
10.915685
11.614039
11.592438
11.377310
10.993696
11.151489
10.607564
11.111964
10.664860
11.415736
11.738984
11.457391
11.552263
12.662113
12.637570
11.175436
10.911441
11.222995
12.168199
10.560890
10.968710
11.073456
10.531357
11.064303
10.115168
11.029055
11.506944
11.407341
12.029160
11.336791
11.280286
11.286986
11.497482
10.771017
10.720472
11.049903
10.273157
10.745180
11.105294
10.775060
11.306785
10.799120
11.344920
11.121749
11.079238
12.052996
11.745231
10.688451
10.892174
10.532012
11.339154
11.457286
10.955256
11.296935
11.462364
10.242116
12.138157
11.393434
12.252797
12.383564
10.979875
11.530512
11.863710
12.208242
12.355968
10.750922
11.072822
12.499915
10.801030
10.947936
11.203996
10.240892
10.731887
11.750366
10.319476
11.298790
10.578962
10.459301
11.371338
11.820380
11.402722
11.136211
11.257933
11.794935
11.668129
11.090523
11.493677
11.011240
12.605026
12.120034
11.468993
12.402601
11.218448
11.564188
11.886928
12.452263
11.394231
11.028462
11.474418
