9.535467
8.963000
8.993321
11.652304
10.388672
7.061871
10.373304
7.785111
7.637310
11.180021
8.229845
10.066246
9.928715
9.321014
8.118073
6.977137
10.063825
10.589717
10.803498
9.645405
8.367034
7.398128
9.398706
7.689596
9.916362
9.768421
8.481828
9.523330
9.447813
7.627804
10.222606
7.755292
9.258864
8.512723
9.134705
8.630832
9.935560
7.426776
7.979414
8.671979
7.469530
9.479174
7.828464
9.149663
9.917379
8.982398
9.828222
8.038507
11.217980
8.550415
7.773373
7.532691
10.721741
10.272015
7.665744
9.853216
8.198372
8.631593
8.452973
9.899444
9.243768
9.214073
7.861597
8.209778
10.749955
7.724318
9.283319
8.238720
8.889822
7.959303
7.663643
8.478707
10.202470
9.499997
9.835974
7.746051
9.080252
10.550645
9.092212
9.373526
8.534313
8.543257
8.619107
7.411276
9.687640
9.274588
8.851071
8.553590
8.328891
8.376393
9.407185
8.776902
10.469286
7.528178
9.323665
8.114670
7.949192
9.231794
10.151122
9.195112
11.340811
9.264771
8.541170
7.415465
8.049872
9.328397
9.281292
10.321257
8.939897
9.619990
9.455775
9.669334
7.481016
8.975001
8.696580
7.916737
9.969123
8.209131
10.267969
8.951038
9.431948
11.150312
10.626565
11.359644
11.169111
9.428755
8.302452
10.401876
9.936111
7.747244
11.336212
11.634536
6.655759
7.325047
9.022524
7.233005
9.754769
9.447155
9.471267
12.115860
7.684657
9.110346
7.387866
9.956452
7.814825
8.345372
9.364514
7.542273
8.313977
9.794337
8.669042
8.640645
8.840691
8.216824
5.679857
11.425761
10.374564
9.703249
9.499127
8.490879
11.878369
7.659092
7.829207
7.548148
10.788309
8.439871
9.091471
9.282684
8.323032
9.278529
7.020979
9.633735
11.302143
10.139650
11.594992
8.937255
8.776853
9.166423
8.306792
9.697862
9.688623
8.206038
6.741976
9.446558
10.587945
9.123199
8.977156
7.296699
7.299843
9.505440
8.956811
9.661174
7.489315
9.657284
7.963510
8.659804
10.656521
9.198338
9.342516
9.300336
7.804628
8.441840
8.598792
11.964468
7.832386
7.515447
6.617580
8.195047
8.816136
8.728034
7.724671
9.867188
9.274158
8.401794
9.638336
8.236806
7.898670
9.330046
9.515312
10.377951
8.181964
9.721718
8.663562
8.819009
10.386292
10.255727
8.040652
8.894597
8.458571
7.204366
8.101454
9.322827
8.063892
8.918259
8.826373
8.453208
7.180160
7.925384
10.217412
7.981211
9.496285
8.063877
8.579752
7.362042
8.434081
9.196428
9.729253
9.337110
9.073339
9.547541
9.595838
10.159210
7.621418
6.713647
11.556396
9.120921
