105.327342
99.431425
105.353389
102.065671
100.655367
100.046209
101.841006
105.974710
106.450660
106.344460
104.882504
100.218578
110.985384
109.745428
98.701995
99.026380
109.705207
109.855375
109.111549
102.925546
95.768959
102.733453
97.787076
105.550063
102.688501
100.367071
102.496265
105.949774
101.782687
104.085064
113.943140
99.432925
98.663473
108.563722
108.781982
99.280258
97.663708
101.041221
101.182124
110.771624
101.662606
105.073371
117.578954
106.486247
102.427301
99.182783
101.212039
106.883152
101.776816
98.544825
106.850659
100.280783
98.158327
107.815240
102.878548
105.421501
104.490379
101.902482
98.812684
101.843447
104.665696
104.857632
104.891765
98.267661
101.152457
97.266345
104.125411
105.717440
96.100364
101.465697
101.238909
101.394692
111.680166
100.669820
97.797173
107.203202
106.870774
108.142939
104.448765
100.898719
100.848403
102.654080
104.758633
103.440336
102.442522
118.380604
100.491191
106.825385
100.150853
104.329201
102.976958
101.075575
98.001331
98.631997
103.442729
105.697852
100.557373
94.898242
101.058505
100.031915
106.122879
109.218612
113.359190
106.978390
101.679112
103.916573
101.159471
99.983703
97.811646
100.972741
98.778438
100.680055
100.895356
100.070217
97.685142
106.780387
103.172855
111.828954
104.401761
99.958819
114.018018
108.332023
101.135093
105.026121
107.811333
100.380199
98.413080
105.134094
106.223577
111.236368
106.819047
104.532066
101.709667
102.996605
112.631925
101.648893
103.726369
100.237482
100.332350
109.339614
102.811871
104.699451
100.362504
98.877861
104.700704
102.749444
118.919353
103.738233
100.197465
100.855498
101.991348
97.018836
102.440136
110.036277
104.541165
104.655257
102.631600
100.032385
101.268544
99.175325
102.579226
110.150935
106.920668
98.683128
108.194697
101.662840
101.626429
102.378267
99.977127
104.270235
109.036807
100.535034
107.384379
107.297808
102.011656
102.727499
105.252125
105.881944
107.782101
100.167675
108.246399
101.248848
102.410550
103.360783
117.739563
103.276666
101.316156
107.034488
115.279780
101.632880
100.084904
107.032584
102.705420
102.347580
98.301816
105.157114
110.622929
100.278559
97.455929
108.382063
108.922555
100.386101
103.815152
107.102666
100.585967
105.035788
95.925829
106.073325
105.741646
106.254124
107.861809
108.863633
99.262469
108.201669
110.114326
113.398986
104.294167
108.043410
109.025003
105.289199
100.894761
101.646978
102.870374
97.212914
103.572918
114.385751
98.729166
110.121667
101.794384
97.914200
99.228383
109.937548
110.743634
98.760188
107.426995
109.385169
106.154182
100.961192
103.045210
103.846377
99.759281
98.797866
101.534357
96.684898
106.716210
107.800094
108.170036
102.860676
106.535810
106.734791
101.434365
102.550705
99.772590
101.120026
101.992732
106.419621
