129.306644
128.699315
128.940542
132.545248
131.442262
125.591241
131.170790
127.234413
127.126905
131.636174
127.449976
130.647726
130.909410
128.915989
127.857982
127.299951
130.322118
131.775032
131.202654
129.459360
128.431092
126.732693
129.486594
126.477480
130.242024
129.888061
128.576947
129.988879
129.599139
126.972010
130.755700
127.103415
129.552398
128.001249
129.076208
128.477420
129.131786
127.027916
127.744312
128.474566
127.154033
129.886286
127.773071
128.255926
131.579774
129.049917
129.944804
127.573386
131.317498
128.495668
126.760156
126.870071
132.149947
130.114005
128.087327
129.509748
127.984338
129.106728
128.036256
129.975101
129.258307
129.339081
128.204422
128.718216
131.268457
127.026234
129.275101
127.512451
129.577549
127.878126
127.642858
128.734860
130.349061
129.813902
130.294122
126.105221
129.520555
130.795432
129.185749
129.294934
128.546986
129.353842
128.685232
127.744372
130.118098
130.174017
128.585243
129.345047
129.026394
128.507183
129.474919
128.545426
130.392487
127.323569
129.229537
128.202194
128.074227
130.333233
130.001262
129.680212
131.128988
129.448714
128.213492
126.859579
127.151682
128.859251
129.389593
129.868728
129.000346
129.845827
129.699496
129.290774
127.830929
128.063069
129.153437
126.906447
130.076651
127.536008
130.462787
128.857575
129.340047
131.495933
131.631145
132.808858
131.479562
130.158810
128.841442
130.829556
129.206430
127.273042
130.904071
132.471957
125.681710
127.072062
129.111150
126.887622
129.986248
129.715912
129.433046
132.634170
126.991955
128.202104
126.154338
129.539483
127.232633
127.114917
129.717117
127.053526
128.446780
129.534655
129.442412
128.107081
128.748384
128.315424
124.735666
132.843543
131.149539
129.647027
130.076077
128.452490
131.433442
126.631136
127.686430
127.713184
130.821288
127.636295
128.862410
129.962450
128.118870
129.590983
126.437555
129.582297
131.540972
130.743041
132.358473
128.492421
127.359875
129.474053
128.138042
130.031318
129.576396
127.813926
126.789300
129.635493
130.431267
128.550910
128.157023
127.405778
126.160038
129.247822
128.853325
129.996640
127.185784
129.423279
128.465990
128.519349
131.157966
129.841063
129.971924
129.165225
127.192972
128.829972
128.790902
132.426360
127.362334
125.866785
126.056168
127.980266
129.201459
128.846442
127.199775
130.079496
128.944409
128.990984
129.818478
127.468156
128.001096
129.959496
129.760825
131.037396
127.882822
130.213786
129.523097
128.551067
131.035123
130.570915
128.542016
128.547249
128.758421
126.568523
127.377421
129.463746
127.737874
129.484611
128.631854
129.324583
127.491532
127.242107
131.109972
127.483098
130.037442
126.947371
128.636447
127.147410
127.730667
129.416976
129.950839
129.812137
130.233295
129.908628
130.178274
130.104135
126.784161
126.432894
132.378386
128.958576
