2.42962239453125
2.9527551875
3.3562291953125
3.6192485390625
3.8362672421875
4.00733422265625
4.18150011328125
4.31005162890625
4.41469909375
4.45357544140625
4.4946035234375
4.56905401953125
4.6055116328125
4.63390689453125
4.65742983203125
4.6954189140625
4.72875057421875
4.7644606640625
4.7948386640625
4.80553309765625
4.82018712109375
4.83819366015625
4.84943124609375
4.88200805859375
4.89947926953125
4.908251203125
4.92648732421875
4.9392724921875
4.94046591796875
4.93496234375
4.92697572265625
4.91511837890625
4.90979125390625
4.91539506640625
4.921591390625
4.930043140625
4.93448663671875
4.94436928515625
4.952343640625
4.95903138671875
4.95971544140625
4.96727066796875
4.97738917578125
4.98952323828125
4.9980478515625
5.00317451171875
5.00981796875
5.01450438671875
5.0152704921875
5.0152005546875
5.01371634765625
5.01549944140625
5.01953345703125
5.0185633203125
5.01960517578125
5.02186575390625
5.0256227890625
5.02929552734375
5.03871846484375
5.04476628515625
5.0444022890625
5.04420110546875
5.0435989375
5.04342137109375
5.0444382421875
5.04793499609375
5.048650546875
5.05592175390625
5.06507772265625
5.0703812265625
5.07189266015625
5.0756370234375
5.07718735546875
5.07994731640625
5.07854038671875
5.0782511484375
5.07750728125
5.0765903203125
5.07931846875
5.08022767578125
5.08124230859375
5.078779234375
5.07596606640625
5.070452859375
5.068184390625
5.06794116796875
5.06878213671875
5.073725984375
5.0782156328125
5.0797808125
5.079305890625
5.0771022578125
5.07642045703125
5.0752853515625
5.07682680859375
5.07872209375
5.07790163671875
5.07695529296875
5.07664725
5.07581493359375
5.07500251171875
5.07443044921875
5.0743051171874995
5.07376487109375
5.0742287265625
5.07589417578125
5.07583085546875
5.07878222265625
5.07935159375
5.07738427734375
5.07758146875
5.08244240234375
5.08228737109375
5.0840573203125
5.084776859375
5.0830783203125
5.082416734375
5.07935891015625
5.0780948359375
5.0764046953125
5.07660133984375
5.08032398046875
5.082146203125
5.0822938359375
5.08127355859375
5.08327234765625
5.083690203125
5.08650753515625
5.08797286328125
5.0896365703125
5.091428875
5.093422109375
5.09487742578125
5.0967745078125
5.10165443359375
5.1058973203125
5.108391640625
5.10846347265625
5.108608703125
5.1089419453125
5.1082667734375
5.1078339375
5.1095099765625
5.11149934765625
5.11179087109375
5.11411971484375
5.11703701953125
5.1174633515625
5.116488015625
5.115738
5.1171124765625
5.11959677734375
5.12157884375
5.12099944140625
5.119830578125
5.11792601171875
5.1170119296875
5.11616503125
5.1160916328125
5.11728003125
5.11844484765625
5.12010837109375
5.1210435703125
5.11923596875
5.11846640625
5.1183726835937495
5.118014984375
5.11770746484375
5.11834176953125
5.11887398046875
5.1193216015625
5.120080046875
5.11934955078125
5.11786727734375
5.115728
5.113963203125
5.1131953515625
5.1155045078125
5.1187365078125
5.12083509765625
5.1202236953125
5.12135496875
5.1221801796875
5.12349833203125
5.12622993359375
5.12893834765625
5.130309421875
5.13145847265625
5.13359477734375
5.135754859375
5.13608462109375
5.13728890234375
5.13737687109375
5.1371057734375
5.13555979296875
5.13491003125
5.1343924921875
5.13337638671875
5.1334315
5.1328053359375
5.13302465625
5.13384135546875
5.1341542421875
5.13687191015625
5.1395645078125
5.140188875
5.14046921484375
5.140639640625
5.1412749609375
5.14199125
5.14340025390625
5.1453489140625
5.14733494921875
5.1478076640625
5.1480969375
5.1475168359375
5.14720053515625
5.14776103515625
5.1478855234375
5.14792461328125
5.14881762890625
5.14864003125
5.149002125
5.14906194140625
5.14918355859375
5.148756875
5.14770642578125
5.147963921875
5.14867889453125
5.1491122265625
5.14978108984375
5.15107905078125
5.15213966015625
5.1521914765625
5.15257883984375
5.15213758984375
5.15099627734375
5.1505410625
5.15040584765625
5.1509087265625
5.15094338671875
5.1514475625
5.15333878515625
5.15444187109375
5.1544413359375
5.1542942578125
5.153093390625
5.15293094140625
5.15292753515625
5.15370765625
5.15470246484375
5.15432278125
5.15332975
5.15380411328125
5.15431500390625
5.154433984375
5.15377215625
5.15355416015625
5.153803421875
5.15369825
5.1525582421875
5.15199925
5.15097071875
5.15006753515625
5.149457953125
5.149958859375
5.1512277734375
5.151252
5.149878234375
5.14920737890625
5.14921487109375
5.14972884765625
5.15023547265625
5.15016957421875
5.1512854140625
5.1519283359375
5.1527099765625
5.15194501171875
5.15275289453125
5.15426284375
5.15556723828125
5.15530401171875
5.15399734375
5.15388973046875
5.1537355
5.15387889453125
5.1541946875
5.1556619999999995
5.15656253515625
5.1562476640625
5.1556720117187504
5.15535713671875
5.15528445703125
5.154918078125
5.15536451171875
5.1557156015625
5.15644812890625
5.15660844921875
5.15666961328125
5.15735460546875
5.15910015625
5.160003328125
5.161527234375
5.16214105078125
5.1617144375
5.16121075
5.16124612890625
5.161712828125
5.16181403515625
5.16165676953125
5.16182387109375
5.16286526953125
5.16417955859375
5.16533503515625
5.165858484375
5.1663610390625
5.16587132421875
5.1642540468750004
5.16295951171875
5.16195849609375
5.16227734765625
5.16282600390625
5.16343173828125
5.16311705078125
5.16276746875
5.16101210546875
5.1600733359375
5.15935754296875
5.158644796875
5.15815030859375
5.158715546875
5.159266203125
5.15979826171875
5.16026691015625
5.16245978515625
5.16319323046875
5.164439171875
5.16525139453125
5.16499668359375
5.16514565625
5.1662282578125
5.166956
5.16668253125
5.16672294921875
5.1671279921875
5.16779104296875
5.1670489296875
5.1669414375
5.1667365078125
5.1665332578125
5.16560271484375
5.16504156640625
5.16383298828125
5.16315178515625
5.16300027734375
5.16282883984375
5.162719125
5.1632306328125
5.16345342578125
5.1632930078125
5.1609414921875
5.1564227578125
5.15008598046875
5.143445296875
5.135869609375
5.12832591015625
5.12087540625
5.1135791796875
5.10624008203125
5.098723765625
5.0912406953125
5.0833985859375
5.076201375
5.06885290234375
5.06128925390625
5.05377823828125
5.04643434375
5.0391728125
5.03250683984375
5.02574910546875
5.01863806640625
5.0112961640625
5.00429983984375
4.99751429296875
4.990367484375
4.98338034375
4.97641557421875
4.96931744140625
4.96254388671875
4.955718609375
4.94882490234375
4.942355515625
4.9357031875
4.92879015625
4.92228301953125
4.9160403359375
4.9095446171875
4.902926734375
4.89611827734375
4.88937810546875
4.88290658203125
4.8767411640625
4.8704079140625
4.8641659375
4.8577116328125
4.85165998046875
4.8456051953125
4.8394126796875
4.833291515625
4.82724144921875
4.8210043671875
4.81455233203125
4.8082671171875
4.80258966015625
4.79716674609375
4.79132415625
4.7853082109375
4.77918828515625
4.7733730703125
4.7678251171875
4.76227240625
4.756535609375
4.7511639375
4.7456401484375
4.73975423046875
4.7346846796875
4.72932525390625
4.72389937890625
4.71808483984375
4.71254208984375
4.70712942578125
4.7015786171875
4.6960516054687504
4.69076114453125
4.68524765234375
4.6799027734375
4.6743055117187495
4.66922733984375
4.66396887890625
4.65891953515625
4.65365250390625
4.64870692578125
4.64331362890625
4.6378661484375
4.63247598046875
4.6271537265625
4.6217686484375005
4.616394859375
4.61097191796875
4.60543409765625
4.600057484375
4.59507344921875
4.59010812109375
4.585188515625
4.57998912109375
4.5751977695312505
4.57014439453125
4.5649586796875
4.5600320625
4.55495057421875
4.55005363671875
4.5452837578125
4.54050576171875
4.53574347265625
4.5307649296875
4.52614848046875
4.5216481953125
4.51682419140625
4.51230453125
4.5074515546875
4.5028695078125
4.49848194140625
4.49387283984375
4.48933826953125
4.48522022265625
4.48091622265625
4.47628491015625
4.4715230234375
4.46702043359375
4.46239285546875
4.45813194921875
4.4536715859375
4.44907948046875
4.4447389765625
4.44015723046875
4.435943359375
4.4317024296875
4.427298671875
4.42304341015625
4.41885981640625
4.4145958515625
4.410274765625
4.406096515625
4.40171454296875
4.39760816015625
4.393421359375
4.3893036796875
4.384950765625
4.38071888671875
4.3766166015625
4.37264165234375
4.36855239453125
4.36468093359375
4.3605540078125
4.356335984375
4.3522451406250005
4.348074109375
4.3439651796875
4.339798359375
4.33600053515625
4.33214044921875
4.3282583515625
4.32434476953125
4.32020603125
4.31630074609375
4.3125366640625
4.3088291953125
4.3051270703125
4.30140714453125
4.2975122578125
4.293628859375
4.28968771484375
4.2857162578125
4.2822166171875
4.27870302734375
4.27500805078125
4.2711994296875
4.26749179296875
4.263682796875
4.26025087109375
4.25655357421875
4.2530492109375
4.2494988125
4.24588042578125
4.24230803125
4.2386556796875
4.235273875
4.2317682265625
4.22798125390625
4.22444459375
4.220989375
4.2173386796875
4.2139038359375
4.210338296875
4.20693094140625
4.203593359375
4.200191578125
4.19667323046875
4.1930451328125
4.189373109375
4.18594258984375
4.18249686328125
4.1792453515625
4.17608556640625
4.172746015625
4.169454234375
4.1660028203125
4.1623933203125
4.15892057421875
4.15577511328125
4.15268016796875
4.149301328125
4.14579199609375
4.14274569921875
4.1395520234375
4.13646353515625
4.133354703125
4.130232953125
4.126983953125
4.1236108515625
4.12023529296875
4.117134171875
4.1138941875
4.11075158203125
4.10749866015625
4.10449041796875
