8.066469359375
14.11177280078125
18.19495709765625
21.0514142421875
23.11648065625
24.7165430234375
26.07837311328125
27.2435517734375
28.26708254296875
29.17416464453125
29.93660427734375
30.55292553515625
31.15401193359375
31.64851519140625
32.0822395234375
32.507363609375
32.9109937890625
33.2946788671875
33.614219046875
33.90748088671875
34.19325204296875
34.484252546875
34.77898040234375
35.030953953125
35.25935114453125
35.4727255
35.67965202734375
35.86840719140625
36.05610932421875
36.22841380859375
36.37373153515625
36.51292434375
36.644156632812496
36.7828415703125
36.90670434765625
37.0162803984375
37.1311947421875
37.2334265234375
37.33887346875
37.44563583984375
37.54898105859375
37.63939014453125
37.72953727734375
37.81726448828125
37.89604819921875
37.97298407421875
38.0467021015625
38.1176655
38.1840176015625
38.25252291015625
38.31820150390625
38.39260808203125
38.47553743359375
38.56581930859375
38.65927462890625
38.76177842578125
38.86038975390625
38.9588486171875
39.0534070625
39.15264290234375
39.24521369921875
39.32762112890625
39.405219968749996
39.476600499999996
39.5488862109375
39.61343464453125
39.67605721484375
39.73389530859375
39.795540078125
39.857347480468746
39.910328203125
39.96096073046875
40.01540859765625
40.07415399609375
40.127438265625
40.170818
40.2162054296875
40.2531228671875
40.2889155625
40.3154659609375
40.346220421875
40.38108205078125
40.40890778125
40.4372094453125
40.45384344921875
40.4681606640625
40.4914061796875
40.51209109765625
40.5355451953125
40.56202806640625
40.5969083984375
40.6349498984375
40.6639637734375
40.69145494921875
40.71411676171875
40.7348404609375
40.75635946484375
40.77334819140625
40.79569743359375
40.815226734375
40.83589090234375
40.85427908203125
40.867442453125
40.8792265078125
40.88849474609375
40.89551416796875
40.90539508984375
40.92172316015625
40.9457116484375
40.971180296875
40.99436920703125
41.01309913671875
41.03527941796875
41.05596546484375
41.07293032421875
41.08738922265625
41.09766266015625
41.1100838125
41.12013287890625
41.12580233203125
41.13061374609375
41.142151765625
41.15054615234375
41.16087140234375
41.16954706640625
41.17980589453125
41.185101640625
41.19055918359375
41.202700359375
41.214810515625
41.228484875
41.24040066015625
41.25069660546875
41.26614803515625
41.28164553515625
41.29302971484375
41.3018151796875
41.31498020703125
41.32313489453125
41.3290747578125
41.33454455859375
41.34214254296875
41.34707307421875
41.35067701953125
41.35799962109375
41.36325346875
41.370223390625
41.38063832421875
41.3911472421875
41.39604325390625
41.39719941796875
41.4025112421875
41.41035648828125
41.41662319921875
41.42305640625
41.42439936328125
41.42286103515625
41.422905953125
41.421396078125
41.41845959765625
41.420355828125
41.42549222265625
41.43161656640625
41.43729685546875
41.4418535625
41.44634265234375
41.4535513359375
41.463182546875004
41.474485359375
41.48745889453125
41.50154691796875
41.5151891171875
41.52792525390625
41.53984846875
41.55018078515625
41.559165015625
41.56639986328125
41.57651392578125
41.58864915625
41.60396003125
41.62019291015625
41.63977143359375
41.65656440234375
41.674306234375
41.69258954296875
41.7073699765625
41.71950765234375
41.73476669921875
41.749950671875
41.76704147265625
41.78204342578125
41.79423699609375
41.80374708984375
41.8158573984375
41.82936501171875
41.838737375
41.84453966015625
41.84768969921875
41.8500103828125
41.85316971484375
41.8552308203125
41.8571851875
41.85960194921875
41.86187762109375
41.86278407421875
41.86892913671875
41.87678598828125
41.88231921484375
41.88832573828125
41.895471453125
41.9051691875
41.9115169296875
41.92211293359375
41.930061453125
41.938675125
41.94783558984375
41.958218875
41.967768125
41.97444915625
41.97705431640625
41.9803854609375
41.9853874765625
41.990100578125
41.99275821875
41.99368480859375
41.996563550781254
42.00042218359375
42.0027083046875
42.00572970703125
42.012348988281246
42.01503620703125
42.01755265625
42.02025572265625
42.0221002265625
42.022817777343754
42.0229912421875
42.02088605078125
42.01846232421875
42.01684461328125
42.014436265625
42.014021203125
42.0119515625
42.00923488671875
42.012061921875
42.0151692421875
42.0175497421875
42.01840880859375
42.01730313671875
42.01529691015625
42.015462296875
42.0218623984375
42.03020694921875
42.03879912109375
42.0442297734375
42.0488390546875
42.05120908203125
42.05064323828125
42.051197015625
42.05142762890625
42.05221484375
42.05258814453125
42.05468709765625
42.0556039453125
42.055145390625
42.055296078125004
42.056736640625
42.05890841015625
42.06255921484375
42.06673534375
42.0691993125
42.0726056953125
42.07590165234375
42.07990165234375
42.08440814453125
42.09023753125
42.09384704296875
42.096763140625
42.10226861328125
42.106775109375
42.11320625
42.122102046875
42.13171840234375
42.137055140625
42.1415833984375
42.14721176953125
42.1525984921875
42.1572982890625
42.1622681328125
42.1672964453125
42.173189640625
42.17841469140625
42.18362376171875
42.18917907421875
42.1957101484375
42.19987146875
42.20579177734375
42.2142252734375
42.22289089453125
42.23013762890625
42.23723742578125
42.2434189609375
42.24897305859375
42.2538097265625
42.25923220703125
42.26213741796875
42.26248184765625
42.262859421875
42.263723984375
42.26646853125
42.2711291015625
42.275650140625
42.27934871484375
42.28290268359375
42.287333640625
42.29055012890625
42.29522677734375
42.2994720390625
42.3025786015625
42.30541976953125
42.3077430390625
42.30910045703125
42.3104296171875
42.31286380078125
42.316971578125
42.32138165234375
42.3264249296875
42.3278088828125
42.32782783984375
42.32825297265625
42.3282657734375
42.32660473828125
42.3242761640625
42.3205539921875
42.3165753984375
42.31310415234375
42.312343625
42.3117075625
42.31206164453125
42.31314207421875
42.31540096875
42.32056057421875
42.32670753125
42.332235546875
42.33498041796875
42.338750203125
42.34395325
42.3487088515625
42.3522629140625
42.35526066015625
42.35596640234375
42.3566193046875
42.353802796875
42.34799459765625
42.34265410546875
42.33674032421875
42.331349515625
42.32674420703125
42.32301446484375
42.3197205234375
42.317507546875
42.3083724296875
42.28736362109375
42.25806183984375
42.22128105078125
42.179280078125
42.1320832109375
42.0816994921875
42.0290698125
41.97414325390625
41.91949744921875
41.86456208984375
41.8079473828125
41.7489381328125
41.690082296875
41.6314045859375
41.57315383984375
41.5145107421875
41.455358578125
41.3976818203125
41.34035748828125
41.28296383984375
41.2263191875
41.16914440234375
41.11307221484375
41.05759494921875
41.00235226171875
40.9460975546875
40.891553890625
40.8374445546875
40.78252265234375
40.72751426953125
40.67321059765625
40.62068473046875
40.568804890625
40.516717125
40.4647284140625
40.41379079296875
40.3621600546875
40.31043242578125
40.25868871484375
40.207704578125
40.15738596875
40.10816180078125
40.059409859375
40.00962321484375
39.960144609375
39.912918984375
39.8649312109375
39.81682983203125
39.77005790625
39.72363046484375
39.67618937109375
39.62931181640625
39.58311854296875
39.536037578125
39.49036602734375
39.44433337890625
39.39886766796875
39.35386315234375
39.31023813671875
39.26668073828125
39.22463366796875
39.1831909921875
39.142698671875
39.1012437265625
39.05973752734375
39.01925759375
38.97858938671875
38.93770107421875
38.8966829296875
38.85512275390625
38.8138106953125
38.77365782421875
38.73428079296875
38.69528762890625
38.65733005078125
38.61858270703125
38.58048304296875
38.54285624609375
38.50590966796875
38.4692314765625
38.432541453125
38.3957995625
38.3593132109375
38.32278837890625
38.2869623828125
38.25081630078125
38.21485478515625
38.1794834453125
38.14394402734375
38.10886344140625
38.0737142109375
38.038876828125
38.00388696484375
37.968848859375
37.93447846875
37.90030624609375
37.867208562500004
37.8346390703125
37.80185830859375
37.76954275390625
37.7376717578125
37.7061140546875
37.67524219921875
37.6450499296875
37.615554953125
37.586151515625
37.55696398046875
37.528223640625
37.49983749609375
37.47078651171875
37.442308671875
37.413704296875
37.38493702734375
37.35747398046875
37.3301638359375
37.3030920703125
37.27504805078125
37.247450171875
37.21908664453125
37.1925861875
37.16633083984375
37.1409303984375
37.11530351171875
37.0894827421875
37.0631787265625
37.03785258984375
37.01251001171875
36.9872309765625
36.9609936796875
36.93578830859375
36.91009764453125
36.88542988671875
36.86193848046875
36.83769618359375
36.81414797265625
36.79020680859375
36.7669750703125
36.74338659375
36.7200207265625
36.69614339453125
36.6725739453125
36.6481531875
36.62475058203125
36.6015632109375
36.57788398046875
36.55407235546875
36.53042106640625
36.50773074609375
36.48534593359375
36.46306791796875
36.44089848046875
36.41932038671875
36.396745171875
36.37412548046875
36.35210052734375
36.33079898828125
36.31006232421875
36.28889083203125
36.2674739765625
36.24590700390625
36.22532494140625
36.20445573046875
36.1845290078125
36.164756015625
36.14513176953125
36.12580990625
36.10630966796875
36.08637538671875
36.06608755859375
36.046968828125
36.02766321875
36.00828852734375
35.98942465625
35.97017159765625
35.95113503515625
35.93181609375
35.9125065625
35.893643625
35.8746460703125
35.85579137109375
35.83626916796875
35.8171119296875
35.7978950078125
35.77980382421875
35.760849
35.74281880078125
35.7245048984375
35.70660889453125
35.688264859375
35.66993630859375
35.65256299609375
35.6349453984375
35.61715183203125
35.5990122578125
35.58086156640625
35.563213109375
35.54533126953125
35.5278902578125
35.51060744921875
35.493764171875
35.477122140625
35.46114082421875
35.44480168359375
35.4284993359375
35.41274880859375
35.39747294140625
35.38235970703125
35.3673703046875
35.35236317578125
35.337744515625
35.3228763671875
35.30804512109375
35.29392462890625
35.27935251953125
35.2652902421875
