6.3804174921875
10.81515705078125
13.76093433984375
15.8383535078125
17.4051276796875
18.66794048046875
19.78087378125
20.745910796875
21.61626280859375
22.37279610546875
23.03883876171875
23.59335816796875
24.10959006640625
24.545359378906248
24.9143695078125
25.27445204296875
25.63521690234375
25.96842215234375
26.2591702265625
26.52426408203125
26.7842623203125
27.04244966015625
27.307161
27.53861147265625
27.75693074609375
27.9614706171875
28.1525997578125
28.32958676171875
28.49739811328125
28.66325058203125
28.804514640625
28.93085380859375
29.04647175390625
29.16772829296875
29.27823979296875
29.378734882812502
29.47645
29.56647316796875
29.65658514453125
29.74735733203125
29.844062160156252
29.9355895625
30.016687328125
30.09663257421875
30.17503843359375
30.2458794765625
30.31478374609375
30.3836082734375
30.44409423828125
30.5041306328125
30.56309315625
30.62770055859375
30.69945666015625
30.78121017578125
30.8717649921875
30.96982666015625
31.06361825
31.15741684375
31.2468767734375
31.34254289453125
31.431598054687502
31.50969053125
31.5819682109375
31.65214840234375
31.72155134375
31.7853888984375
31.84750689453125
31.9034161328125
31.9638774921875
32.02333878125
32.073838265625
32.123865984375
32.17570710546875
32.2317574921875
32.28398568359375
32.325459453125
32.3684281875
32.4045896875
32.43907644140625
32.46488085546875
32.49575436328125
32.53010744140625
32.555680578125
32.5809607109375
32.59604229296875
32.60964798046875
32.63037835546875
32.6483908203125
32.667161390625
32.6902259140625
32.72281255078125
32.7598905078125
32.78868620703125
32.81500098828125
32.83650076953125
32.8548975078125
32.8734696015625
32.8907467734375
32.91346695703125
32.9333795
32.95517921875
32.97255935546875
32.98441559375
32.9977461171875
33.0067380625
33.0127474140625
33.0197792109375
33.03131859375
33.05198105078125
33.073727140625
33.09443211328125
33.1120613671875
33.133859640625
33.1530973828125
33.168438859375
33.17970987890625
33.188672078125
33.19780975
33.20723929296875
33.21429651171875
33.22013711328125
33.23090308984375
33.23911812109375
33.2481856171875
33.25691651171875
33.266279375
33.27189523828125
33.27678140625
33.28758663671875
33.2986598984375
33.31182521484375
33.32355841796875
33.33348130078125
33.3470775859375
33.36144962109375
33.37347175
33.3825753359375
33.3941159609375
33.401540296875
33.40745848828125
33.41286037109375
33.42014494921875
33.42586101171875
33.42939957421875
33.43705113671875
33.44301427734375
33.4495591015625
33.45931637109375
33.4686714765625
33.47273417578125
33.474878015625
33.4787234921875
33.4852186328125
33.49089437890625
33.49728171484375
33.49938774609375
33.4982046875
33.49808869921875
33.49578651953125
33.492577703125
33.49324652734375
33.49766578515625
33.504241515625
33.509337843750004
33.512637
33.5169669453125
33.52303045703125
33.53289237890625
33.54345952734375
33.5562666171875
33.5701982421875
33.5838971796875
33.59763227734375
33.60923849609375
33.61798419140625
33.62686758984375
33.63519390625
33.64486929296875
33.65662040234375
33.67172263671875
33.68746341796875
33.7052968828125
33.72143825390625
33.73811125
33.75553835546875
33.77129641796875
33.78504958984375
33.800053984375
33.814503953125
33.82999641015625
33.84521982421875
33.8575007578125
33.86804477734375
33.879791578125
33.893153765625
33.90315966796875
33.90864306640625
33.91072358984375
33.91226854296875
33.9149321484375
33.91643849609375
33.917587296875
33.91921971875
33.92086241015625
33.92163532421875
33.92689958203125
33.9331046875
33.938500859375
33.94255181640625
33.94838783984375
33.95670553125
33.9630975390625
33.9725204609375
33.981535171875
33.99004263671875
33.99906448046875
34.00955516015625
34.0185308671875
34.0254190390625
34.02896183984375
34.0328385
34.03726896484375
34.0415229296875
34.04314459375
34.0439455703125
34.0470162265625
34.050474859375
34.05213287109375
34.05464471484375
34.06058284765625
34.06360519921875
34.06612478515625
34.06917055859375
34.0709309453125
34.0711921640625
34.07062896484375
34.06804022265625
34.0647083984375
34.06242132421875
34.05941837109375
34.058480125
34.05657106640625
34.0542232265625
34.05648539453125
34.05880535546875
34.0607016640625
34.0611442109375
34.0598556484375
34.0580706171875
34.05823609375
34.0640981484375
34.0728413125
34.081261898437496
34.0869982890625
34.091597015625
34.0935777890625
34.09343855859375
34.09403030078125
34.09412962109375
34.09460284765625
34.09470532421875
34.09593355859375
34.0964416484375
34.095766015625
34.09537745703125
34.09596562890625
34.0977316015625
34.10052686328125
34.10371308203125
34.1055855546875
34.108023640625
34.11071879296875
34.11373341796875
34.1170638359375
34.1222485625
34.12572475
34.12858056640625
34.13310891015625
34.137128953125
34.142972109375
34.15182123046875
34.16151941796875
34.16728819921875
34.171101140625
34.1761181796875
34.18113156640625
34.186471765625
34.19118698828125
34.19583104296875
34.20106732421875
34.206615171875
34.2116423671875
34.216134859375
34.22206651953125
34.2260129140625
34.23080661328125
34.2380790234375
34.2467933515625
34.2536108125
34.2598613515625
34.2653196171875
34.2705543515625
34.275598906249996
34.2811332265625
34.2840746640625
34.28455724609375
34.2849780625
34.28539793359375
34.2878266328125
34.29185175390625
34.29610221484375
34.2993979140625
34.3030065234375
34.3074314609375
34.3106309375
34.31443851953125
34.31840470703125
34.32156160546875
34.3245459765625
34.3269063125
34.3283693046875
34.33002405078125
34.3319696875
34.33558626953125
34.34023751953125
34.34478228125
34.34658231640625
34.34665398828125
34.3467925625
34.34636559765625
34.3443173046875
34.3416955859375
34.338281578125
34.33414737109375
34.33046067578125
34.330017765625
34.32992105078125
34.330456457031254
34.33118308203125
34.3330312265625
34.33756678125
34.34322498828125
34.3488381328125
34.35168133203125
34.35529365625
34.3603343359375
34.36510476953125
34.36885319140625
34.37195548828125
34.3726333671875
34.37274455859375
34.36963347265625
34.365192078125
34.36062701171875
34.35466721875
34.34929508984375
34.3445741875
34.34100729296875
34.3378141875
34.334857953125
34.32706330078125
34.3117974140625
34.290470671875
34.262041984375
34.22941610546875
34.1916524609375
34.15040741796875
34.107377109375
34.06219772265625
34.01691003515625
33.97110212890625
33.92382400390625
33.87454737890625
33.8250835703125
33.7755145078125
33.72662405859375
33.67707917578125
33.626771500000004
33.57816301953125
33.5297030078125
33.48162162109375
33.43376357421875
33.3856435703125
33.33857073828125
33.29201361328125
33.2455686015625
33.19885512890625
33.1530294375
33.10773583984375
33.06167690234375
33.0156361875
32.9701114453125
32.92568813671875
32.881542359375
32.8378249140625
32.794195375
32.75164375390625
32.70825884375
32.6649234296875
32.621668421875
32.57903199609375
32.53703826953125
32.49575288671875
32.45471419140625
32.41290470703125
32.3715768671875
32.3321385703125
32.29242273046875
32.25259166796875
32.21352819140625
32.17441246875
32.134647238281254
32.09527007421875
32.0560614375
32.017146875
31.97952504296875
31.94104771484375
31.9032880546875
31.865829890625
31.829786078125
31.7940564140625
31.75910682421875
31.72499070703125
31.69148234375
31.657501796875
31.62317445703125
31.58959070703125
31.55642829296875
31.52289300390625
31.4891272890625
31.4547234140625
31.4205701953125
31.38716522265625
31.3551655703125
31.32334008984375
31.291998625
31.25990639453125
31.228645171875
31.19805073828125
31.1676391640625
31.13752976171875
31.10740526953125
31.07728365234375
31.0476958515625
31.01749154296875
30.9879955078125
30.958419578125
30.9292337265625
30.9008564765625
30.87219140625
30.84377728515625
30.8152818359375
30.78717533203125
30.75845178125
30.72994962109375
30.70212905078125
30.6740632265625
30.64721693359375
30.620706261718748
30.59441926953125
30.56801475
30.54279476953125
30.51743216796875
30.49249630859375
30.468429796875
30.444545171875
30.421213859375
30.3974218828125
30.37445132421875
30.3517528046875
30.329033171875
30.3065603828125
30.2840707421875
30.26113581640625
30.2395713125
30.21843696875
30.1968393359375
30.1750061640625
30.1533669765625
30.13082167578125
30.1097710703125
30.08869573046875
30.06872179296875
30.04867230078125
30.028749578125
30.008111375
29.988391984375
29.96841609375
29.94843260546875
29.92777930078125
29.90809131640625
29.88801458984375
29.868685484375
29.85056129296875
29.83159100390625
29.8131067734375
29.794597890625
29.77636404296875
29.757822671875
29.73981118359375
29.7213938515625
29.7029259453125
29.6842294296875
29.6658540234375
29.64743816015625
29.62935528125
29.61057929296875
29.592148890625
29.57442629296875
29.5568896640625
29.5396631484375
29.522018703125
29.50529208203125
29.48736937109375
29.47005996484375
29.4532482890625
29.43669558203125
29.42107594140625
29.405010953125
29.38875070703125
29.37265108203125
29.3570146328125
29.3409290703125
29.32580434375
29.31062394140625
29.29578759765625
29.28088737890625
29.26588144921875
29.2504838203125
29.23522239453125
29.220497125
29.20542069140625
29.19071609375
29.176102421875
29.1616923984375
29.1472766171875
29.13257190234375
29.11770824609375
29.103167984375
29.088672765625
29.07446262890625
29.0595736328125
29.0450173046875
29.0302387734375
29.0165413125
29.00211951953125
28.98839146484375
28.9746645
28.9609233828125
28.94688135546875
28.933003953125
28.919759
28.9062772890625
28.8927762890625
28.87927202734375
28.86558169921875
28.85219473046875
28.83854183203125
28.82526848828125
28.81250823046875
28.799711046875
28.787403484375
28.77556062890625
28.763507875
28.75132162890625
28.7401130859375
28.72889296875
28.71753950390625
28.70670868359375
28.69545716015625
28.6844583828125
28.6738101875
28.663153734375
28.6531619453125
28.6423612265625
28.63221894921875
