0.00620961171875
0.0620961171875
0.87853398046875
0.26497590234375
0.60708217578125
0.37140916015625
0.17353013671875
0.5954938046874999
2.54944988671875
4.56138759375
5.95304846875
7.2246086015625
8.5210226953125
9.69484351953125
10.72837498046875
11.75858196875
12.76279658203125
13.704237828125
14.39267740234375
15.10884803125
15.73118558984375
16.40326486328125
17.15806096875
17.701058578125
18.2001753359375
18.6295407734375
19.058721
19.4494933359375
19.89352317578125
20.39492557421875
20.70831030859375
21.03642972265625
21.38023364453125
21.698805277343748
21.98329748046875
22.25210951171875
22.51095198828125
22.79771056640625
23.01367825
23.22831409375
23.47519922265625
23.69661485546875
23.8618578046875
24.071041390625002
24.257579625
24.40725913671875
24.61131141796875
24.73686795703125
24.89553250390625
25.04808985546875
25.1927316875
25.388938859375
25.6252639765625
25.87871368359375
26.1777135625
26.486284410156248
26.71527711328125
27.00248051171875
27.2239577109375
27.5013380234375
27.7428161796875
27.9580404765625
28.16696954296875
28.3665805546875
28.56947337109375
28.746292984375
28.925849468750002
29.07191783984375
29.2297031015625
29.405272953125
29.5510268828125
29.67611151953125
29.8306114921875
30.00238980078125
30.1155088671875
30.211387640625
30.32512853125
30.3887778515625
30.45926458203125
30.4968129921875
30.57588719921875
30.68374350390625
30.751986171875
30.80562401953125
30.8360383125
30.85120768359375
30.92403228515625
30.95872859765625
31.01049854296875
31.07404973046875
31.18758891015625
31.2812852734375
31.3322084609375
31.40553840625
31.45162973046875
31.5124530625
31.567546921875
31.6048736953125
31.67385841015625
31.73213697265625
31.78200009765625
31.8245181640625
31.866851375
31.89244974609375
31.90037484375
31.90482721484375
31.9253363046875
31.96866816796875
32.01399033203125
32.0877503203125
32.14183583203125
32.189679875
32.22599101171875
32.28503108203125
32.306071
32.34152480078125
32.36328785546875
32.37762979296875
32.40318213671875
32.4127766796875
32.41518555078125
32.4283444453125
32.4528483515625
32.46239633203125
32.4889111484375
32.49975187890625
32.5095369921875
32.51129816015625
32.536118843749996
32.56157408984375
32.597214203125
32.61785619921875
32.64385894921875
32.6934892109375
32.72190856640625
32.75695899609375
32.77212151953125
32.78664116015625
32.815340328125004
32.81442049609375
32.83226764453125
32.864894015625
32.86688937890625
32.869302390625
32.8889217421875
32.90757855859375
32.926432953125
32.93752938671875
32.964309109375
32.96028783984375
32.954061265625
32.97733102734375
32.9974249765625
33.020066296875
33.0244873359375
33.0129237734375
33.002944
32.9990243203125
32.98511430078125
32.97797406640625
32.97712550390625
32.99341479296875
33.00312457421875
33.01116451953125
33.0183950234375
33.02344284765625
33.0539646328125
33.07206434765625
33.09373114453125
33.1312219609375
33.1688587734375
33.20267726171875
33.239392675781254
33.26883838671875
33.30076980078125
33.32830715234375
33.36404641015625
33.391737109375
33.4280586953125
33.47550291796875
33.51772312109375
33.574035375
33.611410894531254
33.66528308984375
33.724482578125
33.75985828125
33.7953680625
33.8380427890625
33.8757021328125
33.92011369140625
33.960859234375
33.98960480078125
34.01430591796875
34.04372462890625
34.07625496484375
34.09699837109375
34.09983282421875
34.1066195625
34.112042640625
34.12429783984375
34.1321835703125
34.13685926171875
34.13940031640625
34.1494771015625
34.1445108984375
34.1653104609375
34.1806662265625
34.18947316796875
34.20617905859375
34.225773359375
34.251434828125
34.25965228515625
34.29233405859375
34.30408562109375
34.33201364453125
34.357442937500004
34.397456921875
34.42623541015625
34.43574610546875
34.43849966015625
34.44828296484375
34.4597172109375
34.472544789062496
34.46631598828125
34.46723707421875
34.47735376953125
34.48588255859375
34.48662725
34.49837003125
34.51276173828125
34.5189192734375
34.51922849609375
34.526674390625
34.5274943671875
34.51082078515625
34.5138082578125
34.49896503125
34.4895466796875
34.48392646484375
34.46717864453125
34.46440705078125
34.45619323828125
34.436769296875
34.44688948046875
34.4486186875
34.4617265
34.4596320390625
34.45594577734375
34.44371975
34.44604835546875
34.47198485546875
34.50251778125
34.5302336484375
34.5439128203125
34.55874330859375
34.561030453125
34.5611461484375
34.56842168359375
34.565802375
34.574828484375
34.57321077734375
34.58248010546875
34.57438025
34.57106692578125
34.5728276015625
34.57631374609375
34.5774495390625
34.58500720703125
34.59606598046875
34.59613154296875
34.61414497265625
34.6189359609375
34.6269451171875
34.64873460546875
34.66455623046875
34.67087221484375
34.67471909765625
34.6953919140625
34.71084266796875
34.72285915625
34.75294766015625
34.77595056640625
34.7798309140625
34.79258185546875
34.80887569921875
34.82649395703125
34.84005848046875
34.853683328125
34.86010869921875
34.87658388671875
34.89593513671875
34.91029491015625
34.924705328125
34.94332633984375
34.95318322265625
34.9675443125
34.9953730234375
35.01822645703125
35.03510337109375
35.05713065625
35.06571841015625
35.0781166484375
35.09178898046875
35.11113994921875
35.1131414609375
35.10859547265625
35.10676660546875
35.10689262890625
35.111099140625
35.12188953125
35.13113690625
35.142810203125
35.14531780859375
35.1560369609375
35.15482731640625
35.16118864453125
35.17705356640625
35.18834553515625
35.197640578125004
35.202325734375
35.20667760546875
35.2067466953125
35.20882651171875
35.2204848203125
35.22800794921875
35.23592294921875
35.2420510234375
35.2401713203125
35.24320915625
35.24122142578125
35.23347537109375
35.2225464375
35.21008166015625
35.19240140625
35.1855223828125
35.17916650390625
35.17655287109375
35.17202914453125
35.177502890625
35.18785915234375
35.204357171875
35.21982848046875
35.2321074140625
35.23833369140625
35.24944953515625
35.25907516015625
35.27254335546875
35.28267530078125
35.28863528125
35.28869451953125
35.28267521875
35.272362484375
35.2551434765625
35.2457770625
35.22696477734375
35.21223751953125
35.19744026953125
35.19130784765625
35.1826321953125
35.17406942578125
-39.9590486015625
35.23957576171875
35.26919560546875
35.28403079296875
35.28936822265625
35.2850036015625
35.272914625
35.2602914765625
35.2318889140625
35.21396475390625
35.18846044140625
35.1635683984375
35.129957390625
35.093919421875
35.0623794921875
35.030269015625
34.99330619921875
34.95730725
34.9228994765625
34.88741345703125
34.854530484375
34.81954012890625
34.78611868359375
34.7567014765625
34.7259229140625
34.6940569296875
34.66289225390625
34.6326721015625
34.60416018359375
34.57325994140625
34.5417432421875
34.507705984375
34.48136540234375
34.4527741015625
34.42316193359375
34.39431404296875
34.36579959765625
34.3393709140625
34.3100431015625
34.28443825390625
34.25560784765625
34.22761990234375
34.2043209140625
34.17909626953125
34.15167226953125
34.12802753515625
34.10658340234375
34.0840125703125
34.06027295703125
34.04064687109375
34.01916035546875
33.99669454296875
33.97438060546875
33.95251824609375
33.9272154921875
33.90215213671875
33.8827108359375
33.86573648046875
33.84573746484375
33.82762915234375
33.8082618046875
33.7933823984375
33.77667377734375
33.7611006875
33.7458562734375
33.729598859375
33.7129781015625
33.70026162890625
33.6848874296875
33.67224
33.65182481640625
33.63527722265625
33.6256040078125
33.61705675
33.60373445703125
33.59305040625
33.581854625
33.57476059375
33.56603501171875
33.55775387890625
33.54985948046875
33.54214672265625
33.5338903046875
33.5297808515625
33.520679171875
33.513076375
33.50883886328125
33.50730280859375
33.50295894140625
33.498913421875
33.49740741796875
33.49254069921875
33.48774339453125
33.48321695703125
33.47772036328125
33.47411831640625
33.46959021484375
33.46738971484375
33.46925590625
33.4708339296875
33.4702631875
33.4769526640625
33.4774909609375
33.47895207421875
33.4860350390625
33.489168375
33.49313194921875
33.50000573828125
33.5039572578125
33.507792046875
33.51409527734375
33.52182169921875
33.5276065078125
33.5364142734375
33.54299056640625
33.550896203125
33.55761237109375
33.5700318984375
33.57877620703125
33.5828599140625
33.59679596484375
33.6069001484375
33.6202351953125
33.6321145390625
33.64239025
33.6555176953125
33.6682511328125
33.67666633984375
33.68750153125
33.69937250390625
33.70894070703125
33.71764240625
33.73473025390625
33.750557890625
33.76122102734375
33.7736347421875
33.78740430078125
33.80054371875
33.8120326875
33.8276124921875
33.83718477734375
33.850684203125
33.8610202421875
33.870687890625
33.88445518359375
33.8999610078125
33.9095437734375
33.9225506484375
33.935401859375
33.9520874609375
33.96367609765625
33.9774605
33.99510616015625
34.00803807421875
34.0259392890625
34.0392797421875
34.0510544375
34.07086050390625
34.08876487890625
34.10639576953125
34.12210537109375
34.1408143203125
34.1570028671875
34.17569416015625
34.19362378515625
34.2071955625
34.22706895703125
34.24709052734375
34.2609488515625
34.2781700625
34.29792615625
34.3131069609375
34.3323368359375
34.351978203125
34.372046609375
34.3916524609375
34.40769378515625
34.42412248046875
34.44564198046875
34.46113124609375
34.480139671875
34.4964258125
34.515140375
34.52970074609375
34.5492389140625
34.56461596875
34.58438058984375
34.6043662890625
34.6207422578125
34.6429034921875
34.66157637890625
34.6805676015625
34.69697594140625
34.71364619921875
34.732078421875
34.75321705859375
34.77405305859375
34.79461495703125
34.81614844140625
34.83884001953125
34.8592097109375
34.88445430859375
34.90713208984375
34.9322290546875
34.9536716484375
34.98270230859375
35.0046653125
35.02613114453125
35.0531201484375
35.07985968359375
35.1049700234375
35.13219320703125
35.15940819921875
35.1887691328125
35.21177353125
35.24109370703125
