16.214946
15.514358
15.193644
14.878675
17.454566
16.524153
16.748207
15.775792
16.289155
15.469297
17.052354
16.305566
16.568811
15.836983
16.295895
15.438038
16.007876
15.467511
17.019429
16.272052
16.700853
16.020003
15.670963
15.125083
16.452012
15.660139
15.809509
15.216181
18.017353
16.904225
15.917168
15.192103
17.321964
16.228679
18.623787
17.553274
15.863654
15.457288
15.706154
14.914102
18.575045
17.113745
16.130287
15.481904
15.904988
15.465861
15.863244
15.407339
15.942344
15.338826
16.482401
15.748275
17.585268
16.421763
17.969818
16.999891
16.118012
15.358977
16.932193
16.137850
16.078890
15.386101
15.759471
15.012474
16.778568
15.951109
16.269655
15.414037
17.225701
16.532232
15.019034
14.591856
15.619548
15.157285
16.497823
15.565258
15.854110
15.226959
15.839043
15.373094
15.619102
15.066360
15.988485
15.230096
16.178300
15.536989
15.482336
14.955640
16.377801
15.648070
15.926630
15.278452
17.704257
16.555378
15.263488
14.857715
16.190960
15.253074
15.272417
14.899006
16.025800
15.220059
18.587826
17.280475
16.665993
15.906778
17.167770
16.294410
15.938693
15.411549
16.002025
15.396193
15.939638
15.319721
17.798035
16.676162
17.699444
16.615029
17.005593
16.120367
15.833157
15.154674
18.059748
16.896697
15.424183
15.050737
16.651415
15.817510
17.858622
16.856307
15.647956
15.101584
14.442047
14.125574
16.387848
15.828857
15.731584
15.306946
15.888409
15.113249
16.692933
15.959915
17.803705
16.729181
17.050247
16.010711
14.971682
14.611454
16.013527
15.238578
15.734075
15.185430
17.058952
16.028750
17.831226
16.664920
15.645630
15.188747
16.161648
15.480823
16.533630
15.719678
17.169191
16.225548
15.491925
14.998917
17.284715
16.198234
16.557982
15.935670
17.010208
15.911623
16.840299
15.873174
16.630901
15.795383
15.903185
15.307514
15.602883
15.194004
18.166425
16.897911
18.055306
17.167015
15.269271
14.822941
16.155959
15.264727
15.828917
15.151335
16.540902
15.859413
17.172384
16.246658
16.688226
16.060709
16.042297
15.549580
15.811542
15.038032
17.615255
16.541653
16.748960
15.881351
15.669943
15.020063
16.683229
15.743461
15.809078
15.280636
18.224817
17.081897
17.481144
16.414274
16.830073
16.016062
17.679797
16.809092
16.837823
15.992781
17.747571
16.826039
17.203576
16.488302
17.317375
16.411176
17.402715
16.471569
15.889391
15.338208
16.741231
16.058899
17.354251
16.362555
16.242393
15.747377
17.120330
16.131953
17.942187
16.848219
17.017286
16.294669
15.139636
14.606563
17.333831
16.311832
16.200731
15.382985
17.738173
16.688198
15.066742
14.713668
15.573435
15.093903
15.188416
14.805377
17.767861
16.766330
18.762726
17.461176
17.263163
16.425433
16.662123
15.903035
16.344473
15.637072
16.835495
16.188812
17.599181
16.406362
16.344839
15.882028
16.589257
15.774891
15.967650
15.170178
15.753475
15.135745
16.944984
16.230450
16.695625
16.004330
16.913972
16.112395
16.128201
15.407831
16.612396
15.969569
15.945248
15.267186
16.752891
15.986877
16.620896
16.131785
16.221164
15.414825
16.911201
15.873348
17.447484
16.468310
17.328230
16.281809
15.557083
14.858327
17.171009
16.200518
16.631996
15.680776
18.784096
17.425022
18.736486
17.301309
15.013710
14.848440
17.515465
16.568121
17.058448
15.945120
16.675174
15.745765
18.043896
16.976325
15.151266
14.640483
15.253450
14.923614
16.280513
15.599792
16.947067
15.961909
15.276498
14.711408
15.971613
15.260169
16.827312
16.053552
17.234957
16.358208
16.113161
15.312956
17.240888
16.196322
18.728649
17.317348
16.773489
15.903778
17.824690
16.600353
15.928226
15.260840
15.442725
14.782028
16.049637
15.272380
16.967995
15.991388
15.788576
15.210428
16.562896
15.805207
15.322372
14.861196
16.243190
15.502380
17.402689
16.260841
16.334305
15.666594
16.469857
15.776228
17.326541
16.584233
18.692488
17.378693
15.801077
15.274584
15.773879
15.345353
16.728191
15.775196
17.050540
16.172043
15.826567
15.205607
15.294955
15.007705
17.018669
16.026327
16.323331
15.525556
18.110944
16.907367
16.211970
15.777423
16.452964
15.637826
15.956580
15.423439
16.164836
15.728736
18.383165
17.146745
16.303256
15.618772
17.164969
16.636674
15.435959
15.090296
16.274125
15.627038
17.879532
16.686954
17.560874
16.827312
16.230975
15.778651
17.769967
16.682133
17.517536
16.503415
15.303873
15.145928
17.301753
16.478187
16.145331
15.527510
15.038029
14.438467
15.364914
15.076347
17.661533
16.639290
15.495789
15.232743
15.473373
14.842010
15.817228
15.248969
17.636655
16.553938
15.905944
15.188180
16.523266
15.764526
16.925177
15.912408
16.102514
15.325394
16.102502
15.683327
16.411510
15.495937
16.524184
15.743019
15.599297
15.028928
15.387235
14.903701
16.155103
15.384514
16.153914
15.438789
15.721722
14.909010
15.700745
15.131283
15.811828
15.334200
16.463975
15.679831
17.651662
16.549595
16.651775
15.744093
17.247548
16.205874
16.531544
15.941993
16.995449
16.070388
17.427762
16.490852
15.301819
14.889428
15.510940
15.007046
15.751566
15.214176
17.040613
16.249926
16.372014
15.562635
16.160641
15.422258
15.974518
15.273272
17.617975
16.443400
16.032656
15.373859
15.212711
14.973567
16.568527
15.710319
16.702614
15.911347
17.937718
16.868004
16.171859
15.385958
15.699315
15.088298
