0.0112553125
0.33112553125
0.56183603515625
0.63857104296875
0.56359200390625
0.76189722265625
0.69505159765625
0.86371484375
0.273629953125
0.39901903515625
0.1557411953125
0.68277128515625
0.19847906640625
0.67870091796875
0.40430178515625
0.03317225
0.73606475390625
0.45399193359375
0.3788374765625
0.36669194921875004
0.32714289453125
0.08210322265625003
0.12066068359375
0.04525521484375
0.073045296875
0.019634683593749994
0.03558509375000002
0.13753637109375003
0.196844546875
0.19124298046875
0.1729719921875
0.26439134765625
0.3275353515625
0.43478625781249997
0.45731723046875
0.5184321484375
0.5945810234375
0.6198653515625
0.64714217578125
0.70640070703125
0.6973278242187501
0.746720375
0.82680254296875
0.8303862578125
0.84352290234375
0.87482197265625
0.897124765625
0.900334484375
0.9942487421875
1.05185762109375
1.0743756015625
1.15186592578125
1.17456500390625
1.17568044140625
1.1461292578125
1.18979790234375
1.25600934765625
1.285652375
1.30421013671875
1.33872505859375
1.351220859375
1.36709780859375
1.38382072265625
1.36685709375
1.3731025625
1.3292133867187501
1.33366361328125
1.35347164453125
1.36508015234375
1.345100453125
1.3481864140625
1.30842960546875
1.36570815234375
1.37243490234375
1.3713295703125
1.39335920703125
1.3980598359375
1.428820453125
1.45211427734375
1.46770765234375
1.4801863125
1.50800217578125
1.5283436015625
1.5436495546875
1.5390941992187501
1.53877531640625
1.5461937734375
1.55750430078125
1.564596421875
1.573208953125
1.583602625
1.57768316015625
1.57723430078125
1.611050296875
1.6456499921875
1.6260933671875
1.63793406640625
1.636033828125
1.62536015234375
1.63056901953125
1.6450567578125
1.6490763359375
1.6611368125000001
1.64486246875
1.638558421875
1.67355608203125
1.68368271484375
1.6935756484375
1.6904806875
1.7049131953125
1.7291743203125
1.72452037109375
1.7209822890625
1.74808080078125
1.77687564453125
1.8058446953125
1.804501484375
1.8390387890625
1.83609090234375
1.8069622031249999
1.80429546875
1.80481884375
1.79689173046875
1.79492708203125
1.80630136328125
1.8204334765625
1.81792065625
1.81321519921875
1.82667318359375
1.83465428515625
1.83576674609375
1.83008779296875
1.83057041015625
1.843026453125
1.84124337890625
1.8384316640625
1.8395148203125
1.84961543359375
1.85698443359375
1.8654883125
1.86784375390625
1.8808898203125
1.8730911875
1.86941491015625
1.86617331640625
1.86764640625
1.8727645703125
1.86915644921875
1.8904154609375
1.88148316015625
1.87807423046875
1.8951508203125
1.894130484375
1.8932373359375
1.8985973203125
1.88352005859375
1.8992545546875
1.89273296875
1.90412175390625
1.91031069140625
1.91200413671875
1.90082211328125
1.89429265625
1.90711972265625
1.8920890937500001
1.8884725234375
1.87874104296875
1.877916671875
1.88524760546875
1.8787864375
1.88777878515625
1.875188703125
1.87202345703125
1.8849888984375
1.90562509765625
1.8865603828125
1.8835228828125
1.8832090546875
1.892962171875
1.890115328125
1.8894067734375
1.89941604296875
1.91107191015625
1.9038802734375
1.9119311875
1.90705125390625
1.88917320703125
1.90637784765625
1.9151004375
1.928972671875
1.93051305859375
1.92646772265625
1.9254707578125
1.93381928125
1.920944328125
1.92049531640625
1.9235501015625
1.92382191796875
1.9181353203125
1.92146062109375
1.92114673828125
1.92034812890625
1.92758946484375
1.925520109375
1.92482461328125
1.9229406015625
1.9307056484375
1.9257308515625
1.9405364960937501
1.94160991015625
1.93904852734375
1.924963234375
1.93638138671875
1.92686563671875
1.93138209765625
1.93268919140625
1.9349298984375
1.937935015625
1.93616721875
1.93120632421875
1.93670876171875
1.9340961875
1.945652625
1.94350955859375
1.937047171875
1.9247311484375
1.9381020390625001
1.9304191640625
1.935421765625
1.930449
1.93791169140625
1.9345535234375
1.92796189453125
1.93768348828125
1.94600088671875
1.948683625
1.94298878515625
1.95036773828125
1.96191541796875
1.9519589921875
1.95169033984375
1.94633074609375
1.95251390625
1.951910015625
1.9624623203125
1.96909328515625
1.9680000078125
1.9716698984375
1.96440653125
1.96112996875
1.9598100078125
1.9550006171875
1.96116215234375
1.94815241015625
1.9501315546875
1.94913819921875
1.9488378515625
1.9468209375
1.9489042070312501
1.9504556796874999
1.95102160546875
1.95620959765625
1.95707031640625
1.95860533203125
1.967952546875
1.9593391328125
1.9653888515625
1.9632845
1.97394275
1.96858001953125
1.9785688828125
1.9775970234375
1.98325326171875
1.99040979296875
1.9916332578125
1.9870103515625
1.98333721484375
1.98837978515625
1.9897120234375
1.98887200390625
1.989097140625
1.9888525625
1.9898153828125
2.0058287734375
2.00458437890625
2.00511297265625
2.0066881796875
2.00306572265625
2.0041931171875
2.00223525
2.0019972734375
2.0085328515625
2.0109450078125
2.00967450390625
2.01128534765625
2.027395609375
2.03253909765625
2.02876101171875
2.0306621015625
2.044866109375
2.0558708515625
2.05107634765625
2.04745116015625
2.058458078125
2.04763580078125
2.048301953125
2.0483311484375
2.05608796875
2.0631544375
2.069030828125
2.06660212109375
2.0708982109375
2.06901632421875
2.0660328203125
2.07121398046875
2.07957456640625
2.07377516796875
2.07369839453125
2.060465703125
2.06357897265625
2.06558387109375
2.06406458203125
2.07007251171875
2.07428040625
2.07263676953125
2.077898015625
2.07743907421875
2.07644388671875
2.077854734375
2.074541875
2.075981296875
2.0733420234375
2.075661890625
2.07885586328125
2.07275723828125
2.07647673046875
2.0688006015625
2.065109765625
2.06887218359375
2.07105534375
2.0748293203125
2.07623927734375
2.070707453125
2.07031558984375
2.0788271953125
2.0739364375
2.07496101171875
2.0733026875
2.0740131328125
2.07739498828125
2.0877922734375
2.08798502734375
2.08347381640625
2.0799424375
2.08226390234375
2.0775830703125
2.07508028125
2.07550412890625
2.07402808203125
2.0868750078125
-73.06976140625
2.0810330546875
2.083046296875
2.08547225
2.084716796875
2.08429077734375
2.0885529921875
2.08780653125
2.08898890234375
2.0886846640625
2.08094144140625
2.08231885546875
2.07606165625
2.07889394140625
2.08234795703125
2.08509973046875
2.08854615234375
2.08798380859375
2.0873451953125
2.0884662109375
2.08825529296875
2.0857876796875
2.08489334375
2.08082473828125
2.0771046484375
2.076769453125
2.07254353515625
2.07527652734375
2.07252851171875
2.06971119921875
2.06918720703125
2.0683733554687502
2.06434522265625
2.06719671875
2.06358809765625
2.0628844609375
2.06135725390625
2.06260573046875
2.06285905078125
2.0622339140625
2.063481921875
2.06338615625
2.062673484375
2.064514625
2.0622685078125
2.05812295703125
2.05756958203125
2.05434405859375
2.054429984375
2.05554773046875
2.0543097578125
2.05806723046875
2.056116640625
2.05656649609375
2.05286798828125
2.04903901171875
2.04800266015625
2.04633824609375
2.04318555859375
2.04540437890625
2.0449869921875
2.0445680390625
2.04081794921875
2.04301720703125
2.03845060546875
2.040652390625
2.0424441796875
2.03995697265625
2.0349188515625
2.03450944140625
2.03887723046875
2.033817078125
2.030948484375
2.02799989453125
2.02524090234375
2.027921109375
2.0284834453125
2.02366496484375
2.025502140625
2.02493759375
2.02648411328125
2.0305927265625
2.0316555703125
2.0277616796875
2.02747455078125
2.027339390625
2.02349726953125
2.01925445703125
2.019039015625
2.01614690625
2.0113795859375
2.0110425
2.010795828125
2.0128741015625
2.01580251171875
2.01449154296875
2.0137214453125
2.01325852734375
2.01234159375
2.00801066796875
2.0097637890625
2.0104203125
2.01149954296875
2.00851980078125
2.0090487109375
2.00932533984375
2.00781998828125
2.01386133203125
2.0135010625
2.009779328125
2.00369470703125
2.00282365625
1.9998958515625
2.004768828125
2.00313783203125
2.00407503515625
2.0045867578125
2.00220778125
2.00132222265625
2.000670875
2.0015029453125
1.99912003125
1.998196703125
2.0023045546875
1.99904790234375
1.995961375
1.99842751171875
1.9974869375
1.998135578125
1.99624300390625
1.9947524375
1.993266671875
1.990674046875
1.99211172265625
1.98898521875
1.98869091796875
1.9872731601562499
1.98645830078125
1.98341819140625
1.984064203125
1.98271797265625
1.98404287890625
1.979290265625
1.9843573984375
1.98237347265625
1.9798804296875
1.97951294140625
1.977726859375
1.97309025
1.97682423046875
1.9737595000000001
1.97576230859375
1.97611671875
1.9757190625
1.97446181640625
1.97163345703125
1.9718966953125
1.97231581640625
1.96942780859375
1.96739321875
1.96757228125
1.96791616015625
1.96683436328125
1.971125046875
1.970320953125
1.9682205
1.97151640234375
1.97040796484375
1.96430090234375
1.9673028828125
1.97053576171875
1.9726266953125
1.970845390625
1.9701636953125
1.96819448046875
1.96783744140625
1.967716953125
1.97050579296875
1.9661973828125
1.96599048046875
1.9699340234375
1.9703637421875
1.968715390625
1.97022927734375
1.968450125
1.969999078125
1.96547403515625
1.965289546875
1.96686741796875
1.966697671875
1.96871119921875
1.9693555859375
1.97001422265625
1.97138658203125
1.9705985703125
1.96925626953125
1.97035662109375
1.9705765
1.97094475390625
1.97208611328125
1.9680191171875
1.966931515625
1.9666254609375
1.96285571875
1.96096668359375
1.95825233984375
1.95790744921875
1.959168546875
1.95742252734375
1.9609224453125
1.96175746484375
1.959810875
1.96016977734375
1.95931876171875
1.95963761328125
1.9563379921875
