175.384419
149.712526
123.288620
109.519475
145.841459
128.238791
136.338596
119.573310
120.834990
301.665240
170.031998
143.785466
198.345503
167.689688
116.237195
106.746435
86.202056
80.488730
149.336739
129.888120
143.120953
128.978207
233.776100
191.949885
95.159346
93.460061
108.459757
98.100761
296.845729
254.280821
106.918121
98.333292
116.332960
104.477508
121.089938
109.429516
115.506580
111.358529
133.021664
119.148398
131.171015
116.050683
125.985731
111.066145
115.065395
108.091461
154.061368
131.602831
129.243536
119.628204
155.177333
135.163680
172.923604
151.137055
134.976051
124.112824
181.399549
153.381372
117.200915
105.823360
126.766771
112.363473
113.938473
102.106665
242.006702
202.782291
107.474349
100.727185
100.342736
94.022728
100.015053
92.027946
114.296262
102.952959
158.588024
153.354468
181.943786
155.246379
180.504776
150.986774
103.390844
95.591478
111.975291
101.791499
163.826730
141.553004
123.294303
114.048018
103.828969
94.657035
236.922824
195.567483
117.560685
106.908472
123.828700
110.205380
117.586222
106.410749
125.434604
112.348543
126.676410
114.006058
121.808541
109.815962
204.523034
174.348840
171.243495
154.713065
143.166693
126.845788
123.018390
111.566001
91.011422
85.629522
109.161900
101.050954
152.904954
130.236321
171.283715
148.119111
121.266553
108.470430
101.488558
95.927004
118.612899
110.854168
176.016873
152.587316
120.671785
108.761525
168.144869
143.854852
106.342456
97.826006
151.733998
130.123162
250.707423
210.016646
118.033565
107.202607
138.779993
121.824147
131.611961
115.866363
107.995554
103.136939
161.492931
143.523170
140.800383
131.140850
118.341426
112.545126
97.455462
90.619175
186.061908
158.719650
135.817173
120.408552
188.398374
157.816555
114.179591
102.108084
128.011112
115.067602
137.140236
123.001680
146.368819
137.449379
180.326452
154.239506
135.246898
118.653891
122.481525
116.857991
106.491763
102.636028
267.292580
240.228227
121.225480
108.021284
186.596259
156.514617
131.609481
117.394285
128.583943
114.769353
93.154801
87.838871
123.148114
110.997569
142.762726
124.108916
115.472361
104.788548
130.692143
117.145625
127.923504
113.508547
139.074880
121.651105
150.523629
130.581682
127.308935
112.607338
212.833543
181.395690
178.688542
158.988215
151.834135
131.542087
149.531098
130.295451
129.574946
113.687598
260.486295
214.941025
110.980718
102.257656
116.029910
105.732566
106.500203
96.427166
113.705182
109.321955
160.094920
151.307968
165.758676
146.177229
191.238489
160.918305
155.862360
138.723548
118.836587
106.902298
135.673926
122.439430
117.540085
104.361353
238.075187
196.005987
193.586036
167.174533
158.558395
136.466569
159.307249
138.085508
150.944794
137.685884
129.005318
115.620952
173.339510
146.590943
119.090004
106.989129
157.736004
134.794996
137.955790
119.525316
145.387327
128.767680
197.181726
165.568590
179.021901
151.384389
210.989907
177.842565
114.078579
106.174290
130.597657
115.533737
163.076597
142.203032
110.268074
99.408516
114.099619
103.433892
126.696596
112.667194
144.390252
125.402735
206.495070
171.989206
107.838846
100.810337
127.121947
113.925059
133.085448
118.626817
128.435504
115.178064
327.740611
263.259120
170.993834
148.736306
161.393634
138.933741
105.424645
99.725342
150.271009
130.139324
147.746734
129.573583
187.721764
157.652027
206.681173
179.498812
237.915910
197.792060
114.396930
105.533923
113.538696
103.797806
142.821720
123.300990
95.698943
89.753084
102.351966
96.084777
133.201738
119.573037
131.683588
115.764585
144.413659
124.946392
184.726039
157.734687
131.703764
124.533829
145.946481
127.872105
147.926946
127.747636
145.576223
127.301322
108.799383
101.768738
114.416702
102.129868
126.986058
114.711248
245.945465
205.595689
114.522780
103.200580
214.738380
181.987981
115.122592
106.993674
141.866315
123.038884
174.521855
149.261544
104.265604
96.172665
150.095257
130.948802
189.973964
159.150098
169.575787
146.397837
113.620349
111.290767
118.159057
107.215072
148.269670
133.634429
119.781648
110.386249
132.468147
116.451757
127.596100
116.544576
125.468600
111.726060
121.608619
108.532475
127.060233
113.027522
199.990915
170.423971
110.727792
103.887773
155.643966
133.834234
229.614540
190.177806
107.070105
100.746871
224.933303
183.877876
174.636589
153.481850
177.992994
151.585130
219.247918
184.785017
127.842637
112.065177
114.871632
105.173253
273.633326
224.716324
134.000063
117.596864
112.535103
110.406628
184.038341
161.917891
220.830146
182.195598
184.417775
154.453760
141.676261
123.122445
195.843640
169.819628
256.994870
211.707350
153.384659
134.319639
142.190626
124.203895
131.589913
282.125412
100.809766
96.748571
121.016848
107.531449
158.527897
137.204011
155.329517
140.389520
164.094721
139.410513
98.462100
100.546625
148.210966
128.805534
168.975249
143.080224
152.821994
137.210271
124.965811
114.417097
231.595121
192.901621
149.185420
138.278422
146.315749
133.518651
225.197680
188.235699
108.882990
108.165223
132.695083
119.931486
112.851141
105.102131
104.018675
97.692404
243.169192
201.368479
115.244769
106.432548
121.829806
108.054902
114.471947
102.825914
150.048223
130.355226
122.621685
124.891760
133.509562
116.498553
137.422455
126.545610
126.917731
119.870605
186.125512
160.254999
140.579763
121.227812
127.860108
112.919176
141.191420
125.199733
204.066521
170.818940
101.344212
93.057965
142.671681
124.607996
148.377607
133.471026
102.812911
94.244733
306.972565
258.353795
135.429822
119.307920
111.175352
102.695034
234.151579
201.437049
139.634294
122.439035
130.066199
114.763784
126.934757
115.455899
124.452140
113.515964
