340.66700348046874
327.818361625
308.3542891992187
305.95357320703124
308.00935781640624
311.37542628125
314.6895134609375
318.549978328125
321.68762075390623
325.37919692578123
328.2804332773438
331.382282109375
334.3870980703125
337.08388536328124
339.29409831640623
341.37436404296875
343.2788221796875
345.2761105703125
346.91918873046876
348.95639585546877
350.8515401171875
352.586780546875
354.0466812226563
355.5351448984375
356.834231109375
358.46106590234376
359.73755090234374
361.07759316015625
362.3176585039063
363.70505157421877
364.830551625
366.0467172578125
367.22735276171875
368.23905511328127
369.39616980078125
370.46490028515626
371.50179536328125
372.5788682109375
373.45659441015624
374.339144921875
375.28694319921874
376.2983221484375
377.1338202265625
378.0106206015625
378.88885131640626
379.839158609375
380.6900567617187
381.49260590625
382.21608838671875
382.89135879296873
383.5572188867188
384.232415265625
384.80117808984375
385.464742203125
386.16110227734373
386.70296496875
387.1270632734375
387.6716994453125
388.28290616015624
388.7604134140625
389.151712578125
389.57235255859376
390.04705644921876
390.61592642578125
391.0793789335938
391.501150671875
391.93052745703125
392.32956310546876
392.62109740625
393.007230234375
393.34870780078126
393.592618421875
393.9225905703125
394.20154148046873
394.51782744921877
394.86255797265625
395.15541972265623
395.5484248203125
395.81248626171873
396.06804075
396.293015125
396.5460470546875
396.8074102265625
397.05187391015625
397.29484891015625
397.568522265625
397.8526025859375
398.1182810976562
398.374248625
398.57231301953124
398.77021286328124
399.01605430859377
399.25261699609376
399.46912134375
399.67039351171877
399.78613878125
399.92212507421874
400.08669735546874
400.27549596875
400.4956865820312
400.67731295703123
400.79349641015625
400.9515183828125
401.2011886835937
401.5321262734375
401.84586120703125
402.101876921875
402.33632954296877
402.57238008203126
402.87529028515627
403.07626278125
403.300180234375
403.538011796875
403.7693178828125
403.9006528867188
404.04366855859377
404.14532671484375
404.28868491015623
404.4747606796875
404.58277652734375
404.7077974179688
404.829635859375
404.9819712070312
405.05554911328124
405.1492145078125
405.22939173828127
405.2969450625
405.3702112148438
405.4684860507812
405.6065890625
405.74639910546875
405.88228076953123
405.9961160664063
406.156018171875
406.24983082421875
406.41951936328127
406.53187584375
406.6614361796875
406.779788515625
406.92907869140623
407.096028828125
407.1888285
407.27370474609376
407.4363816640625
407.5921454414063
407.760602546875
407.90529920703125
408.03597896875
408.09206041015625
408.18415897265623
408.2788299023438
408.3906699140625
408.4619696445312
408.5437560625
408.6416794296875
408.65996843359375
408.7388069609375
408.78867803125
408.84645491015624
408.85633672265624
408.8813750351562
408.93214135546873
409.00929241015626
409.0495374765625
409.1084862617187
409.17323834375
409.2152540859375
409.2468531171875
409.299325078125
409.33669065234375
409.3975099609375
409.41872158984376
409.38785654296873
409.3750478671875
409.4031402265625
409.433550703125
409.45107446875
409.444409015625
409.45026462109377
409.4796616328125
409.51766169921876
409.55979384765624
409.61328726953127
409.6835373476562
409.740843203125
409.82118476953127
409.85311759374997
409.92621666015623
410.0209581015625
410.0969030117187
410.2001835625
410.275789828125
410.3515099492187
410.47001818359377
410.546538265625
410.64068430859373
410.718435421875
410.79675971484374
410.85585217578125
410.95967068359374
411.0700675078125
411.1441212265625
411.23505751953127
411.35590391796876
411.40289024609376
411.47173501171875
411.556957859375
411.61682796875
411.66937740625
411.70981221484374
411.7087936210938
411.7138886914062
411.74618098046875
411.81350083203125
411.86221946484375
411.92015290625
411.996707921875
412.06310624218753
412.0912071914062
412.1431071328125
412.1783830390625
412.2309438359375
412.2943540078125
412.3268718984375
412.41377058203125
412.4714059921875
412.5403349609375
412.5782392578125
412.61572654296873
412.656222859375
412.7471508359375
412.783610796875
412.84647839453123
412.90704671875
412.930960265625
412.98137071875
413.03776233984377
413.09133723046875
413.13178158203124
413.18366080859374
413.20794858984374
413.2499746640625
413.3096024140625
413.41300545703126
413.49461054296876
413.55860329296877
413.61296147265625
413.66247317578126
413.68357088671877
413.74598178515623
413.81870647265623
413.8644049140625
413.90309519140624
413.949137421875
413.989946625
414.0150243710938
414.06344574609375
414.07818769921874
414.081084234375
414.123538734375
414.1277119023438
414.16154653125
414.196288953125
414.20558421875
414.2251686171875
414.2795292421875
414.3011821171875
414.35387844921877
414.3911581171875
414.43057487890627
414.48746776171873
414.54957686328123
414.5876455625
414.6613789648437
414.70701734375
414.7537530390625
414.81209958203124
414.8755015234375
414.95912878125
415.0295762929687
415.1056348164062
415.15410520703125
415.19469540625
415.26503638671875
415.34428743359376
415.4298063710938
415.4820249257813
415.51621422265623
415.5724801796875
415.64575221875
415.724036125
415.79496919140627
415.84563072265627
415.89560641796874
415.9314643164062
415.9883216796875
416.03114233203127
416.05886546484373
416.1356647265625
416.21890315625
416.28378028125
416.3322466640625
416.3990307578125
416.4694958203125
416.51173523828123
416.5499426992188
416.6007263671875
416.662241796875
416.724909296875
416.77826378515624
416.8245274921875
416.90465525
416.93142914453125
416.9877066601563
417.05359990234376
417.09826187890627
417.15229565234375
417.21476475390625
417.26810994140624
417.2992074492187
417.3125624804687
417.34724644140624
417.377832953125
417.41514540234374
417.4353500820313
417.46040664453125
417.4998649804688
417.5154903476562
417.55774301171874
417.5882828828125
417.6165336875
417.64266564453123
417.67503344140624
417.6956909921875
417.7247676484375
417.75817371875
417.79359380859376
417.7966550234375
417.85869991015625
417.9232728554687
417.9808569921875
418.02406346875
418.0629608359375
418.1259133984375
418.184661578125
418.2066816445313
418.24227844921876
418.284558515625
418.3210506484375
418.3554166015625
418.3738546992187
418.4222269609375
418.460866625
418.4975211953125
418.5499470859375
418.6005374296875
418.6547641757812
418.70634346875
418.739491
418.8017346445312
418.92892490234374
419.1353016484375
419.318410828125
419.4655085078125
419.5907823710937
419.67509559375
419.73337050390626
419.7504713085938
419.74780012109375
419.739818125
419.71316894921875
419.68015810546876
419.6268928984375
419.55975066796873
419.48103265234374
419.379405234375
419.277428390625
419.1730567421875
419.0628623320313
418.9448276484375
418.835586125
418.717727453125
418.60503848046875
418.49710175
418.36427012109374
418.2506546875
418.1256883984375
417.99691353515624
417.8703188671875
417.7547246445312
417.64215356640625
417.51892287109376
417.40216551171875
417.29172664453125
417.175935328125
417.05759219140623
416.9400001015625
416.82878696875
416.722358890625
416.61660497265626
416.5042188125
416.3872161875
416.2707444023437
416.1505457109375
416.043800796875
415.921302109375
415.8133666953125
415.71582963671875
415.62906928125
415.5410378085937
415.443945765625
415.3512637421875
415.25641905859374
415.1473605117188
415.0396419492188
414.93506794140626
414.843345890625
414.74656402734377
414.65759459765627
414.55324158984376
414.4527077890625
414.35934699609373
414.259979609375
414.1649172734375
414.083713484375
413.9989922109375
413.90333885546875
413.81887019921874
413.737340671875
413.64779325390623
413.56542175
413.4903511015625
413.411300296875
413.3373560117187
413.26211924609373
413.193094390625
413.12537432421874
413.0542022578125
412.9937364140625
412.91934303125
412.8529854296875
412.7888344921875
412.7222474921875
412.66346511328123
412.603144828125
412.52840256640627
412.45504876953123
412.3941938984375
412.32019506640626
412.25136001171876
412.1948275703125
412.1357267578125
412.07125762890627
412.00744067578125
411.9461308046875
411.8708606757813
411.8138770351562
411.75249688671875
411.6904861132812
411.63979497265626
411.58876850390624
411.5370346015625
411.47571055859373
411.41835625390627
411.3757678203125
411.3214472304688
411.2655939453125
411.21089341015625
411.1545801953125
411.09295228125
411.05330070703127
411.0066260507813
410.948334328125
410.90338040234377
410.8473498125
410.79482176171877
410.74770940625
410.7107716210937
410.65871454296877
410.61996648828125
410.58321346484377
410.55471034375
410.5303295390625
410.49602368359376
410.4564728046875
410.410730046875
410.3850254296875
410.35396540625
410.324538359375
410.2770537773437
410.24235925
410.2197970546875
410.1946287851562
410.17024475
410.1417552070312
410.1098264453125
410.0861067382813
410.0621675273438
410.0365450351562
410.004842296875
409.97046220703123
409.9512160546875
409.9282290273438
409.9015736640625
409.87641991015624
409.8573660625
409.82843637890625
409.7996721171875
409.77667444140627
409.75658685546875
409.73129523828123
409.7107868945312
409.6911176640625
409.67741880078125
409.66160121484376
409.6401088515625
409.61592642578125
409.5989992734375
409.5693260429687
409.55937642578124
409.52801567578126
409.509574546875
409.49372798046875
409.479647078125
409.4591186640625
409.4456131328125
409.42871896484377
409.40335325
409.4009155390625
409.392790765625
409.3815192734375
409.36360091796877
409.3484353476563
409.3455562148437
409.334337859375
409.3320573359375
409.31802805078127
409.3083407421875
409.3091884804688
409.2846352226562
409.2869753945312
409.2844580546875
409.28071187890623
409.2689178125
409.2643915546875
409.25644123046874
409.25652353515625
409.25120539453127
409.25297563671876
409.2501106367188
409.2533828515625
409.2414195625
409.2311949492188
409.2307797070313
409.2218306953125
409.2245823359375
409.2160546484375
409.21630751171875
409.2155757265625
409.22190471484373
409.2053354140625
409.21165544140626
409.2253310429688
409.23511577734376
409.24967573828127
409.2528838320313
409.25856948828124
409.2687475234375
409.27982805859375
409.2790812109375
409.29549205859377
409.2970575
409.3113029296875
409.3209727382812
409.33305069921875
409.3501985234375
