83.4025123828125
75.625883671875
76.0342250234375
76.67871458984375
77.72230718359376
78.8198128203125
79.9432356328125
81.08027755078125
82.0199497734375
83.19160062890624
83.92702959375
84.56424955078126
85.2978116796875
85.9062823671875
86.4626273671875
87.02858362890625
87.536839421875
88.07530387890625
88.43401391015625
88.83772531640625
89.2378589296875
89.69101996875
90.07139301953124
90.35679446484374
90.610063765625
90.87947575
91.15437721484375
91.42144137109375
91.68959828515625
91.98081516796876
92.17686285546876
92.3880985234375
92.5932980703125
92.7987018046875
92.95640826953125
93.146753015625
93.29418858984376
93.46786919921875
93.608158953125
93.77570323828125
93.89616869140625
94.0214741015625
94.13298322265625
94.2383976015625
94.36030931640624
94.474503921875
94.6064225859375
94.68560296484375
94.81032840234376
94.9217434453125
95.03921109375
95.19715334375
95.37346746875
95.5532242734375
95.76638896484376
95.9982570234375
96.1747706015625
96.3838079375
96.5662573046875
96.755123140625
96.91269111328126
97.06421265625
97.20748526953125
97.35951919140625
97.50041758984375
97.612655171875
97.74545273046876
97.86554078515626
97.97643469921874
98.080526265625
98.17719408203125
98.2470197578125
98.36493585546874
98.4668425625
98.52777783203125
98.60613431640625
98.6743464296875
98.73927340625
98.78074109765625
98.82075219140626
98.87934822265625
98.945947796875
99.00187435546874
99.03773271875
99.0472060625
99.06451589453125
99.11834508203125
99.14181007421875
99.18191080859376
99.2316576796875
99.30862226171875
99.37398401171875
99.40709248046875
99.468540921875
99.4962737578125
99.5263029609375
99.563184890625
99.5877416640625
99.63524373046874
99.6794916640625
99.7121245
99.73492270703125
99.75100866015624
99.7505073203125
99.76040232421875
99.76867980859375
99.780669984375
99.8071309609375
99.83811469140625
99.892904765625
99.9260020546875
99.95829130078126
99.99399477734374
100.034287359375
100.05511603515625
100.07420996875
100.0759404921875
100.09944608203125
100.098286328125
100.09549258203126
100.097423015625
100.10043072265626
100.10807936328125
100.11211141796875
100.134636484375
100.1417339921875
100.14103651171875
100.14050992578125
100.16366745703125
100.190271578125
100.21291886328125
100.221811421875
100.2417181171875
100.2733785859375
100.29268584765624
100.3110324609375
100.32086348828125
100.33416216796876
100.34832375390624
100.35493935546874
100.36945774609374
100.38107893359376
100.3728188984375
100.381675921875
100.3887781640625
100.3994115390625
100.411613046875
100.42026802734375
100.4404665078125
100.43468591796875
100.42960984375
100.44490355859375
100.4561749609375
100.468136875
100.4679406640625
100.45499580859375
100.44759163671876
100.446936046875
100.4341570625
100.43277748046874
100.431879
100.43916994921875
100.4462480625
100.4544445546875
100.4566684375
100.463965453125
100.48012801171875
100.4981577578125
100.51907116015624
100.54528259765625
100.5766227109375
100.59476594140625
100.61597940234375
100.64323312109374
100.6660945703125
100.68232160546874
100.70525251953124
100.72646266015624
100.75360537109376
100.78386126953124
100.816095125
100.85567711328125
100.8872464921875
100.924265859375
100.96217652734374
100.9876854296875
101.01602353515625
101.049133625
101.08104563671876
101.11226090234375
101.14180558203125
101.1583003046875
101.17903559375
101.20507914453125
101.2264432265625
101.24076144921875
101.2403244296875
101.2378715
101.23619543359375
101.24379525
101.24525508984375
101.24648601171874
101.2481059140625
101.251971171875
101.25128404296875
101.2640135078125
101.275122015625
101.281466765625
101.29381552734375
101.30992596875
101.32268431640625
101.32843868359375
101.35036758203125
101.3590130546875
101.37949859375
101.39953825
101.42570987109374
101.4416897578125
101.44166437109375
101.4488961328125
101.45500296875
101.46716986328126
101.4758865625
101.466858171875
101.46864225
101.47586345703125
101.48726912109375
101.492878390625
101.5023092109375
101.5111054140625
101.515093625
101.51596257421875
101.51747996875
101.5167712578125
101.50770252734375
101.50621623046875
101.49612329296875
101.4911675
101.48152721484375
101.4740059921875
101.46852248828125
101.4590157734375
101.45174830859375
101.46227930859375
101.46822348828125
101.47277227734375
101.4697586640625
101.4665484375
101.460712171875
101.47115637890624
101.49222490234375
101.506610734375
101.52637895703126
101.5270541328125
101.5348180703125
101.528733640625
101.528332609375
101.52846933203125
101.52465087890624
101.52596078125
101.52147668359375
101.5263176171875
101.51924166796876
101.5152624296875
101.51604183203125
101.522436
101.5239478515625
101.5304791015625
101.5386206953125
101.54163054296875
101.55470059765625
101.560212453125
101.56849037109374
101.5834618515625
101.592314109375
101.593674375
101.59830723828125
101.61246790625
101.62184352734376
101.63713421484375
101.66281946875
101.672766453125
101.6794329765625
101.69315959765625
101.70445737890626
101.7160579609375
101.7259972265625
101.73475201953126
101.739063484375
101.751470125
101.764729671875
101.77610535546874
101.788582390625
101.800930984375
101.81424198046875
101.8317586484375
101.8535354296875
101.869093046875
101.88553942578125
101.90400394140624
101.9108574453125
101.91974582421875
101.928882640625
101.9402505625
101.94066136328125
101.93986419921875
101.9406124765625
101.944016921875
101.95092920703125
101.95806362109376
101.962530296875
101.96737138671875
101.9696884921875
101.97540140625
101.9771128984375
101.98406794140625
101.99248480468749
102.0026593515625
102.00997050390625
102.00943325390625
102.01322778125
102.0160188671875
102.02158225390625
102.0318340703125
102.038295203125
102.04429473046875
102.04800548828125
102.0435488828125
102.0505803828125
102.04638154296875
102.0422137890625
102.03121754296875
102.01751224609374
102.00616408203125
101.99762498046876
101.9949851875
101.99200978125
101.99048916015624
101.99861566796875
102.007833203125
102.020664671875
102.03064328515624
102.03862509375
102.0460895703125
102.0582043671875
102.06436069921875
102.07411284765625
102.07985911328124
102.0819799609375
102.083739875
102.08157934375
102.06964215625
102.056159828125
102.044691859375
102.031276390625
102.0193061796875
102.0070281953125
102.001197171875
101.9927843515625
101.98904605859374
102.0051635625
102.03258174609375
102.05564140625
102.06374705859375
102.069806
102.0658857578125
102.05888494921875
102.04767034765625
102.02909322265626
102.0156228359375
101.994514
101.97479739453125
101.94874140234376
101.9235945546875
101.90011009765625
101.87555822265625
101.848082953125
101.82054205078126
101.79378129296875
101.766031484375
101.7398644765625
101.7132164296875
101.6866509375
101.6627662109375
101.6367502734375
101.61179676171875
101.586360578125
101.56307758203126
101.5387799296875
101.51237840625
101.486611265625
101.46210800390625
101.4405621875
101.41972666015624
101.39583483203126
101.3739789921875
101.35085803125
101.33108563671875
101.310515453125
101.2904435
101.268007375
101.24732914453125
101.2294808125
101.209431390625
101.18593295703126
101.16697658984376
101.1501840078125
101.13210958984375
101.11435438671874
101.1006941640625
101.08229517578125
101.06320332421875
101.04614791015625
101.02616226953126
101.00597935546875
100.98630819140625
100.97135428125
100.95711565625
100.94293215625
100.92888477734375
100.91504257421875
100.9045322109375
100.8915963046875
100.88103391796875
100.8691401171875
100.85957526953125
100.84659222265626
100.83438344140625
100.8221245078125
100.81128448828125
100.7979359296875
100.785098921875
100.775382546875
100.7706231953125
100.760313796875
100.75357766796876
100.74553309765625
100.738119890625
100.73271833203125
100.72665994921874
100.72047763671875
100.7142973125
100.7084180703125
100.70330437109375
100.69575348046875
100.68884819921875
100.68330600390625
100.68025627734374
100.6760931171875
100.67206861328125
100.6697011796875
100.664299953125
100.66024896484375
100.655556984375
100.65135583203124
100.645617453125
100.642090125
100.64164900390625
100.64152023046876
100.64119426171875
100.643409375
100.64551766796875
100.64459274609375
100.64596450390626
100.65153333203125
100.6540429609375
100.6573828515625
100.6626754375
100.6646247578125
100.66647893359375
100.66875921484375
100.67523324609375
100.67824550390625
100.684151546875
100.689827953125
100.6947477734375
100.697535109375
100.70398440234375
100.70732739453125
100.7113963671875
100.7206898828125
100.72719332421875
100.73692644140625
100.74584105078125
100.75263136328125
100.7616852578125
100.77173734765626
100.7775311171875
100.78494480859375
100.79144725781251
100.7979879375
100.80411366796875
100.81666944921875
100.82796598046875
100.83580616015625
100.8450313203125
100.85275765625
100.8641051015625
100.87270990625
100.88271395703126
100.8884971015625
100.8985409375
100.90494707421875
100.91322884375
100.92092634375
100.92920996875
100.93600778515625
100.94589850390625
100.9546154296875
100.9658616640625
100.97607209765626
100.98787015625
100.999340265625
101.00810787890624
101.0200439375
101.028888375
101.03946499609376
101.054017203125
101.064991984375
101.0779244375
101.089256375
101.10352284375
101.11557587109375
101.130681953125
101.14281809375
101.15426603125
101.168220828125
101.18108784375
101.19025255859376
101.202863984375
101.2191473984375
101.231727921875
101.2460458671875
101.26091096875
101.2763465703125
101.2890405234375
101.30008859765626
101.31237952734375
101.32876933203124
101.34006862109375
101.35238137890624
101.3643650546875
101.37828111328125
101.38977961328125
101.40355141015625
101.41449059375
101.4301990546875
101.44470344140625
101.45707625
101.4733845390625
101.4870367734375
101.5008604453125
101.51278610546875
101.52419483984374
101.53487659375
101.54969313671874
101.5647997265625
101.5795535625
101.5934041875
101.60872196875
101.6222011171875
101.639631140625
101.65691861328125
101.67209637890625
101.68741809765625
101.7074459765625
101.72305429296875
101.7399214609375
101.75945659375
101.777464015625
101.796645734375
101.81546026953124
101.83519458984375
101.85436364453125
101.87088909765625
101.89127892578125
