128.046046
126.106956
125.342242
123.539108
134.949860
131.723155
124.434811
123.798036
133.820221
129.789491
129.774572
129.038637
124.567722
123.843718
129.399062
129.767891
123.243734
124.181094
133.322534
129.798953
128.555831
129.045122
125.468464
123.827210
123.493551
124.017631
137.143678
133.663188
133.782538
131.745872
128.934694
126.760123
125.060110
124.200703
126.659945
125.382986
127.022928
126.321327
125.718981
124.355233
127.644900
126.841936
125.789147
125.122447
137.857697
135.652867
129.337669
128.977958
123.869538
125.583817
132.046391
130.018122
130.937645
128.297938
136.400320
133.716514
134.083385
131.081972
127.770330
130.216348
133.443682
130.329108
131.170609
128.464914
145.600723
140.511782
122.200434
122.558920
125.155688
123.921676
126.417278
125.838074
121.968472
120.303464
131.063718
128.980358
122.134981
121.930733
130.032573
129.121359
129.271342
127.048582
137.495761
133.539518
126.328652
126.112848
128.293024
127.149631
131.311844
129.763040
131.428228
129.921341
124.712703
123.397977
129.286016
128.538239
122.713794
122.911338
128.122317
125.979289
126.805851
125.451208
127.860359
127.366382
127.267459
127.307394
127.626231
244.564697
122.881414
124.396505
123.985710
124.951815
129.984098
128.649963
125.176518
124.041866
122.509034
123.801459
132.202625
129.944636
130.401621
968.896813
126.721001
124.489423
130.879670
129.021215
129.304132
127.248038
142.604971
138.318067
121.542181
120.824761
122.122591
123.742568
125.633339
125.558802
132.429146
130.083823
124.365032
123.696325
135.129117
133.256346
129.654179
127.427119
129.947794
127.743020
126.644890
125.768786
131.914868
130.047823
124.778563
124.368935
128.257156
126.525265
127.093035
126.352934
128.808080
133.091333
128.457421
125.914435
141.190556
136.110540
129.668365
128.357571
135.579036
132.884966
127.282549
125.952005
125.619461
124.415980
128.898075
127.010640
133.988974
131.487852
124.713303
125.026458
122.828605
121.984137
122.802367
122.163470
126.322794
125.605123
135.685132
132.065495
128.835740
127.160889
123.108569
123.858300
125.408818
123.977652
128.457496
125.405333
127.382766
126.385746
138.801732
133.658847
127.976034
126.646564
127.275888
127.880940
124.402771
125.382772
131.464471
129.778277
131.973589
128.497007
123.262949
123.314038
126.144412
124.347544
135.001229
131.556648
132.456440
130.503198
132.438990
128.576763
125.506756
124.337671
124.784243
125.325490
139.112927
134.686534
129.741019
128.650948
129.545191
127.747668
125.804023
126.727963
139.098758
137.111151
137.784025
137.336767
125.044939
123.506672
129.152169
129.154375
123.367265
124.179462
128.806114
126.686070
131.186473
128.741653
135.451047
130.674629
136.122319
134.757442
126.938071
125.185810
134.520119
132.481345
122.680357
389.176882
126.512919
126.390207
125.167238
124.437638
140.323036
135.401662
139.498455
965.598887
125.205075
124.393512
124.825798
123.907311
131.012730
129.626872
141.233056
136.529951
127.516890
127.375887
126.682738
126.322166
128.191362
125.390306
135.973977
131.308354
127.573346
127.248724
123.821535
124.889721
127.947216
125.725317
132.621026
130.459121
126.811664
126.000860
121.123153
121.347577
128.540590
126.857105
127.448531
126.669900
128.227774
127.163042
129.850875
127.359177
124.329405
123.753440
127.269837
126.276289
131.276347
129.359829
123.761196
123.137723
126.068307
124.287120
126.711981
125.703737
130.955313
127.911217
124.589237
124.790972
129.097960
126.688773
133.062790
130.133814
132.855265
129.532628
128.639684
126.547640
138.146936
134.795367
126.691959
125.258130
129.531591
127.237480
132.183844
130.404273
128.046689
126.349313
136.696682
133.313761
125.670142
123.988356
125.963499
125.758877
136.814157
134.084923
137.639104
133.384520
132.651058
130.593431
128.307969
127.860842
129.002264
128.690765
127.033450
124.810833
124.375798
124.776056
130.504716
128.252583
127.453683
126.300595
127.028124
126.825352
123.660294
121.773788
133.253170
129.345266
136.232552
132.748099
144.149589
137.923736
133.872958
134.975591
125.638475
124.233245
129.483265
127.001022
137.229478
134.297022
126.582975
127.616897
128.882809
127.622473
123.673073
122.811761
129.761228
129.069720
123.284466
121.344391
127.384305
131.591844
121.881551
124.527154
127.870100
125.788393
127.916032
126.658342
132.911087
130.322135
124.305820
124.384787
142.027856
136.531445
133.927223
131.137906
136.949382
134.588624
134.366610
132.012730
125.326459
124.521275
125.031307
124.510666
127.670955
124.492577
125.149507
124.274625
120.828933
122.535849
132.819404
130.557517
125.896963
125.722212
127.070936
125.826848
131.908088
130.017318
134.919762
131.960394
129.161164
127.432761
132.164657
129.700255
125.084020
126.191534
131.289877
131.329419
123.164672
123.623581
134.889375
132.154958
126.518728
126.407223
132.578150
129.260947
127.356898
476.686984
130.510397
127.762756
125.573114
125.617290
125.633624
126.416754
125.948430
124.452522
137.183158
133.416069
126.565317
126.160890
133.675783
131.369238
131.208241
130.546143
125.429212
124.896209
127.435990
124.156833
125.325858
124.924727
129.096342
128.760686
122.331870
123.799556
131.464556
129.738312
131.445353
130.207939
126.328987
124.367993
131.611339
128.456327
133.548626
129.711648
124.565013
125.113587
125.485511
125.618518
126.950694
125.202022
127.240631
125.196243
127.272578
126.049569
125.966873
125.055273
127.504882
126.249772
125.276349
125.029949
123.092720
123.878661
127.094738
126.439453
127.006597
125.467316
130.599453
128.739672
137.740297
134.172704
123.409248
123.843452
125.669442
125.143702
128.598576
127.026376
129.471982
129.371405
129.801161
128.490904
