0.95926774609375
2.481959890625
3.4720625625
4.302357203125
4.95752457421875
5.472953890625
5.92059809375
6.35211177734375
6.73885751171875
7.077894765625
7.38779446875
7.6665731015625
7.891201265625
8.11713232421875
8.3479098203125
8.5798797265625
8.797097640625
8.989360671875
9.1603819296875
9.3246459375
9.48895565234375
9.6405583828125
9.78345878125
9.9116292421875
10.0463427265625
10.1775622109375
10.3168084375
10.464657515625
10.62167123046875
10.77705253515625
10.92092098828125
11.05471701953125
11.1726077109375
11.28978378515625
11.39642951953125
11.5059135234375
11.62218456640625
11.73171445703125
11.8382092734375
11.944174890625
12.04191773828125
12.13367889453125
12.221729140625
12.31188665234375
12.3979874921875
12.4715133984375
12.544110832031249
12.624520015625
12.703501859375
12.7803794375
12.8657754609375
12.95182993359375
13.0235182109375
13.09197376171875
13.1545322734375
13.21996027734375
13.28601635546875
13.35129990625
13.408351984375
13.45863442578125
13.50555883203125
13.55673069140625
13.60783203515625
13.6512363359375
13.69556807421875
13.743469359375
13.782691046875
13.8230143828125
13.86086321484375
13.902475765625
13.9412145546875
13.97786430859375
14.01330062890625
14.0481661875
14.083306078125
14.1217873671875
14.16840940234375
14.21228738671875
14.2531516328125
14.29164076171875
14.33367777734375
14.3677780546875
14.4012094765625
14.43604515625
14.4735498046875
14.5129430703125
14.5531066953125
14.59694481640625
14.64127860546875
14.68642573046875
14.72847111328125
14.7665422734375
14.8048389765625
14.843919218749999
14.88167784765625
14.919407171875
14.95593732421875
14.99575387109375
15.03308705078125
15.07489813671875
15.11707258203125
15.15704797265625
15.19834615234375
15.24061446875
15.28339723046875
15.32867036328125
15.37105796875
15.41050583203125
15.4493808203125
15.48823237109375
15.5259131171875
15.562169687499999
15.59893633203125
15.6361711640625
15.6712450546875
15.706969828125
15.74030578515625
15.7754205546875
15.81216780859375
15.848446140625
15.88803726171875
15.925835171875
15.96041007421875
15.9968038359375
16.03317078515625
16.06608390625
16.096695234375
16.12538691796875
16.152752640625
16.17696408984375
16.20175169921875
16.22264584375
16.24233656640625
16.26282975390625
16.28244219140625
16.29954380078125
16.3156341953125
16.332197890625
16.3460384375
16.3596578828125
16.37427871875
16.39213735546875
16.40861208203125
16.41919544140625
16.42919
16.439104640625
16.44953387890625
16.45968340625
16.4706643984375
16.47935134375
16.487791734375
16.497521480468748
16.5065912265625
16.5154788359375
16.5225663515625
16.52770331640625
16.53319794921875
16.537876203125
16.54584500390625
16.5535556328125
16.558451125
16.56349007421875
16.56914609375
16.5771899609375
16.58687698046875
16.59752779296875
16.6070181953125
16.61724828515625
16.62851768359375
16.63992237109375
16.64915727734375
16.6572443125
16.66597366796875
16.6762147578125
16.6869937890625
16.69706895703125
16.70817233984375
16.71921096484375
16.73087651171875
16.742450421875
16.75344290625
16.76370303125
16.77539721484375
16.78610812890625
16.79699118359375
16.809808859375
16.82397887890625
16.83752960546875
16.85197587890625
16.86658541015625
16.8812165234375
16.89505320703125
16.90780954296875
16.91965532421875
16.9296597265625
16.93988671875
16.94978560546875
16.95939887890625
16.968625078125
16.978931140625
16.99027350390625
17.0011810546875
17.01328591796875
17.02540997265625
17.03694569140625
17.04700912890625
17.0577926171875
17.0703838515625
17.08390452734375
17.09608023046875
17.10953108203125
17.12129481640625
17.1332255625
17.14560335546875
17.15810918359375
17.1710648515625
17.18432083984375
17.19804178515625
17.21213255859375
17.22731473828125
17.24281884765625
17.258363546875
17.2723003203125
17.286895265625
17.30127441015625
17.31573371875
17.32988299609375
17.34496326953125
17.35734840234375
17.3705621328125
17.382690203125
17.3942638515625
17.404251875
17.4149931015625
17.42434684765625
17.432305296875
17.43951210546875
17.4484533125
17.45879037109375
17.469901546875
17.4810205625
17.49233934375
17.50246862890625
17.5123840859375
17.52223212890625
17.53158014453125
17.54008516796875
17.5476145859375
17.554804875
17.56296253125
17.569793046875
17.57484533203125
17.57900904296875
17.58234567578125
17.58665872265625
17.5932420078125
17.600734515625
17.60867562109375
17.61702479296875
17.625113328125
17.63380891796875
17.6422075078125
17.65049144140625
17.658155097656252
17.66501653515625
17.67144560546875
17.67891016015625
17.685285703125
17.69109729296875
17.69695608203125
17.7010345
17.70611474609375
17.7099791015625
17.71308465234375
17.71592546484375
17.71745168359375
17.71930754296875
17.72086048828125
17.72342551953125
17.72611496484375
17.728835109375
17.73206174609375
17.73663716796875
17.740825796875
17.74414721875
17.74752690234375
17.7522073203125
17.7578092578125
17.7626368046875
17.76668726171875
17.7696541328125
17.77197693359375
17.7726539921875
17.7733880234375
17.773803234375
17.77636784765625
17.77857275
17.7803941328125
17.78107497265625
17.7819009453125
17.78255561328125
17.78283738671875
17.784652640625
17.787326
17.791469468749998
17.79637162890625
17.80031776171875
17.80363801953125
17.8067729296875
17.81048174609375
17.81348313671875
17.81623009765625
17.81907176171875
17.82334794140625
17.8290621171875
17.8348712890625
17.839799765625
17.8448774453125
17.85041425
17.85527438671875
17.8603597734375
17.8662278359375
17.87244009765625
17.87709082421875
17.8830636484375
17.88958321484375
17.89686870703125
17.903523375
17.9095481953125
17.91537475390625
17.92048215234375
17.92467149609375
17.92842954296875
17.9335473515625
17.9383093203125
17.94277778125
17.94704096875
17.94999368359375
17.95329393359375
17.9561115390625
17.96044151171875
17.96472594140625
17.9689970625
17.97356519921875
17.97824242578125
17.982994953125
17.98832668359375
17.99253742578125
17.9965542734375
18.0010443671875
18.006037375000002
18.01158055078125
18.01629781640625
18.02061032421875
18.02523708984375
18.0294193125
18.03399590625
18.0372188203125
18.04004120703125
18.04253577734375
18.04522897265625
18.047139796875
18.04721835546875
18.04582709375
18.04240823828125
18.0363495078125
18.027718875
18.01671672265625
18.00237565625
17.98609125
17.96672955859375
17.94527225
17.922069140625
17.897828421875
17.87221501953125
17.846057671875002
17.81890002734375
17.79143423046875
17.763832765625
17.73575344140625
17.707297078125
17.6783548203125
17.64894519921875
17.61840264453125
17.58872394921875
17.5590465703125
17.52919009765625
17.49983480078125
17.47043746875
17.44127680078125
17.41209645703125
17.383178265625
17.35414112109375
17.32446283203125
17.29558308984375
17.26714466015625
17.23894558984375
17.21105741015625
17.183223125
17.15406095703125
17.1252308671875
17.09623684375
17.06787098828125
17.0398993046875
17.01187438671875
16.98418506640625
16.95747108203125
16.93096890625
16.9042976484375
16.8780706484375
16.85151250390625
16.82523105859375
16.79830481640625
16.7723713984375
16.74571175390625
16.72011571484375
16.6942387578125
16.66899784375
16.643588640625
16.618533453125
16.59348176953125
16.56868454296875
16.543353578125
16.51881596875
16.4939140703125
16.4697061640625
16.44548342578125
16.4214144296875
16.397044890625
16.37252421484375
16.3482488359375
16.32455632421875
16.30120630078125
16.27816784375
16.25525034375
16.2321479296875
16.20818398828125
16.185087390625
16.16212168359375
16.139652703125
16.117102921875
16.09411709375
16.07231428125
16.05045328125
16.02866681640625
16.00729258984375
15.9852762421875
15.9638238515625
15.942356578125
15.92100748046875
15.90002653125
15.8785411875
15.85664390234375
15.8354381953125
15.81426259765625
15.79382742578125
15.77296478125
15.75207191015625
15.7318838515625
15.71121711328125
15.6913263515625
15.671079921875
15.65109216015625
15.63110004296875
15.6114776875
15.59205023828125
15.5722382578125
15.5534483046875
15.5348905390625
15.5168935703125
15.498970421875
15.48102939453125
15.46302396484375
15.44488184375
15.427116578125
15.4093856171875
15.3911905546875
15.37331403515625
15.35574080078125
15.3383930859375
15.32045567578125
15.30263466015625
15.28530326171875
15.26768196484375
15.2500961015625
15.23226033203125
15.2150556484375
15.1972269140625
15.180063203125
15.16230505078125
15.1445820390625
15.1274540390625
15.110993578125
15.0942063203125
15.07779529296875
15.06112382421875
15.0450571953125
15.0287547265625
15.012442671875
14.9970162265625
14.98108517578125
14.964791296875
14.94855942578125
14.93279364453125
14.9170583125
14.901685375
14.886319875
14.87086237109375
14.855552921875
14.840866234375
14.825590359375
14.81132263671875
14.797416453125
14.7831019140625
14.76861984375
14.754320046875
14.739735296875
14.7247125390625
14.70997412890625
14.69542476171875
14.68065871484375
14.666580828125
14.652090515625
14.6378589375
14.623508484375
14.6095670859375
14.59571650390625
14.581795546875
14.56809394921875
14.55463438671875
14.54110187109375
14.527657921875
14.5140856171875
14.50070726171875
14.48679158984375
14.473308921875
14.4601405390625
14.446835921875
14.43409380078125
14.42145959375
14.4088625546875
14.39587158984375
14.38295159375
14.36953162109375
14.35673426171875
14.34419010546875
14.33175646875
14.318594296875
14.306548046875
14.29462132421875
14.282129
14.27038266796875
14.25824887109375
14.24600009765625
14.23395995703125
14.2221700234375
14.21001076953125
14.197780390625
14.1854951328125
14.173808046875
14.16160608203125
14.15020916015625
14.13856002734375
14.127336265625
14.116456078125
14.1051219609375
14.0941731015625
14.08331405078125
14.07348137109375
14.063531109375
14.053643265625
14.04384680859375
14.0335810625
14.02344626171875
14.01349442578125
14.0037491328125
