123.715568
124.481294
102.231073
93.657448
147.239462
129.064441
125.759532
110.782005
155.199851
133.648480
163.939374
139.895549
146.379461
142.886157
98.934642
108.046298
120.610544
106.829718
116.153692
114.931855
120.430543
112.645674
186.107837
157.012468
97.450537
91.530306
128.810687
113.887846
163.319974
140.271860
118.272844
120.605689
147.637912
127.804172
142.003265
134.888256
115.274915
107.091114
115.680092
104.071606
203.951249
173.055744
182.499942
160.695442
100.187485
120.909707
141.241109
122.965961
114.441669
108.767671
129.482796
114.705557
136.400782
119.014923
136.381475
124.659878
218.260954
181.226702
131.723833
116.166017
104.972167
97.720576
110.574378
99.623275
177.154860
154.032224
101.727845
97.831957
113.980598
103.348344
108.841625
99.267125
117.783868
106.060200
124.123760
115.130711
140.584277
122.718181
173.932748
155.675548
100.233804
95.400003
125.457364
113.015603
209.485851
175.181140
121.282079
111.534319
161.322888
137.631546
256.708937
217.396234
101.859454
96.221056
107.224791
98.538391
130.733631
115.518863
140.479959
378.767193
124.784240
112.991685
180.366236
151.314204
181.666494
155.802963
182.678625
161.101173
154.480610
132.645334
128.257189
114.614247
119.595822
210.772969
105.278172
96.751499
196.027792
163.430140
124.016827
112.243393
132.331492
120.017744
112.982446
107.149777
169.879923
157.605897
163.970448
142.148711
125.238961
111.670578
179.761078
153.016878
98.401604
91.191712
144.631865
126.026197
244.860546
200.983738
108.005457
99.005541
134.126011
124.116454
150.489916
129.834231
128.648066
124.982898
155.612096
144.240699
120.880438
110.875995
134.674427
118.947276
119.527962
108.968560
180.234626
152.384584
83.210422
79.688124
144.384242
125.773311
117.698975
104.940939
203.727135
168.897445
109.159732
103.742228
196.932569
255.325679
132.204913
120.832005
145.301013
128.459112
152.865006
139.991381
142.779621
130.625167
208.784697
175.884977
131.654108
115.959174
153.624003
141.200265
164.225312
140.730819
141.595160
124.640748
86.289662
84.223462
153.154499
132.633328
172.046627
147.974193
121.340904
111.933385
118.177895
108.135600
124.858721
123.288052
149.677516
131.846535
131.998204
115.790732
156.703434
141.559416
250.504797
227.045723
253.640038
208.266665
120.406606
106.580502
122.669846
111.438520
120.805168
118.015486
271.813518
230.826020
118.775417
108.996251
143.409801
128.215450
130.679325
120.562564
100.185832
95.093682
148.258307
128.429306
166.554982
144.973514
197.511052
166.031200
164.936047
140.272574
100.678306
94.244758
154.624341
139.980933
113.408969
101.191926
159.412689
137.769682
138.511883
132.563292
122.188374
107.979490
160.656243
139.595035
165.529675
141.383400
133.182226
118.861032
156.583272
135.816335
123.485017
111.668756
158.564146
137.042303
184.237805
154.011512
129.932129
114.868489
177.708771
151.038376
132.268399
114.937945
190.803144
167.490609
137.514607
121.476966
132.722721
117.772288
141.295756
125.439210
110.716735
100.835507
128.290046
114.213991
120.381049
107.951396
148.057318
127.891886
162.672115
139.350523
123.529931
112.235089
120.759639
110.794694
162.049388
233.724047
125.369812
436.420557
167.362102
143.172109
136.110642
118.834617
94.908096
88.281264
98.466547
96.314186
323.382216
264.055365
127.284447
115.250840
180.089604
152.944193
197.472204
166.124681
246.096611
203.148884
118.675837
108.660719
108.127675
98.437923
152.366022
130.161615
85.863151
82.575733
93.218396
87.947364
119.058172
126.161084
117.403618
104.316592
139.707467
121.846598
124.512349
110.550039
210.094863
175.472813
159.384313
140.541664
151.691244
128.915856
133.618792
120.873647
124.961674
113.399385
125.799361
110.648891
139.817378
130.763425
136.071620
132.323329
113.816059
102.734695
304.784692
248.643676
92.670635
86.970022
133.749802
117.407500
232.408760
206.355822
109.695808
101.305127
211.629430
177.207299
175.194236
150.273385
243.275983
208.647463
126.830211
118.850510
112.062949
101.599152
137.194949
122.224530
199.062751
168.273058
204.374164
168.810961
163.792968
158.256232
151.223368
136.956157
101.042544
94.123134
131.345838
117.687170
238.687571
201.434260
119.482773
110.326597
169.275595
147.162450
144.701877
127.251191
134.432830
118.216889
170.265199
145.549037
151.696323
132.456999
151.330540
131.089393
207.188536
178.330240
114.654178
101.685813
97.073328
90.565888
116.113035
105.899418
119.711152
106.969809
198.162828
179.963540
161.144403
142.599363
144.339321
125.920283
143.150243
124.407853
156.801938
135.808469
189.270220
161.429960
160.221860
137.616094
174.900111
151.681205
113.416219
103.336921
128.337376
116.732693
111.009508
104.218559
116.545475
103.721550
174.979208
148.638691
154.224848
145.887792
154.445628
133.926010
109.185087
102.582758
114.606541
105.297197
147.770672
130.989409
143.493817
126.917279
130.654389
118.771958
181.919221
158.814230
116.181619
107.103099
125.690010
691.173807
272.291233
222.156594
100.718194
94.836956
165.984392
145.251770
113.115452
102.887960
99.191946
92.392793
159.304595
138.653953
141.198820
140.854893
186.631483
162.166078
94.882751
90.193906
157.760126
135.644346
139.280241
122.446241
122.714364
109.680570
118.700271
106.365158
108.884491
101.231228
129.623076
122.050724
136.278556
135.253338
156.317134
139.661003
148.255896
134.536457
165.902360
142.138202
103.710827
105.794063
139.440838
120.970509
141.970992
125.791403
109.946088
114.336917
142.060812
124.836574
110.632443
102.016845
102.084157
94.801613
201.412643
175.064814
191.520187
160.390490
169.668492
149.285437
108.907864
100.067541
147.115419
129.594211
