44.754084
38.018361
53.584762
43.922059
49.185027
40.909145
29.110109
25.432101
42.221093
35.776938
43.820750
37.178822
35.245976
30.201762
36.711703
31.666168
46.608898
38.774167
51.234991
42.730832
37.787175
32.445370
44.361453
37.150462
57.428487
46.970673
45.040522
37.446708
41.375202
35.150348
43.042611
36.228715
41.803907
35.596979
41.433909
34.994544
33.851061
29.286073
37.974199
32.515419
44.384714
37.446421
39.211580
33.643147
57.265227
49.208257
45.351662
37.834636
50.170314
41.630203
37.966285
32.694313
28.949320
25.460694
41.172859
34.890940
34.273299
29.725479
32.670744
28.195419
52.294362
42.970419
38.292000
32.861404
40.351569
34.328740
36.573025
31.525574
45.020487
37.478418
28.870147
25.595527
35.817781
31.059549
48.190937
40.163562
48.031211
40.120018
37.693176
32.017190
40.580136
34.093861
48.678736
40.369653
71.516747
57.829559
38.974213
33.262133
47.169141
40.137971
45.655341
37.935860
44.409432
37.173228
41.188787
35.040959
40.228025
34.681930
36.736966
31.407770
31.709641
27.614545
41.215045
34.737172
39.651511
33.640845
70.210997
56.438655
39.983236
33.885000
29.348860
25.978444
68.080205
54.822089
48.772442
40.808837
38.493727
32.777750
62.946285
51.483557
42.289834
35.998926
32.682024
28.120297
43.355930
36.268633
47.693166
39.957415
45.492029
38.169129
40.549793
34.277578
30.516502
26.803215
46.544883
39.060615
35.421237
30.168894
45.530070
38.054912
37.017316
31.941049
40.554194
105.135911
91.953186
72.884815
33.629301
29.132086
35.569796
30.504384
39.215238
33.191111
56.945213
46.556532
50.031100
41.811328
41.115730
34.422675
38.425095
33.455951
45.944697
38.328201
64.040601
52.082428
44.530149
165.481068
52.428521
43.221297
41.059501
34.963354
47.295307
40.485773
35.284525
30.484269
39.312233
34.045733
43.250702
36.472379
33.517726
30.166396
42.086337
35.552378
62.487916
50.920558
56.820382
46.205846
44.917019
37.598186
33.443171
29.222450
37.307675
32.492164
42.389457
35.721926
43.652073
36.527561
43.896850
36.800363
56.213798
46.669183
50.109801
41.571477
36.077243
30.937199
53.163809
43.575399
42.100169
35.843912
29.421657
25.990918
65.070484
57.706303
44.523711
37.717268
72.025815
58.208200
41.493529
35.648043
45.621286
38.279893
38.907269
33.345771
48.576308
40.624554
47.576505
39.592220
44.805372
37.500599
47.078328
39.262771
29.712602
26.139869
49.465537
99.039672
45.410308
38.120442
43.327078
36.581136
45.897354
38.648917
42.751887
36.067351
41.014485
34.325557
49.246705
40.972737
39.907313
33.954674
46.140137
38.437492
50.344748
41.891288
39.104281
33.767537
34.997783
30.084373
42.321347
35.957904
55.589613
45.865493
36.688831
31.710911
40.865993
35.040072
42.598977
35.714435
51.796530
42.912956
61.652131
49.903610
31.747604
27.959321
36.795763
31.575437
34.614022
29.854861
41.590505
35.029685
42.017350
37.460725
41.974542
35.586803
31.967486
28.163914
52.792624
43.920051
69.153096
55.725148
50.277686
41.526797
38.299742
32.435812
37.122219
32.440049
31.847303
27.606366
33.866060
29.116953
51.824060
42.593447
35.582222
30.654548
32.825330
28.653687
35.161496
30.142660
37.138622
31.826038
60.317032
49.353551
65.129405
53.344188
32.145679
28.086095
48.409110
40.331858
37.593152
32.109714
51.533228
42.394783
42.344625
36.604145
34.036292
29.657256
34.261462
29.713647
49.188610
40.813605
58.182018
47.308906
37.813510
32.627708
46.931680
39.519239
41.706947
34.984446
44.550207
37.575674
37.959179
32.226215
66.423073
53.919741
44.780709
37.668538
47.331121
39.430736
40.084264
34.456400
48.958826
40.746228
51.681210
43.541684
35.038191
30.029138
47.453306
39.558643
25.170775
22.841281
52.068521
43.361276
34.850850
30.439157
48.681602
40.241543
68.328343
55.305265
33.944491
29.052176
53.558036
44.139494
51.436998
42.855993
39.007248
33.156138
45.602855
38.281714
31.605188
27.824733
44.489811
37.081438
41.492086
35.049678
42.809583
36.753346
45.674498
38.137516
36.877272
31.627453
39.440526
33.455109
45.168374
39.593363
55.692216
46.664197
52.612874
43.358693
33.412614
28.735129
62.451758
50.790779
66.806328
53.955667
32.779408
183.791382
60.952531
49.553471
33.964257
29.533910
42.434647
35.538040
46.752017
39.034199
41.457092
35.270394
44.364344
37.781768
36.762969
31.303367
45.736969
38.139963
36.497236
31.602034
43.202091
36.427228
34.099227
29.483439
40.811177
35.507374
46.170923
38.343332
46.461494
38.760826
38.515933
33.108048
46.888335
39.246369
40.154900
34.177577
40.641826
34.537968
42.014545
35.167614
39.975996
34.503304
82.898308
66.622318
44.583313
37.405822
44.879230
37.488337
36.862497
31.410602
42.766329
37.014930
49.582262
41.286475
40.142413
34.123480
37.822259
32.606114
27.800344
24.948102
43.026658
36.245170
54.219890
44.748048
34.843075
30.306698
56.564208
46.253802
40.265073
33.933455
34.311026
29.725289
33.249248
30.089403
34.157571
29.873161
44.945917
37.719454
54.686574
45.068893
33.647834
29.031249
48.251700
40.419339
50.477366
42.015017
94.913297
75.400465
30.775918
26.636803
72.921105
58.684323
34.410269
29.827265
39.685365
33.400655
38.592416
32.766709
44.394423
37.030210
46.335723
39.508487
50.959697
43.579284
35.341505
30.668212
41.101158
35.101390
51.556169
42.678525
