87.823624
70.696876
75.671503
59.244470
57.204338
47.268278
78.575050
62.897426
78.721107
64.608810
89.116028
70.956512
76.153569
60.883719
106.152775
84.945809
68.731120
57.274269
58.598715
49.072439
58.233598
50.149492
163.447074
132.907568
135.026672
110.033090
63.478717
51.138459
71.863094
58.104845
60.573529
48.630559
132.771365
104.598593
85.099767
68.982984
132.372477
104.085936
60.853853
48.890474
76.360575
60.178613
39.090555
33.417978
47.013350
39.434900
81.503108
66.657947
108.807572
85.417784
130.283805
103.929968
107.567450
83.869846
108.318737
86.398554
90.561233
73.345324
104.973116
81.801710
82.248525
65.944838
148.762070
113.862550
130.151064
104.679821
95.356738
73.956197
103.490263
81.514971
49.317183
40.909168
84.465182
66.085356
83.153212
65.307212
69.143036
56.854385
145.101398
113.250914
68.514220
56.910559
65.311967
52.492815
132.596463
104.317112
85.529026
70.154994
77.845336
61.285320
69.000349
56.122011
103.494268
81.077013
92.635753
73.880265
112.249106
90.375575
68.738105
56.246424
79.278872
63.358345
72.786508
58.392368
90.370103
73.947476
85.939590
69.208689
76.890549
62.660838
133.371947
103.000786
77.015064
61.812733
99.129891
78.529544
73.196814
58.966682
76.690768
62.006976
86.187445
69.062208
154.018691
118.827194
73.978205
59.332926
90.275966
71.409342
81.210495
65.125486
108.100147
85.559880
109.362733
89.326660
74.499935
59.863450
66.052184
53.006400
69.692005
55.940080
67.551128
52.203307
93.792096
74.165825
71.027598
57.652456
117.416396
91.722448
113.635343
90.605904
91.007642
72.643492
120.531817
95.415340
112.080808
88.791883
89.532205
72.269535
119.083873
97.295738
91.047193
73.125562
66.349056
54.409155
90.199509
72.310344
127.235615
100.757186
76.633702
60.819650
158.127211
141.885163
135.259519
107.653722
93.838268
74.329771
120.563997
95.724066
48.311447
40.880575
211.315311
164.475851
75.557321
61.201986
124.857843
99.655225
111.782970
89.152795
78.904623
61.944174
170.289265
131.740831
79.173433
63.304619
123.872664
96.422599
55.432064
46.253867
108.466290
84.592379
71.850135
58.153883
132.897504
105.541752
132.496383
104.877201
102.813689
81.494848
89.545676
70.681020
93.718242
74.246652
106.899005
83.840893
206.064154
163.240510
56.642166
45.654732
88.076309
74.465305
146.159382
113.853290
133.767816
107.203038
157.888697
125.630112
102.642544
81.797736
78.526807
64.893243
84.106775
65.923875
170.723182
133.543902
122.678104
96.295108
157.822737
122.802319
87.374569
73.907182
219.740846
170.136318
121.076690
93.514942
87.910304
70.221197
127.187652
100.106709
170.426114
132.253895
84.676936
67.565173
68.068210
56.996694
56.582607
45.797275
75.875369
60.911413
100.869227
80.661140
116.674728
93.190515
186.307465
143.589975
75.001945
59.753128
74.738672
62.605540
99.986200
80.368917
128.899808
102.431377
69.053688
54.554259
75.123394
59.035124
70.840827
56.304641
74.134012
58.969560
155.894847
121.448371
85.478217
67.525089
77.160234
61.514786
75.848052
60.520311
67.612657
56.293167
128.498636
101.057628
121.735170
96.904590
95.092856
75.507795
116.818543
92.366533
90.020403
75.497245
80.909632
63.715954
92.465601
73.261550
162.967590
134.375101
263.260909
202.692208
136.165517
107.964663
66.065513
53.992062
63.274102
50.804102
94.382312
76.374419
110.629841
86.323626
101.443413
80.960105
179.034264
138.162313
94.654921
76.883820
71.195693
57.246702
62.773649
49.997365
85.926500
66.948443
87.048147
69.622373
96.304265
80.335314
92.019138
76.055940
121.853127
97.624913
131.979552
103.004078
74.378335
60.498420
102.457035
80.018988
81.537872
63.983178
83.861136
67.242413
107.814824
84.991594
75.489619
61.573030
66.070485
54.639689
93.489242
75.631734
159.045338
123.475164
61.555571
50.393933
75.623113
60.598151
99.066884
78.819623
96.261439
77.793784
112.182158
90.725113
73.831638
59.683677
163.655980
125.786329
54.787095
44.565470
84.146477
67.312160
119.420729
95.545916
84.865971
69.428644
71.629634
57.188801
65.860837
54.280341
77.121015
61.696348
84.862507
67.689656
119.707999
92.968015
71.224447
59.294126
71.930028
58.026855
167.675401
131.809793
81.903468
66.228536
63.952270
51.910461
92.659193
73.135240
143.244349
112.367423
100.140929
77.665870
119.752152
94.315125
117.759417
92.055652
75.639522
60.073133
106.539265
83.999515
93.245686
75.746364
70.815623
55.549903
79.326195
63.141784
125.700038
99.630866
143.580663
112.296915
93.014450
73.958560
82.551129
66.065210
112.153747
86.941498
92.913269
76.942667
142.139577
113.195528
83.761984
67.670883
102.136989
81.923921
103.851462
81.026863
96.934350
76.869085
62.251930
51.100725
77.526098
62.700353
90.347729
70.502272
92.765332
74.228345
106.176203
84.884005
92.705368
76.397854
72.602502
58.881490
57.391435
48.009450
84.265034
66.598494
92.237331
74.487599
91.456345
72.769118
71.730646
59.546782
132.844873
104.257038
118.416456
92.547679
277.495376
214.113267
67.261837
54.608052
99.468934
81.306156
65.070658
53.139855
178.801597
136.544049
57.009367
46.536207
54.746624
45.019726
149.932022
117.833489
123.458910
97.135130
77.531985
63.036087
80.935502
63.918603
67.407917
58.154736
148.114114
114.333076
136.688127
108.417645
135.121513
105.354673
66.067303
53.951562
183.549140
145.257632
121.972547
97.403543
112.702292
88.661799
87.757597
69.104325
110.904977
88.563623
