332.17478866796876
355.6683386875
338.1491587890625
338.7675485625
343.72563693359376
349.76229151953123
355.69018980859374
362.29479940234376
369.47494476171875
374.81974558984376
379.415806390625
385.2992601015625
389.61160900390627
392.9456383046875
396.92921194140627
401.1072235664063
404.4280823007812
408.0686498046875
410.84659463671875
413.53445969921876
416.4718628515625
419.08027130468747
422.12131245703125
424.55933336328127
427.4125639609375
430.3377190625
433.233514796875
435.7345311328125
438.32013159765626
440.66344915234373
443.1270509765625
445.44811723046877
447.4035469882813
449.312997109375
451.442158890625
453.50577739453126
455.13184209375
456.91111241406253
458.56957676953124
460.1969852578125
461.7697607890625
463.19869549609376
464.73640740234373
466.2066004101562
467.452800546875
468.765186640625
469.91768452734374
470.9842730820312
471.96755028125
472.995626359375
473.98857108984373
475.039311734375
476.126106828125
477.095584421875
477.92326230859373
478.7765745703125
479.66481909375
480.6122400546875
481.6245405078125
482.5315290703125
483.260007296875
484.0329545625
484.7662061367188
485.26344566796877
485.93997792578125
486.63763926953123
487.293098578125
488.0329533984375
488.628348078125
489.26528017578124
489.7718358164062
490.4130116640625
491.08091411328127
491.81233521484376
492.4331707265625
492.9754981289062
493.62974694140627
494.34223682421873
494.8870700078125
495.48928289453124
496.13324276953125
496.68752135546873
497.2459140820312
497.79991613671876
498.184564078125
498.6378722890625
499.217304859375
499.71114837109377
500.34524034375
500.82901723828127
501.39998976171876
501.87054371484373
502.4697151367187
502.87955189453123
503.4405902109375
503.84342421484376
504.2961161171875
504.853545203125
505.2687110703125
505.6465284765625
506.11428271484374
506.5918727773437
507.136541453125
507.6847225976563
508.18529124609375
508.705169640625
509.23756206640627
509.61620717187503
510.01714290625
510.3977668789062
510.88895303125
511.3338185234375
511.7691492578125
512.1038969570312
512.4877844570312
512.8740825
513.229489375
513.54149896875
513.934585578125
514.3285499570312
514.6383075859375
514.8902603515625
515.179025171875
515.6519402109375
515.9110586757812
516.1119275195313
516.2996163789062
516.530623765625
516.7871567734375
517.0242874609374
517.2065758242187
517.338784671875
517.5052003398438
517.6503199648438
517.8187430117188
517.9351451132812
518.0159444140625
518.111065375
518.1896640117187
518.3230495976562
518.4634944296874
518.5380633398438
518.6540793632812
518.735963375
518.8182084257812
518.9860064414063
519.0864911679688
519.1435340703125
519.2075298359375
519.24928809375
519.3076497890625
519.3853968515625
519.4740144179688
519.5227369609376
519.5422991015625
519.5683009804687
519.6462555078125
519.6295942695313
519.6591672734374
519.690069046875
519.6957673945312
519.733700734375
519.7902552617187
519.8498538398437
519.9960727929688
520.13806721875
520.3299115039063
520.5067745703125
520.7202332148438
520.8992986171875
521.0833104179687
521.3452006132812
521.5361813007812
521.7041331484374
521.8490773046875
522.0043625664063
522.24573915625
522.4332326171875
522.6442873320312
522.811076765625
523.0673008867187
523.2384614804688
523.4780183984375
523.6799888359375
523.8858568398438
524.1514955625
524.327052046875
524.4900972851563
524.732513609375
524.9742777773438
525.127697546875
525.377658625
525.6047068789062
525.8013350390625
525.9699027382812
526.136209796875
526.311217390625
526.4958148828125
526.6787130195313
526.9101028359376
527.08245296875
527.245830953125
527.4364320429687
527.594851109375
527.7447254296875
527.9005075
528.0502046796875
528.2122562734374
528.4203235234374
528.54952696875
528.7676345820313
528.9485862773438
529.1346254218751
529.2939993671876
529.497065359375
529.6455810273437
529.8366637460938
529.987768265625
530.1510031523437
530.30846528125
530.511096125
530.7215113476562
530.9297260195312
531.132792734375
531.3119467265625
531.5217825390625
531.7351846953125
531.9191553515625
532.0830948007813
532.2927468007813
532.4865534609374
532.6768646875
532.8305639726563
532.989103953125
533.1071597148438
533.1976777109375
533.316381984375
533.3849343945312
533.45922953125
533.58365590625
533.6818267851562
533.7971834023438
533.8971293164062
533.9720848203125
534.1060906875
534.1460635351563
534.1681035546875
534.211045515625
534.251261140625
534.3136745898438
534.3431348164063
534.397932109375
534.487608765625
534.5132103554688
534.565159578125
534.6046831953125
534.648519953125
534.7099910898437
534.8062593125
534.8706080625
534.9557402382812
535.0908223828125
535.208801390625
535.3466919804688
535.4558739140625
535.5641305
535.6687265625
535.7354113554687
535.8485424804687
535.9290875898438
535.958131984375
536.005335421875
536.0633600898437
536.1236937070313
536.209655359375
536.2726836953125
536.333592578125
536.41548746875
536.4728035820312
536.5464423945313
536.6216434492187
536.7069090039063
536.7852056992187
536.8608539335937
536.923500484375
536.998967484375
537.084849359375
537.1886977382812
537.30970921875
537.3863375429687
537.4870671835938
537.5415192851563
537.5579249570312
537.6070637148438
537.624713140625
537.6686105351563
537.6927418164063
537.7068082617187
537.6892390195312
537.6891401015625
537.7210696757812
537.727065078125
537.777851796875
537.8040929921875
537.8545601015625
537.8629088320313
537.8802874492187
537.88646490625
537.9132346015625
537.9556749453125
537.974890859375
538.0114467773437
538.036191640625
538.1194939414063
538.1939998007813
538.2632581015625
538.3127105117187
538.3715902226562
538.3715843320313
538.374305921875
538.3877181757813
538.4137578125
538.4595714960938
538.487671703125
538.5454662265626
538.6039368984375
538.6720244765625
538.694176296875
538.73250040625
538.7554726835938
538.7953708359375
538.8661168320313
538.8929946171875
538.9222594921875
538.96003925
539.0120716484375
539.0689441523438
539.1217064257812
539.14097621875
539.1638092890624
539.2382211953125
539.2848797148438
539.386919890625
539.4917718828125
539.5536286289063
539.6373210390625
539.7262535234375
539.787004125
539.8432403476562
539.89300775
539.9741003398437
540.0436551445313
540.0742954375
540.10715575
540.1295310234375
540.1509164882813
540.1921617890625
540.223395625
540.2774596328125
540.3288063125
540.4431850625
540.5617403398437
540.6666654804687
540.7051444492188
540.7147732539063
540.6658847460938
540.57079809375
540.4496409140625
540.2921793828125
540.12284225
539.9302162890625
539.75111678125
539.556933890625
539.3074133945313
539.0897937695313
538.8711775429688
538.6501684179688
538.4085148203125
538.1751664726562
537.914455859375
537.6741341875
537.4110565390625
537.1652431367188
536.9055401796875
536.6789012617188
536.4267851015625
536.1906645859375
535.9510560273437
535.7201610351563
535.4761459648438
535.2166339804687
534.9704955195313
534.7272621757812
534.4898733632813
534.255388703125
534.0026837304688
533.7819069140625
533.55344140625
533.329507640625
533.090556359375
532.8624477304687
532.6229408984375
532.3947874492187
532.188865
531.9807513867188
531.7516319101562
531.5474087109375
531.3246200703124
531.09755934375
530.8782399023437
530.6707361445312
530.4582925976563
530.2457006367188
530.0392461132813
529.8328882265625
529.6152687890625
529.4194202460938
529.2074453632813
528.9928010898437
528.7927842148438
528.5821946289062
528.3649002226563
528.1545032304688
527.95638784375
527.766865703125
527.5697145781251
527.3722812382813
527.1778004140625
526.9838182109374
526.794882375
526.6026426757812
526.4314228867188
526.234524046875
526.0374833515625
525.83244553125
525.6490898984375
525.468992671875
525.2885801679688
525.1133505976562
524.9516093515625
524.7785807734375
524.6105981796875
524.45013921875
524.2753185273438
524.09018271875
523.9402222421875
523.7675911289062
523.6014019375
523.436662625
523.2667143164063
523.0971082539063
522.9396347617187
522.7848180585937
522.6198307109375
522.4553347070313
522.2910852148437
522.1310282890626
521.97246221875
521.8176259882813
521.6487022265625
521.501515640625
521.3698711875
521.2165803476563
521.071329421875
520.9215763789063
520.7772449296875
520.6311696523437
520.5075835390625
520.36670375
520.2441019492187
520.1120344257813
519.9749652617188
519.8310553046875
519.6921566445312
519.555430171875
519.4214697734375
519.305311734375
519.1788942851563
519.0744476484375
518.940512890625
518.8140544101562
518.6949696640625
518.5745115664063
518.453663890625
518.3230298632812
518.2213061171875
518.0962613984375
517.9780505820313
517.8674803476563
517.7567455351563
517.6425512578126
517.5439485078125
517.45771415625
517.3354558359375
517.2197459296875
517.1234657460938
517.0194835703124
516.9186091054687
516.8087547539062
516.7180697734375
516.6233889960937
516.5306708203125
516.4357475195312
516.348015140625
516.2616477109375
516.1657437734375
516.0788288984375
515.997868546875
515.9195453320312
515.8506420429687
515.7568972734375
515.6772958710937
515.6042151953125
515.5170584414062
515.4453909609375
515.3764869375
515.3029069765626
515.2203360429687
515.1449331523437
515.0696099023437
514.9914763085937
514.9250532265625
514.86197640625
514.7917538085937
514.7179988515625
514.6542363789063
514.5818046171875
514.4994890390625
514.4241816679687
514.35041165625
514.294698140625
514.2096391328125
514.1448098554688
514.0886849335938
514.0325959765624
513.9716650507812
513.9158475
513.8447415585938
513.7886236679687
513.737382734375
513.6815228125
513.634760078125
513.5682346953125
513.4920751835938
513.43582221875
513.3905919023438
513.3359622539062
513.283174453125
513.2550430195313
513.196660546875
513.126320078125
513.0875861992188
513.044164671875
512.9827955351562
512.9303342773437
512.8851105742187
512.8357158359375
512.7857633085938
512.7280405585938
512.6680647460937
512.6185851367187
512.5822975546876
512.5433650429687
512.5169946132812
512.4701507421875
512.437843828125
512.3940645625
512.3639347265625
512.3345588515625
512.2950544296875
512.2497438085937
512.2191746796875
512.175231375
512.14753103125
512.1072801953125
512.0672655664063
