2.37533882421875
2.90440296484375
3.299062359375
3.62886128125
3.87532643359375
4.00560100390625
4.143262484375
4.26205433984375
4.34773028125
4.3978568828125
4.43208716796875
4.477788515625
4.535155921875
4.5565083359375
4.56888844140625
4.59586466015625
4.6293703515625
4.6800681328125
4.74174167578125
4.787080234375
4.8155130625
4.8397608203125
4.85657650390625
4.8749407890625
4.8957797578125
4.92062637890625
4.945863078125
4.96817369140625
4.981051609375
4.99314272265625
5.00491281640625
5.0054439453125
5.00098155078125
5.009595984375
5.018510015625
5.02706405859375
5.028448546875
5.04112462109375
5.04116296484375
5.04713734765625
5.0580713515625
5.0585636718750004
5.06149759375
5.0607275859375
5.06123088671875
5.06778973828125
5.0696407890625
5.062528921875
5.05756013671875
5.05500377734375
5.0522897109375
5.05324112890625
5.05821116015625
5.06038218359375
5.061571125
5.06598273046875
5.0689035625
5.0671638828125
5.06845276953125
5.0729688125
5.0728879140625
5.07170616015625
5.06954527734375
5.0665411796875
5.0666820703125
5.0665527265625
5.065717140625
5.0633906484375
5.06485322265625
5.06434471484375
5.0583662578125
5.05777937890625
5.05756222265625
5.06116140234375
5.06453527734375
5.06874182421875
5.07705719140625
5.08168416796875
5.08559434375
5.0864454609375
5.0882150703125
5.0933293125
5.09346625
5.091564828125
5.09080529296875
5.09085402734375
5.093331125
5.0962859921875
5.10184521484375
5.1006351171875
5.10032471875
5.100370828125
5.1014269296875
5.10432578125
5.10588298828125
5.10471
5.10577552734375
5.10585440625
5.10445102734375
5.09973521484375
5.0981785390625
5.09590288671875
5.0947964453125
5.09527744140625
5.09698996875
5.09927668359375
5.09809310546875
5.09678251953125
5.09794393359375
5.09911633984375
5.1004986328125
5.1030399140625
5.1024086875
5.1003170859375
5.09892398046875
5.10045238671875
5.102149203125
5.10228039453125
5.10250953125
5.10407586328125
5.10635499609375
5.1088066484375
5.10955140625
5.1109923046875
5.1131385703125
5.116411
5.11799242578125
5.1185342734375
5.11852392578125
5.12000326953125
5.12170423828125
5.12432496484375
5.1242046484375
5.12535909375
5.12646450390625
5.124603734375
5.12313822265625
5.12206119921875
5.1232394375
5.124380125
5.12388838671875
5.1238809765625
5.12330351953125
5.12476486328125
5.1245601953125
5.1248233945312505
5.12433640234375
5.1239608125
5.1247308671875
5.124921296875
5.125879859375
5.1264238593750004
5.125364703125
5.12481299609375
5.12437816015625
5.12305028125
5.12185962890625
5.1214217109375
5.12240694140625
5.12431841015625
5.1256471015625
5.127011890625
5.12837674609375
5.1293900546875
5.1306929375
5.13327032421875
5.13191278125
5.13158437890625
5.1323436328125
5.132244484375
5.13146941796875
5.13187966015625
5.13261380078125
5.13197376171875
5.130580859375
5.13222002734375
5.1322710625
5.1318809296875
5.1324886328125
5.13383295703125
5.13486128515625
5.1372494765625
5.1386699140625
5.13872858984375
5.14076575390625
5.14220048828125
5.143711203125
5.14289312890625
5.14327037890625
5.14341355859375
5.14299976171875
5.142625515625
5.14097565234375
5.13993008203125
5.1392956015625
5.13980162890625
5.1392008984375
5.13953628125
5.1398785039062505
5.13948528125
5.13931759765625
5.1395049609375
5.13929934765625
5.1398219375
5.13951759765625
5.1405509296875
5.1426279921875
5.1425801796875
5.14248851171875
5.14293205078125
5.14365515234375
5.14351250390625
5.1453475234375
5.14736508203125
5.14900544140625
5.1504238359375
5.15120571875
5.15239714453125
5.152475984375
5.15201373828125
5.15254508203125
5.15309051953125
5.15226458984375
5.1524591484375
5.15394184765625
5.15448470703125
5.15433428125
5.1546345390625
5.1535249609375
5.1518626484375
5.15204426953125
5.15121441796875
5.1512932890625
5.1511654375
5.15051885546875
5.15071896875
5.1514766640625
5.1514566796875
5.15266752734375
5.15445750390625
5.15538937109375
5.15599766796875
5.15651762109375
5.1574104921875
5.156353078125
5.1545625546875
5.15257922265625
5.1511080625
5.15088281640625
5.150823234375
5.151284046875
5.153004796875
5.15324571875
5.1524198515625
5.15087584375
5.15034528515625
5.15018528125
5.15028963671875
5.15020235546875
5.1501719140625
5.15015403515625
5.15076107421875
5.15147666796875
5.15120069140625
5.151711609375
5.15183040625
5.1532170859375
5.15453121875
5.15573030859375
5.15621578125
5.1575769414062504
5.1591513359375
5.1590489375
5.1585642421875
5.15906598828125
5.1613242421875
5.16268105078125
5.16368865234375
5.16348855078125
5.1635753984375
5.16384859765625
5.16394030859375
5.16263171484375
5.16330808984375
5.1641318007812504
5.1640679609375
5.16370519140625
5.16366051171875
5.16453411328125
5.16518646875
5.16518425
5.1653129375
5.1646651015625
5.16429732421875
5.1637492578125
5.16394248828125
5.16467346875
5.16507916796875
5.1660457734375
5.1668644375
5.16810000390625
5.16816553125
5.16846375
5.169263484375
5.16915798046875
5.1690486875
5.1693997109375
5.169227171875
5.1693859375
5.16977476171875
5.169977890625
5.170044625
5.17040254296875
5.17005501953125
5.16911542578125
5.1687470625
5.1687966328125
5.16834566796875
5.16800223828125
5.16697166015625
5.1671566953125
5.16677181640625
5.166287921875
5.1653730625
5.16522633984375
5.16502852734375
5.16412263671875
5.16303950390625
5.1622953203125
5.162461296875
5.1621496015625
5.16119762109375
5.16046554296875
5.1598814765625
5.1602360234375
5.1607701875
5.1608825859375
5.16052378125
5.1602677421875
5.16054765625
5.16134587109375
5.16272480859375
5.1635678359375
5.16439907421875
5.16392905859375
5.1640673984375
5.16479865234375
5.16370869140625
5.1630619296875
5.1624381875
5.16146451953125
5.16046109375
5.15879916015625
5.1581608828125
5.1581408828125
5.158078359375
5.15799434765625
5.15826178515625
5.15803524609375
5.15861738671875
5.15649326953125
5.1530293515625
5.14775825390625
5.14143475390625
5.13481608203125
5.12820228515625
5.12127913671875
5.11458987890625
5.10804825
5.10178691015625
5.09592903125
5.08998957421875
5.08357340234375
5.0773119140625
5.07091825
5.0646813046875
5.058220984375
5.052463125
5.04664691015625
5.040366
5.0343598671875
5.0281627421875
5.02215538671875
5.01628356640625
5.0101662890625
5.00433835546875
4.9985753984375
4.9926794296875
4.98666314453125
4.98069852734375
4.97495846875
4.9689400625
4.96335553515625
4.95765828515625
4.95244435546875
4.94707292578125
4.9419405390625
4.93691724609375
4.931667921875
4.92648496875
4.9210424375
4.91559091015625
4.91031704296875
4.9045770625
4.89894554296875
4.89384390234375
4.88846692578125
4.8831015078125
4.87772481640625
4.87224821875
4.86682936328125
4.86122566015625
4.855907390625
4.85066958984375
4.84558429296875
4.8406286875
4.8355307421875
4.83045859765625
4.825697328125
4.82102380078125
4.81647073828125
4.81211762890625
4.8076088359375
4.8031670703125
4.7983068046875
4.79346248828125
4.7883813203125
4.78381413671875
4.778835046875
4.7741648203125
4.7698674921875
4.7654907578125
4.761144546875
4.75667079296875
4.75208996875
4.74771366796875
4.74349540234375
4.73935300390625
4.7349762265625
4.73059101171875
4.726329703125
4.72178527734375
4.71726471875
4.71287050390625
4.70815529296875
4.7034852382812495
4.69907709765625
4.69438128515625
4.69014638671875
4.68577483203125
4.68135312109375
4.67697624609375
4.6725424140625
4.6685832421875
4.6645283125
4.66031871875
4.65601154296875
4.6517621171875
4.6474768359375
4.6432176484375
4.63915118359375
4.6349980546875
4.63101340625
4.62710412890625
4.62310200390625
4.61903851171875
4.61494299609375
4.61094171484375
4.6068751796875
4.60330233984375
4.59961684765625
4.595720125
4.591775265625
4.588048640625
4.5841279296875
4.5801331640625
4.57627144140625
4.57239534375
4.56875194921875
4.56511863671875
4.56185649609375
4.55832770703125
4.5546849609375
4.55120279296875
4.54736701171875
4.5436546640625
4.5397844921875
4.5360758203125
4.53218974609375
4.52830875390625
4.5245966484375
4.52049346875
4.51656481640625
4.513192421875
4.50964734375
4.50586944140625
4.501961515625
4.49841226953125
4.49489243359375
4.4913324453125
4.48780691796875
4.48446781640625
4.4816638984375
4.47890377734375
4.47623723828125
4.47300171875
4.46968683203125
4.4665067265625
4.4635146640625
4.460366921875
4.4571823984375
4.4540803515625
4.4512927109375005
4.44849607421875
4.44571880859375
4.4432774453125
4.440591796875
4.43753923046875
4.43453823828125
4.43151626953125
4.42821209375
4.424933921875
4.4218350234375
4.41896178515625
4.41630106640625
4.4135713671875
4.41114312890625
4.40837399609375
4.4055741484375
4.40239654296875
4.39939
4.39610288671875
4.3927897578125
4.38942812109375
4.38637814453125
4.38313134375
4.37992675
4.377180828125
4.37432826171875
4.3713762578125
4.3687074453125
4.36603099609375
4.36306910546875
4.359940734375
4.35706972265625
4.35436080078125
4.35145309765625
4.34844395703125
4.34532898828125
4.342407046875
4.33926701953125
4.3362486953125
4.33349044140625
4.33058145703125
4.32774837109375
4.3250464453125
4.32236640234375
4.31953492578125
4.317031234375
4.3144921484375
4.31185455078125
4.309128390625
4.306313
4.3035268828125
4.30093655078125
4.29830711328125
4.295634625
4.29278076171875
4.2900866953125
4.28742025390625
4.28475767578125
4.2821288203125
4.27952465234375
4.27710713671875
4.27426994140625
4.27165312109375
