361.01211361328126
335.8436670625
309.13900639453124
307.02149048828124
309.2150605117188
312.24067976953125
314.99271612109374
318.49139349609374
321.69547265625
324.034297734375
327.454214796875
330.5462913671875
333.16478592578125
335.66957003515626
337.761369984375
339.7165242421875
341.496444296875
343.34840428125
345.23759137109374
346.696848671875
348.647604484375
350.4497518476563
352.05184839843747
353.39078581640626
354.678668296875
355.6887333359375
356.81225113671877
357.9978353046875
358.91763424609377
359.9898564765625
361.22835322265627
362.18945526953127
363.19874377734374
364.26621612109375
365.26441212109376
366.136499046875
367.13646091015625
368.00002291015625
368.8426725117188
369.5662193359375
370.39342650390626
371.1747654609375
371.73894256640625
372.45449285546874
372.9333442304688
373.30068658203123
373.84150848828125
374.390995625
374.95552557421877
375.59435476953126
376.1523151328125
376.74735236328127
377.3126764609375
377.8527608125
378.42808769921874
378.9499388945313
379.461824046875
379.8906259453125
380.2644600234375
380.656500984375
380.9327115078125
381.4853936953125
381.9445443085938
382.2992804296875
382.64525540625
383.092332109375
383.341703
383.6329785
383.94182950390626
384.35678603125
384.7261171914063
385.08698809375
385.4120232109375
385.7666796171875
386.1376205820313
386.49498892578123
386.83801345703125
387.176531875
387.5667145351562
387.81929253125
388.1711090546875
388.53117859375
388.92123859765627
389.19844378515626
389.45794716015627
389.74896800390627
390.0019111953125
390.2612897460937
390.525179359375
390.82542219921874
391.094228046875
391.41780029296876
391.67535221484377
391.86501446484374
392.13856216015625
392.41865241796876
392.61781434765624
392.867234578125
393.14041784375
393.4528541796875
393.776329359375
394.0122556484375
394.2600768046875
394.5074644375
394.78574405078126
395.06220434375
395.3722375078125
395.69300721484376
395.98327765234376
396.3168484765625
396.5391066171875
396.7995038671875
397.08925877734373
397.3179313789062
397.49786865234375
397.69936372265624
397.86471658984374
398.04628441796876
398.2300788828125
398.34980973046873
398.51088973828126
398.62779899609376
398.7460553164062
398.9176199882813
399.1139522421875
399.2747215195312
399.38210800390624
399.57746351171875
399.745019046875
399.927328328125
400.0878546484375
400.22253059765626
400.363061859375
400.47627841796873
400.60385584765623
400.7144910625
400.763441296875
400.8802281015625
400.92422295703125
400.979903046875
401.06485539453126
401.11239390625
401.14975587890626
401.20600423828125
401.2886455820312
401.4073793789062
401.51717304296875
401.6278920585938
401.72421651953124
401.8376122460937
401.8971508828125
402.00687278515625
402.121247265625
402.1815176015625
402.2147733789063
402.25735867578123
402.37432075
402.4406686640625
402.51202090234375
402.53551552734376
402.598822171875
402.6655657578125
402.67625778125
402.7107816601563
402.7696282890625
402.80177160546873
402.86248177734376
402.9278310625
402.96669280859373
403.04220347265624
403.144273390625
403.200191546875
403.2160246796875
403.24550737890627
403.3160363671875
403.32006982421876
403.395282515625
403.4555891640625
403.537002265625
403.62154521875
403.6987006796875
403.775864390625
403.85652094921875
403.9757592304687
404.09481010546875
404.19529725
404.25667601953126
404.3559387148438
404.4334560585938
404.51468844921874
404.5908112578125
404.6448981171875
404.71325001953124
404.7957186328125
404.85985211328125
404.94972808984375
405.0304982109375
405.126643015625
405.2004307734375
405.27275333203124
405.35897224609374
405.41428316796873
405.4943479375
405.58302081640625
405.68471011328126
405.77302037890627
405.8563915898437
405.9559540546875
406.04662728125
406.15755186328124
406.25476841796876
406.3938288828125
406.5139335390625
406.63607618359373
406.7445637109375
406.82832820703123
406.96465773046873
407.07377570703125
407.17097085546874
407.260988609375
407.3632239453125
407.43405102734374
407.5026489453125
407.56601831640626
407.681869765625
407.77327904296874
407.8137334140625
407.86015248046874
407.902214859375
407.9488280859375
408.0106707578125
408.07382301953123
408.13421374609374
408.20856187890627
408.2774808359375
408.33026258203125
408.395507828125
408.4668311289063
408.54006839453126
408.609061703125
408.66872631640626
408.7457404453125
408.8008198828125
408.87832615234373
408.941037234375
409.00003838671876
409.04275043359377
409.126452140625
409.181110234375
409.2244759453125
409.2336909765625
409.280363390625
409.34510553125
409.39195125
409.443981796875
409.47601718359374
409.53291776171875
409.56022978125
409.614206484375
409.67765959765626
409.74669434375
409.8143033320313
409.90277569921875
409.9921741796875
410.084487375
410.1597472109375
410.25260920703124
410.3089502109375
410.368563546875
410.42723056640625
410.4807678515625
410.55909064453124
410.62207378515626
410.6979459375
410.740874578125
410.80819684765623
410.90167337500003
410.95710685546874
411.0378491914062
411.10501675
411.15830175390624
411.2517574765625
411.336161671875
411.4089167265625
411.4975874570313
411.58530271875
411.6707261445313
411.76317152734373
411.8601065390625
411.96582590625
412.05524565234373
412.1032859296875
412.165344015625
412.20168596875
412.25289245703124
412.312295625
412.3716399414063
412.41315564453123
412.46574863671873
412.5449543828125
412.6060302109375
412.68503313671874
412.7395645742188
412.802605015625
412.86670249609375
412.92046134375
412.96447903125
413.0197003671875
413.0800671992188
413.1507035
413.18546417578125
413.2388828632813
413.31895030859374
413.36995320703124
413.4373980859375
413.49934288281247
413.54598984765624
413.5923286367188
413.6017716015625
413.6581335976563
413.69505229296874
413.752085828125
413.81966376171874
413.89054498828125
413.92435164453127
413.9764113515625
414.02953557421876
414.0777730742187
414.12491927734374
414.16745338671876
414.22787089453124
414.2770971640625
414.325277421875
414.3691765429688
414.41115191796877
414.45598228515627
414.513636140625
414.5709545820313
414.630639515625
414.6950085234375
414.75670073046876
414.82273571875
414.8706311679687
414.9343073828125
414.99628133984373
415.0668384140625
415.12694084375
415.16199643359374
415.19175725
415.21800085546874
415.2529768359375
415.2693087265625
415.2912953359375
415.3080726953125
415.3197372890625
415.339357171875
415.3545660585938
415.3953202421875
415.41690212109376
415.4643601679688
415.57663651953123
415.7206262578125
415.87312385546875
416.0062867421875
416.12204892578126
416.20027859375
416.24388834375
416.2722345625
416.275918734375
416.2541733125
416.222585390625
416.17136398828126
416.11894122265625
416.039453
415.958116484375
415.8703108046875
415.7689514414063
415.65583648828124
415.5575589257812
415.455853578125
415.3502654140625
415.242427390625
415.1273803203125
415.0153607578125
414.90512565625
414.792725046875
414.6970305390625
414.60572802734373
414.51935707421876
414.4184509960937
414.311457171875
414.2085449453125
414.115939921875
414.0256087304688
413.91249217578127
413.8092349375
413.7163000234375
413.623887
413.5343711054687
413.43536228125
413.3389489296875
413.24782643359373
413.1510439765625
413.05331469921873
412.95020834765626
412.85150280859375
412.7601036640625
412.68771815625
412.5948022929688
412.5022538984375
412.4220928203125
412.3376738359375
412.25157375
412.1642505234375
412.07776698046877
412.00073200390625
411.9106341289062
411.8265095859375
411.75720704296873
411.68440451953126
411.611185921875
411.53423171875
411.45732948828123
411.3940057070312
411.32629105078126
411.266721875
411.19651358203123
411.1284993828125
411.0634524609375
411.00111537890626
410.9317190507812
410.863162921875
410.80163378515624
410.7423212265625
410.68050937109376
410.6137083515625
410.55090106640625
410.48615178515627
410.427719375
410.3638559453125
410.2930593125
410.236534359375
410.17202144921873
410.1047801367188
410.03912190625
409.97592424609377
409.93126757421874
409.8713594023437
409.81450258984376
409.757223203125
409.705894046875
409.63570847265623
409.5775328828125
409.5254021484375
409.45988567578127
409.39967603515623
409.3560093359375
409.2994459765625
409.2416526171875
409.20037187890625
409.1473435820312
409.1016464453125
409.04664953125
408.9962565625
408.949971171875
408.9025650429688
408.867314015625
408.8119759765625
408.7764459921875
408.724432515625
408.68616196484373
408.653126140625
408.61721430078126
408.57319207421875
408.5369525585937
408.5071719921875
408.4676255117187
408.4294756171875
408.4080548984375
408.38942438671876
408.3640017304688
408.3312622734375
408.319498171875
408.30255813671874
408.28541519140623
408.2646391328125
408.2282336875
408.1942563125
408.16378534765624
408.12903445703125
408.10832930078124
408.07934406640624
408.05568508984373
408.0306740625
408.00329075
407.97591384375
407.95334184765625
407.93473221875
407.92521514453125
407.8983127109375
407.88627249609374
407.86337347265624
407.84823640234373
407.8409573320312
407.82282553125
407.79563185546874
407.7761059921875
407.77210537109374
407.7734956015625
407.77250338671877
407.76842498828125
407.75363730078124
407.750856921875
407.7461353203125
407.7391609921875
407.72803128125
407.7227054765625
407.7218218945313
407.7191242109375
407.7172206914062
407.70931907421874
407.702743484375
407.7017606171875
407.7001048242187
407.7038738710938
407.70989622265625
407.71826611328123
407.71792508984373
407.725552890625
407.7238735820313
407.72358810546876
407.7235823828125
407.72946570703124
407.72598801171875
407.720529125
407.71670946484375
407.7210657578125
407.7176377539063
407.7172644609375
407.72166409375
407.72145725
407.7415770078125
407.7439800390625
407.758878234375
407.758282484375
407.769197484375
407.77450493359373
407.78131319140624
407.7871772148437
407.7924535390625
407.80281618359373
407.8062688515625
407.81570183203127
407.81992661328127
407.81766626953123
407.82522411328125
407.8309819804688
407.8526099921875
407.85989110546876
407.87554765625
407.88949275390627
407.8981267265625
407.9287839726562
407.94041486328126
407.95514873828125
407.97087412109374
407.986839078125
407.9968634921875
408.0126998828125
408.0171850703125
408.029102328125
408.036626359375
408.0444565
408.056199265625
408.0682388203125
408.0946020625
