6.715119125
10.4474805234375
12.86850703125
14.45097437109375
15.48989792578125
16.222172765625
16.844312078125
17.31190422265625
17.71857533203125
18.03346344921875
18.26495461328125
18.47947859765625
18.68856460546875
18.83449042578125
18.964788355468748
19.10997828515625
19.2504581953125
19.39115670703125
19.49695692578125
19.572874203125
19.65561543359375
19.7360309921875
19.810580109375
19.8719643984375
19.93719826171875
19.99617503125
20.0433395234375
20.082796953125
20.10296910546875
20.12776272265625
20.16042336328125
20.192446046875
20.21692096875
20.2530337578125
20.29253074609375
20.34199688671875
20.384027046875
20.4085256875
20.43044969140625
20.4472721484375
20.46029158203125
20.48023396484375
20.508615296875
20.53903478515625
20.567742578125
20.594534140625
20.62167839453125
20.64117803515625
20.65709133203125
20.66794935546875
20.6829508203125
20.70072993359375
20.72265297265625
20.74038770703125
20.748412367187502
20.756218203124998
20.7620952421875
20.7732019296875
20.794306953125
20.81631999609375
20.831075109375
20.8429869921875
20.8555860859375
20.86920396484375
20.8775944375
20.89024585546875
20.90167195703125
20.91405343359375
20.93034789453125
20.94306912109375
20.95062365625
20.962768203125
20.97340344140625
20.9854774609375
20.99600616796875
21.001726046875
21.0052458046875
21.00624694921875
21.01096115234375
21.01446569921875
21.01950787109375
21.026811359375
21.03317212109375
21.03872432421875
21.04419764453125
21.04906032421875
21.0588074375
21.06777576953125
21.07581444140625
21.0841278203125
21.09202980078125
21.1010955
21.109889671875
21.1132936796875
21.1142761484375
21.118769765625
21.1249180078125
21.12828776953125
21.1282059296875
21.1296543046875
21.13441659765625
21.135135078125
21.13381126953125
21.133943140625
21.13652636328125
21.13874461328125
21.142376546875
21.146390125
21.15059912890625
21.15333991796875
21.1524385546875
21.1559351875
21.1555635234375
21.15371578125
21.15301059375
21.15526047265625
21.1557304609375
21.1558517265625
21.1573875703125
21.16237075
21.17006954296875
21.18003139453125
21.18530992578125
21.19294741015625
21.20084382421875
21.2059742421875
21.2087096171875
21.20956137109375
21.21333644921875
21.2164596484375
21.219195125
21.21671773046875
21.21705388671875
21.21859369140625
21.2187723671875
21.21861207421875
21.2190655234375
21.21986066796875
21.2216186484375
21.22070637890625
21.22022566796875
21.2209714765625
21.22425874609375
21.22943073828125
21.2329133125
21.23603976953125
21.2401432578125
21.2415566328125
21.24069084375
21.2416040703125
21.2426131640625
21.24479263671875
21.2471774375
21.248055484375
21.24857190625
21.251119859375
21.2526284140625
21.253906
21.25599462890625
21.25774167578125
21.2597815703125
21.26327910546875
21.266008375
21.2682085546875
21.2699410234375
21.2752813984375
21.28076839453125
21.28440970703125
21.28576101953125
21.287481226562498
21.28928037890625
21.291626046875
21.29105521875
21.2899468984375
21.288388078125
21.28949490625
21.2930651015625
21.29715457421875
21.30262708203125
21.30692540234375
21.30760808203125
21.30941326171875
21.3096047578125
21.30869294921875
21.31072809765625
21.31159035546875
21.31099284375
21.3120863125
21.314057640625
21.3172834765625
21.31953249609375
21.32285026953125
21.32614869140625
21.3289995546875
21.33266606640625
21.336034273437498
21.33707467578125
21.33856251953125
21.3382479453125
21.3389831484375
21.341438796875
21.3439064375
21.3458314296875
21.345921140625
21.344247972656248
21.34312948828125
21.34187933203125
21.3411600625
21.34318061328125
21.34306130078125
21.34294821875
21.34253094140625
21.34332946875
21.34494494140625
21.34621248046875
21.3475243359375
21.349737125
21.3508005703125
21.35095779296875
21.35018910546875
21.34888501171875
21.34752306640625
21.3482731015625
21.349376375
21.34933935546875
21.34812882421875
21.3485751484375
21.34896934765625
21.3492954375
21.34972017578125
21.349819203125
21.350097125
21.35021119140625
21.34978403125
21.35005890625
21.3495224140625
21.34913699609375
21.34863657421875
21.34894068359375
21.3498875390625
21.35070893359375
21.35175648828125
21.35408830859375
21.35379951171875
21.35336473828125
21.3515855546875
21.35052744140625
21.34970666796875
21.34851369921875
21.346892484375
21.34625905859375
21.34622344140625
21.347002734375
21.3482526953125
21.3503961640625
21.35214276171875
21.351673734375
21.35043570703125
21.350602578125
21.351622480468748
21.353191734375
21.3547561484375
21.35567178125
21.3575040625
21.3595152109375
21.36052821875
21.3617407421875
21.36324994921875
21.365137632812502
21.3665829296875
21.368353640625
21.370197328125
21.3710585625
21.372517429687502
21.37387642578125
21.3751111328125
21.37482185546875
21.374520140625
21.37506954296875
21.37501176171875
21.37529899609375
21.37503248828125
21.374669859375
21.3756185390625
21.376172328125
21.376560171875
21.3761106171875
21.37697205078125
21.37885285546875
21.37968655859375
21.3790972265625
21.3787069296875
21.3773696796875
21.37742259765625
21.37719473046875
21.37738283984375
21.37805769921875
21.37809523828125
21.37805288671875
21.37697058203125
21.37673730078125
21.3768534609375
21.3775531875
21.3785949921875
21.37943327734375
21.37899076171875
21.3783703671875
21.37939837109375
21.3794944296875
21.3801201640625
21.3819909609375
21.383334921875
21.3831560703125
21.3838498515625
21.38511834765625
21.38698216796875
21.38745541796875
21.38675341796875
21.38673998828125
21.3856055859375
21.3856575
21.38581377734375
21.387287796875
21.38891658203125
21.3892356171875
21.388980484375
21.38779375390625
21.38561800390625
21.38403589453125
21.38348901171875
21.38319701171875
21.38360795703125
21.384989625
21.3866786875
21.38879566796875
21.3903639765625
21.39187177734375
21.39205866796875
21.3915476796875
21.39210084765625
21.39379420703125
21.39551779296875
21.3973127734375
21.39919041015625
21.40029865234375
21.401156359375
21.40141828125
21.401089546875
21.40068768359375
21.400797625
21.40031601171875
21.40036036328125
21.399962140625
21.39923509375
21.39865134375
21.3984859765625
21.39768163671875
21.39725996875
21.39619303125
21.39684595703125
21.39034077734375
21.37257261328125
21.34935815625
21.32290088671875
21.29500974609375
21.26657908984375
21.23849326953125
21.21000496875
21.18214540625
21.154690765625
21.12844038671875
21.1012678203125
21.07446112109375
21.0475917734375
21.02131922265625
20.99563891796875
20.9711478359375
20.94716894921875
20.9236310625
20.899715875
20.87617805859375
20.852370515625
20.8281682890625
20.80470085546875
20.78215021875
20.7598598828125
20.737204640625
20.71532137109375
20.69401455859375
20.67279646875
20.65141702734375
20.6301846875
20.6095768359375
20.58961197265625
20.57039642578125
20.54950765234375
20.52955258203125
20.50987113671875
20.4894189921875
20.4692910078125
20.44925774609375
20.42985186328125
20.410331953125
20.3915675625
20.3726280546875
20.35369969921875
20.3356076953125
20.317189343749998
20.29891841015625
20.28024965625
20.26116075
20.24223284765625
20.22400255078125
20.20628905859375
20.18862475390625
20.170963140625
20.15296978125
20.13491722265625
20.11709340234375
20.0999231328125
20.08329885546875
20.06754223046875
20.05164328515625
20.03584674609375
20.01966623046875
20.00348010546875
19.98758421875
19.9718608203125
19.956016578125
19.94032469921875
19.92449047265625
19.9090839609375
19.89367011328125
19.8773527109375
19.86107358984375
19.84459905078125
19.82902505078125
19.8133806796875
19.79720726171875
19.78096186328125
19.765578914062502
19.75041557421875
19.73496190234375
19.72054278515625
19.70595973046875
19.69057937109375
19.6753791171875
19.65975286328125
19.64516125
19.63037468359375
19.6154751015625
19.60135678125
19.587226859375
19.5731942421875
19.55878041015625
19.54464515625
19.5298409765625
19.51508657421875
19.50006062890625
19.48501111328125
19.47024658984375
19.456112558593748
19.4430098828125
19.42989522265625
19.41675818359375
19.403776015625
19.39058758203125
19.37831342578125
19.36581962109375
19.35369248046875
19.341612453125
19.3286329765625
19.31537827734375
19.3022385
19.28918351953125
19.277071468749998
19.26530196875
19.2529726328125
19.241048
19.2296576875
19.21852159375
19.20767458984375
19.19654891015625
19.1851858046875
19.1734020625
19.1623181640625
19.15082208984375
19.1397520625
19.1286534609375
19.1173263984375
19.10679225
19.09656521484375
19.08673315234375
19.07688812109375
19.0668371796875
19.0566778125
19.04712252734375
19.0375636875
19.0271638203125
19.0175386015625
19.0075583828125
18.9974976171875
18.98772717578125
18.9776926875
18.9680952734375
18.95833642578125
18.94795362890625
18.9387403125
18.92970902734375
18.920983453125
18.9117183515625
18.9023741015625
18.89284391796875
18.88358968359375
18.87432529296875
18.8657533203125
18.85741140625
18.84869385546875
18.8397670390625
18.83044509375
18.82104213671875
18.81150778515625
18.80255125
18.7937373984375
18.7852082578125
18.77673562890625
18.76858044140625
18.7612996328125
18.75327449609375
18.7451201328125
18.737497140625
18.72929107421875
18.72118424609375
18.7134141171875
18.7057127890625
18.69808878125
18.69060452734375
18.6826014140625
18.6747611328125
18.66668242578125
18.6587383515625
18.6510487109375
18.642988921875
18.63443404296875
18.62635560546875
18.61887081640625
18.61168581640625
18.6041760546875
18.59680923046875
18.58841819140625
18.58008365234375
18.5728970390625
18.565921453125
18.55873305078125
18.551076484375
18.5437435390625
18.5363491640625
18.52871503515625
18.520577203125
18.512503890625
18.50507830859375
18.4975539375
18.49047318359375
18.48427429296875
18.477844078125
18.4717906171875
18.4650335
18.458403570312502
18.45163123046875
18.44531026953125
18.4383685625
18.4313924609375
18.424421328125
18.4180421484375
18.41121894921875
18.404720125
