7.99749621484375
13.74720909375
17.671918976562498
20.28596485546875
22.18818187890625
23.65895987890625
24.83656678125
25.85795297265625
26.74354577734375
27.528616140625
28.20771515625
28.84004209375
29.44846841015625
29.9947477578125
30.464120734375
30.8728223359375
31.2464630234375
31.569562851562498
31.9003994609375
32.2138600625
32.4745896171875
32.73427355859375
32.9759231640625
33.231066203125
33.4882183203125
33.72564386328125
33.94569912109375
34.1563594140625
34.36068627734375
34.5609576015625
34.743116921875
34.90797426171875
35.06950403125
35.24127148046875
35.3965682421875
35.5389166171875
35.66944415625
35.7866122265625
35.91169898828125
36.03126267578125
36.151419859375
36.27551148046875
36.3951558671875
36.50817574609375
36.6163275859375
36.7140240703125
36.8012553515625
36.862105734375
36.90676558203125
36.96646009375
37.02788146875
37.09215899609375
37.1653306875
37.244803515625
37.33040025390625
37.42742284765625
37.522547265625
37.615959984375
37.7031549921875
37.78323250390625
37.8677979765625
37.95284085546875
38.051131828125
38.14723659375
38.22969343359375
38.29977463671875
38.37127244921875
38.433735296875
38.4945262734375
38.55015278515625
38.59997226171875
38.65121980078125
38.703390078125
38.7628291171875
38.82341805859375
38.87795618359375
38.92896544140625
38.9779735546875
39.02795123046875
39.07595850390625
39.1146906171875
39.15611680859375
39.19743187109375
39.2447966015625
39.29768248046875
39.34395073046875
39.3908338125
39.43474437109375
39.479969953125
39.5198502421875
39.55977354296875
39.59383393359375
39.62744031640625
39.66784740234375
39.70788498046875
39.74307746875
39.7792431171875
39.8057405078125
39.83676059375
39.8654869140625
39.8892790390625
39.9143755078125
39.93555815234375
39.960835046875
39.9819297578125
39.99784228125
40.01160801953125
40.03248178125
40.05628362890625
40.0835664609375
40.11141858984375
40.14107953125
40.171501609375
40.1978836171875
40.2230584921875
40.24701034765625
40.2673479765625
40.28887692578125
40.30737644921875
40.3218110390625
40.3382457578125
40.357450109375
40.3761816015625
40.39591624609375
40.41242413671875
40.42344012890625
40.43434266015625
40.44138316796875
40.451138328125
40.465594421875004
40.4739996953125
40.4883853203125
40.5085630625
40.5250430546875
40.539641375
40.55804075
40.579513828125
40.59226454296875
40.60280812109375
40.61207848046875
40.6216438125
40.62899477734375
40.63725011328125
40.64751617578125
40.65501977734375
40.66577258984375
40.6773475
40.6907489375
40.70399010546875
40.71199123046875
40.72093244140625
40.72857248828125
40.740487546875
40.75514473046875
40.76819805078125
40.7803245859375
40.7931421171875
40.8092855390625
40.82026712109375
40.828812703125
40.8358359296875
40.845960140625
40.8551921640625
40.86773794140625
40.87967371484375
40.892514351562504
40.9023147734375
40.91319639453125
40.93098359375
40.95598201171875
40.98004708203125
41.0020496328125
41.0235383203125
41.041225250000004
41.05906286328125
41.0756618515625
41.0899186875
41.106597640625
41.1237302265625
41.1409257109375
41.1612720546875
41.1813203984375
41.19805146875
41.2164038359375
41.23307652734375
41.250288828125
41.267384546875
41.285132878906246
41.301134101562496
41.31651587890625
41.33386381640625
41.35008497265625
41.3660940703125
41.3823772734375
41.3990227265625
41.414820046875
41.4285369453125
41.4423048125
41.45582719140625
41.468645515625
41.47846491015625
41.484579734375004
41.48860408984375
41.49257327734375
41.49878546875
41.505183953125
41.511863984375
41.5194962578125
41.52710359375
41.53488273046875
41.541469296875
41.54949598828125
41.5610468203125
41.56784728125
41.57273263671875
41.5776912578125
41.584294671875
41.59264853515625
41.59926648828125
41.6052666875
41.61147155078125
41.61622469140625
41.62259707421875
41.6284186640625
41.63326801171875
41.63844823046875
41.644134609375
41.64766483203125
41.65233041015625
41.65794159375
41.66323563671875
41.670469234375
41.6809053359375
41.68992868359375
41.6996309921875
41.7106686484375
41.7213122578125
41.73347740625
41.7407720078125
41.74544424609375
41.74823369921875
41.75055714453125
41.75211127734375
41.75456953125
41.7594326796875
41.76624759375
41.774435
41.780673453125
41.78616362890625
41.78895725390625
41.79085537890625
41.79399796484375
41.80012330859375
41.806828171875
41.812746078125
41.81817831640625
41.8244820859375
41.82956059375
41.83183308203125
41.83313626953125
41.83228978515625
41.83127609375
41.8299345625
41.82827519921875
41.82694483984375
41.82745034375
41.8281991640625
41.82686976171875
41.82393540625
41.82379405078125
41.82594774609375
41.8285965859375
41.83370892578125
41.83874035546875
41.84259398828125
41.847187890625
41.85314763671875
41.8584207265625
41.8627994140625
41.86693155078125
41.870896046875
41.87553043359375
41.879791375
41.88460839453125
41.8893474296875
41.89510162109375
41.9026249765625
41.9095967265625
41.91508018359375
41.9199693984375
41.92527067578125
41.9312428671875
41.93710340625
41.94114680078125
41.94518352734375
41.94790730859375
41.95334115625
41.95911603515625
41.9653633359375
41.97160288671875
41.97974984765625
41.9870823359375
41.9927923046875
41.9985253828125
42.00481529296875
42.0096612421875
42.014071828125
42.02025747265625
42.02587516796875
42.0316356171875
42.03483889453125
42.038887859375
42.04356930078125
42.0471404609375
42.0512437265625
42.05544601953125
42.06151203515625
42.0686658671875
42.07585371484375
42.08129475390625
42.084788875
42.0872190390625
42.09212983984375
42.098255382812496
42.10419798046875
42.10874967578125
42.111047078125
42.11535290234375
42.11903914453125
42.12006160546875
42.11979183984375
42.1195742109375
42.1209532265625
42.1194168671875
42.11850545703125
42.11706224609375
42.1157295078125
42.11424165234375
42.11363452734375
42.1130044765625
42.1136920390625
42.11356025
42.113654203125
42.11574363671875
42.11940164453125
42.1234232265625
42.12580201171875
42.12670225390625
42.1273249609375
42.1280530625
42.12843400390625
42.1276264375
42.1278543984375
42.12847074609375
42.12893023046875
42.12740932421875
42.125044527343746
42.12347258984375
42.122922796875
42.1213368203125
42.1148865546875
42.10337440625
42.09224188671875
42.07954959375
42.06082108984375
42.03454228125
42.002100125
41.9646205
41.9239723984375
41.88081836328125
41.83530876953125
41.78863117578125
41.74123040234375
41.69283613671875
41.64314583203125
41.5921156015625
41.5413791484375
41.490581265625
41.4409588984375
41.3917341640625
41.3431157890625
41.29446206640625
41.245752652343754
41.197158265625
41.1492400078125
41.10159830859375
41.0546046015625
41.006260203125
40.95778159765625
40.90975379296875
40.86130352734375
40.81271278515625
40.7649450078125
40.71825266796875
40.67163965625
40.62582025390625
40.57944116796875
40.53261998046875
40.485995828125
40.43999991015625
40.3947827734375
40.35088434375
40.3076803671875
40.26453469921875
40.22179898828125
40.18024612890625
40.1389517890625
40.09607145703125
40.0536265859375
40.01221024609375
39.97179715234375
39.93066834375
39.88953440625
39.8494594921875
39.80939974609375
39.7696353984375
39.72903884375
39.6889842578125
39.65050681640625
39.6119100390625
39.57296782421875
39.53398216015625
39.49617418359375
39.459127796875
39.422976796875
39.38805548828125
39.35334673828125
39.31870788671875
39.28413854296875
39.24875394921875
39.21404121484375
39.17923480078125
39.14433659375
39.11026887109375
39.0769708125
39.04355312109375
39.0113528671875
38.9788681171875
38.94739326171875
38.91662003515625
38.8867099609375
38.85657483984375
38.82720610546875
38.79774659375
38.768629421875
38.7395655234375
38.7102293671875
38.67979660546875
38.6491804296875
38.61901202734375
38.58842693359375
38.5580275234375
38.5278025
38.49765646875
38.46693719140625
38.43741589453125
38.40909473828125
38.38186414453125
38.35439181640625
38.32710666015625
38.30038930078125
38.27359366796875
38.24621509375
38.21872841015625
38.192254125
38.16602215625
38.14064920703125
38.1157883828125
38.09156986328125
38.06801576953125
38.04448114453125
38.021621921875
37.99943416015625
37.9769188046875
37.954782257812504
37.93283320703125
37.9109653359375
37.88916646484375
37.86674286328125
37.84438657421875
37.82290280859375
37.80158166015625
37.7804284453125
37.7597893671875
37.73900984765625
37.718078859375
37.6975578515625
37.67785071484375
37.65770818359375
37.6375984296875
37.61844162109375
37.599185265625
37.58014988671875
37.56200106640625
37.54414441796875
37.52612858984375
37.50920203515625
37.491949625
37.4750345390625
37.45820639453125
37.441204671875
37.42488823046875
37.40877977734375
37.393677234375
37.37867180078125
37.36240465625
37.3471469765625
37.3305521171875
37.315370015625
37.30032220703125
37.28532570703125
37.27093977734375
37.25544920703125
37.2398023515625
37.2249834375
37.2103844609375
37.19631869921875
37.18270393359375
37.1685146484375
37.1533455859375
37.1391699609375
37.12589397265625
37.11271171875
37.09965199609375
37.08716092578125
37.0751476875
37.0643808671875
37.05274075
37.041465875
37.0290994609375
37.0168417578125
37.00525934765625
36.993920890625
36.981311296875
36.96974147265625
36.95803551171875
36.94692458203125
36.9351386953125
36.923331605468746
36.9119789140625
36.901005265625
36.889456109375
36.87858965625
36.868508796875
36.85878188671875
36.8487333046875
36.838749828125
36.8288729453125
36.81864525
36.80793045703125
36.7976101796875
36.7880345703125
36.77811420703125
36.76865848828125
36.7589678125
36.74930769921875
36.7393951171875
36.730184804687504
36.71997298046875
36.710268203125
36.7005942734375
36.6907629921875
36.6806005546875
36.67071569921875
36.66063036328125
36.65071550390625
36.64187770703125
36.63361166796875
36.62468771875
36.61568539453125
36.60677475
36.59762850390625
36.5888906171875
36.58067234765625
36.57190367578125
36.56379965625
