123.715568
241.190634
102.231073
100.431867
147.239462
138.521683
125.759532
116.949964
155.199851
146.120505
163.939374
150.164510
145.742408
271.376723
99.407874
103.600995
120.610544
112.115291
116.153692
111.290050
120.856232
135.819497
185.832933
167.351394
97.154470
104.859551
128.810687
117.906217
163.319974
149.598651
118.272844
255.711051
147.637912
134.483135
142.003265
201.302958
115.274915
117.570307
115.680092
111.346991
203.951249
180.202474
182.499942
216.148877
100.187485
1412.556189
140.708523
127.783553
114.203078
128.269253
129.937083
121.450361
137.294004
130.135663
137.173363
138.702923
217.213709
188.293897
132.013401
123.583148
105.413111
107.828467
110.574378
108.425125
177.154860
165.457686
101.727845
111.737111
113.980598
113.220433
108.841625
108.766541
117.783868
114.008849
124.123760
124.562909
140.584277
132.426317
173.932748
1299.010537
100.433791
106.092932
125.094740
123.359483
212.116836
193.362144
121.165710
117.655223
161.806755
142.318915
257.701820
234.359165
101.937911
107.605625
107.025955
108.214400
131.245239
125.864600
140.999280
1419.303485
124.747709
124.269469
180.854293
161.086914
182.038151
167.398589
182.526550
242.265509
154.203966
137.806670
128.671847
121.233904
118.745093
206.359848
105.278172
102.697333
196.027792
173.779905
124.016827
124.575693
132.331492
136.509753
112.982446
120.543415
169.879923
191.379433
163.970448
150.623465
125.238961
124.193036
179.761078
164.129613
98.401604
98.546965
144.631865
133.020515
244.860546
211.831825
108.005457
105.827940
134.126011
142.421291
150.489916
135.363956
128.648066
285.860528
155.612096
176.977526
120.880438
120.288390
134.674427
124.161843
119.527962
116.699760
180.234626
161.219088
83.210422
87.044820
144.384242
134.242606
117.698975
109.080794
203.727135
173.690949
109.159732
116.001737
196.932569
2888.694420
132.889242
138.987620
145.203256
546.549582
151.224758
157.560523
142.228656
142.715219
209.194238
185.728966
131.753333
124.604516
153.644991
208.156134
164.014069
149.369991
140.246217
131.432376
86.195514
94.267672
155.907664
483.931274
171.836651
159.785787
120.931985
122.972136
116.605651
117.470156
123.059455
209.492586
148.288732
141.728223
133.609270
122.640135
155.596010
171.128067
252.296765
259.129073
253.155592
218.459504
119.437692
109.869754
124.049074
1469.023098
122.349848
194.212679
268.761466
240.635014
118.329359
121.620827
141.410317
139.771389
128.508513
130.762154
101.336966
104.071841
148.645612
139.915923
168.770521
162.572737
198.720450
177.004967
166.428525
146.663770
100.376984
103.386425
154.934096
159.609580
110.362555
104.232103
158.774855
150.300649
138.980300
151.129799
121.879643
113.206065
159.491754
149.735590
158.005311
143.321580
135.190815
132.606208
158.652740
144.475760
122.351881
121.821410
157.969964
147.522708
182.017424
160.179894
128.618611
125.030557
175.364840
1018.787361
131.593354
118.114293
189.904268
182.780388
141.176306
132.184631
133.541191
126.658626
143.472950
136.809509
110.679885
109.725146
129.525115
129.849097
119.130356
1053.667618
147.633525
266.407927
162.007421
147.837230
118.869923
116.921962
117.493576
124.190519
162.264631
231.030842
132.887137
438.046632
167.745916
149.592323
135.841939
126.137733
95.523303
96.157396
97.838397
109.318293
318.954716
275.691888
122.076579
379.646985
184.020529
164.450395
197.437184
174.900170
247.683302
214.191536
117.905407
127.021735
109.255900
107.829624
150.820459
137.568378
87.358431
90.769156
92.723493
93.487874
122.050716
124.155484
115.612794
111.024377
147.123678
135.093129
123.567232
117.830279
218.099309
194.604997
166.067669
164.278886
150.669249
133.618719
132.844950
132.841972
121.574060
139.007240
125.108197
116.166502
139.278258
156.109686
135.262912
129.973632
110.257724
108.216316
294.980357
250.272826
90.732930
93.167121
133.332961
128.799813
235.455669
206.286586
112.042627
119.010632
206.619526
183.686292
171.706635
156.213693
246.149975
237.589641
125.010859
144.647888
110.315997
108.617164
136.227860
139.284016
192.345225
170.071162
202.380174
174.077462
163.146193
154.367083
149.952312
151.380811
102.293386
104.056968
132.342363
136.529713
233.945735
214.406976
118.992067
128.374921
167.323191
159.216984
143.074873
131.220077
135.504988
124.148351
171.279820
1572.386937
152.640341
140.922067
147.370256
134.017372
205.859636
207.441376
111.596678
103.935887
95.874820
97.208845
117.904240
115.881264
117.976120
112.367770
199.043901
217.626278
162.049897
154.294738
143.244160
135.694705
141.167515
130.327311
156.605245
214.679649
193.805427
187.363098
162.239304
146.025516
178.472656
1498.899587
113.493863
119.885970
134.001229
133.183688
113.925174
117.598375
117.645258
203.702850
175.287249
152.205394
152.565694
171.156364
152.424008
140.922335
107.280186
374.956190
114.206758
115.461931
146.044695
150.169016
142.364743
136.435430
140.343231
137.942595
182.304449
174.352409
115.860697
117.328251
119.938677
675.912003
257.048461
216.187243
97.190854
107.056210
166.998558
157.726852
109.490094
107.429239
96.646039
99.038525
162.472187
146.520405
144.180011
137.650701
179.073359
172.072714
92.185413
101.941742
154.534312
139.105864
136.872493
130.716840
117.593947
111.885912
116.261904
111.805247
110.597839
120.314736
130.999348
161.233141
138.407162
384.225634
152.123306
151.081759
155.954539
153.298244
165.105623
308.016421
100.711197
1138.802052
146.413124
236.067342
152.513308
139.104594
109.187401
1225.986688
147.434566
143.213193
110.362611
1260.829190
104.065989
105.838355
195.885801
190.420236
190.637628
164.447070
176.224474
164.787031
108.084506
112.610165
154.353498
143.789510
