6.05276790234375
6.662453328125
6.8865449375
6.94280825390625
7.00847672265625
7.08370480859375
7.1198278203125
7.1592139375
7.15714095703125
7.2035654414062495
7.18803138671875
7.20573230078125
7.19382316796875
7.20373607421875
7.21545846484375
7.23030785546875
7.2333959375
7.23510967578125
7.24969083203125
7.2566284375
7.2658962109375
7.26172723828125
7.262445859375
7.2702610390625
7.27597103125
7.27636955859375
7.28065196875
7.28363962890625
7.2947192890625
7.29869896484375
7.303451203125
7.2890485703125
7.2903008671875
7.28425413671875
7.28500210546875
7.2837925390625005
7.2896318828125
7.2805750937500004
7.2896770859375
7.28737785546875
7.29225656640625
7.29537839453125
7.29569905859375
7.29802537109375
7.3064265546875
7.30112242578125
7.29647483984375
7.29580123828125
7.29510507421875
7.3021578203125
7.3043239140625
7.298806234375
7.3010569921875
7.3015299765625
7.2983791171875
7.30548321484375
7.30692145703125
7.3096468046875
7.31081310546875
7.30600452734375
7.30492447265625
7.30141758203125
7.3029707734375
7.3003602734375
7.30212864453125
7.3020894140625
7.30164605078125
7.2980444609375
7.2936703984375
7.2945264726562495
7.2958362109375
7.29416822265625
7.2944227109375
7.29156813671875
7.29001983984375
7.28692810546875
7.28632494140625
7.2894028515625
7.28863226953125
7.29259350390625
7.29365062109375
7.2914577734375
7.29216586328125
7.29278465625
7.28965742578125
7.28848058203125
7.2867983203125
7.28725790625
7.286320640625
7.283540359375
7.281745046875
7.27913182421875
7.2771169765625
7.27346149609375
7.2734511171875
7.27270235546875
7.269888625
7.27033031640625
7.27007065234375
7.2698259375
7.2701226015625
7.269323265625
7.26783500390625
7.26750407421875
7.26500461328125
7.26187359375
7.26262576953125
7.26197385546875
7.261693625
7.2599646953125
7.2592996796875
7.25722801171875
7.25783857421875
7.25537315625
7.25430712890625
7.25701606640625
7.258806046875
7.25835010546875
7.2581749765625
7.2600395625
7.26280946875
7.26511537890625
7.26423141796875
7.263889734375
7.2648481484375
7.2662240703125
7.2682965859375
7.265777640625
