1.202525390625
1.2078395234375
1.218639328125
1.21901487109375
1.22024914453125
1.2219082109375
1.22632978515625
1.22762275390625
1.2283048203125
1.22662508984375
1.22690737109375
1.22719724609375
1.22745715234375
1.2279203046875
1.2279116640625
1.22789187109375
1.22801122265625
1.22877406640625
1.22928662890625
1.22850838671875
1.2285686328125
1.22856098046875
1.22866319140625
1.228745546875
1.2288752421875
1.2284284921875
1.22800378125
1.22863755859375
1.22771919140625
1.2277199609375
1.22758762890625
1.227382390625
1.22705573046875
1.22707412890625
1.22723846875
1.2270791796875
1.226901015625
1.22726791015625
1.2274289921875
1.2276063046875
1.2272715625
1.22671328125
1.22656741796875
1.22677787890625
1.2269478984375
1.22704303125
1.2269508125
1.22704496484375
1.22683284765625
1.22652533984375
1.226409515625
1.2263398046875
1.22627730859375
1.22631318359375
1.226664484375
1.2265929921875
1.22675603515625
1.22736718359375
1.22738136328125
1.2273832109375
1.22729815234375
1.22704378125
1.2272582421875
1.22724812890625
1.22723009765625
1.22715012109375
1.22702165625
1.22693658203125
1.2265397734375
1.22703149609375
1.2273824609375
1.22782274609375
1.22776244921875
1.2277074140625
1.22800541015625
1.22775508984375
1.22775375390625
1.22767505859375
1.22765828125
1.22771137890625
1.22762616796875
1.22762475
1.2276530625
1.22749539453125
1.22747930078125
1.22765459765625
1.2277769921875
1.22793239453125
1.2277723125
1.227747859375
1.22770871484375
1.22733904296875
1.22721304296875
1.22743799609375
1.22719285546875
1.2271687617187501
1.2274445859375
1.2274007890625
1.227492984375
1.22740694921875
1.22723941796875
1.22729546484375
1.22733619921875
1.22712416015625
1.22716569921875
1.22739395703125
1.227258171875
1.22745962109375
1.2273565
1.2272809296875
1.227169046875
1.227136328125
1.2272564375
1.227151546875
1.2270755546875
1.2269449375
1.22703971875
1.227057375
1.22703001953125
1.226937296875
1.227033765625
1.22717875390625
1.227148875
1.2272243125
1.22731853125
1.22726884765625
1.2272929296875
1.22716054296875
