16.090335046875
17.635794171875
18.751714734375
19.221529578125
19.6162267109375
19.7290526328125
19.99454551171875
20.11068234765625
20.1634427421875
20.1259429609375
20.1093388984375
20.06564986328125
20.04940605859375
20.14804258203125
20.19074518359375
20.19699425
20.2187273046875
20.2474701875
20.32440152734375
20.32882576953125
20.31230236328125
20.29633561328125
20.2926776015625
20.29900046875
20.28294903125
20.2735286640625
20.26307413671875
20.22578762890625
20.198458390625
20.2002611953125
20.22280547265625
20.2497406328125
20.2604308671875
20.249825734375
20.23954530078125
20.2283139453125
20.206293875
20.19678799609375
20.21910531640625
20.26014824609375
20.281745128906252
20.3088931640625
20.31710696875
20.349355703125
20.38099601171875
20.3855925234375
20.3768872578125
20.36069680859375
20.36040377734375
20.3434089453125
20.32877173828125
20.30852342578125
20.30266822265625
20.29321701171875
20.273414875
20.2718844453125
20.2737418359375
20.27382774609375
20.27989430859375
20.29516206640625
20.288453539062502
20.29574383984375
20.30923966796875
20.3226509375
20.32913172265625
20.34456805859375
20.346963234375
20.35114700390625
20.36414875
20.37231703125
20.3752783203125
20.38196798828125
20.37140567578125
20.36866960546875
20.3731823359375
20.371371921875
20.36965003125
20.37267086328125
20.3642698046875
20.374196765625
20.37181894921875
20.36232382421875
20.351171625
20.34375479296875
20.3318553828125
20.32404566015625
20.31660466796875
20.311429125
20.3078010078125
20.3027640546875
20.29957112890625
20.29271383984375
20.28850560546875
20.276941859375
20.27450627734375
20.27480926953125
20.2630709453125
20.25363721484375
20.24034833984375
20.2350694296875
20.2259929453125
20.22287008203125
20.2156174375
20.218292875
20.21774293359375
20.22376247265625
20.22977453125
20.2201503359375
20.2141842734375
20.2084397578125
20.19439594140625
20.1883788125
20.18865166015625
20.18620969140625
20.18061254296875
20.171239703125
20.16408504296875
20.1538143046875
20.1452260390625
20.14557751171875
20.14766033984375
20.15178876953125
20.16689228515625
20.1728614921875
20.17845321875
20.18176668359375
20.17844275
20.16828772265625
