2.10667678125
2.61020336328125
2.79731051953125
2.83615772265625
2.893484296875
2.95614511328125
2.98944255859375
3.0239316640625
3.0197026484375
3.0612939453125
3.046226734375
3.0588051171875
3.0485184453125
3.0564604609375
3.06650101953125
3.07917772265625
3.08178323046875
3.08115203515625
3.09260301953125
3.09944141015625
3.1083366640625
3.10475570703125
3.1053663046875
3.11246711328125
3.11739021484375
3.11781396484375
3.12132367578125
3.123554734375
3.134011953125
3.1369505234375
3.14092981640625
3.12786333984375
3.1288482929687502
3.1238717734375
3.12433209765625
3.12259826953125
3.12783197265625
3.119181921875
3.12714526171875
3.125295984375
3.12957786328125
3.13210924609375
3.13274101953125
3.134836984375
3.14242843359375
3.13736781640625
3.13248326953125
3.13139171484375
3.13078653515625
3.13745016796875
3.139135140625
3.134304640625
3.13626053515625
3.13652409765625
3.13356605859375
3.14001552734375
3.14126671875
3.14351376171875
3.144736203125
3.139912109375
3.13901048046875
3.1356679140625
3.1373076484375
3.1346587578125
3.1363001953125
3.1364407734375
3.13616710546875
3.13267564453125
3.12882659375
3.1293896171875
3.1305439296875
3.12902626171875
3.129371890625
3.12686246875
3.1254923203125
3.1224801796875
3.121620046875
3.1244079140625
3.12365009765625
3.1270156640625
3.12771453515625
3.12581575
3.126390015625
3.12705390625
3.12433871875
3.12304776171875
3.121507421875
3.121924734375
3.1209654609375
3.1187031328125
3.11708198828125
3.11471856640625
3.11283053515625
3.10955424609375
3.10959753515625
3.10869456640625
3.105963375
3.10619273046875
3.1059928984375
3.1058918359375
3.10621287890625
3.1056116015625
3.10414519140625
3.10390169921875
3.10160848046875
3.09889287109375
3.0996149765625
3.09911705859375
3.0990373671875
3.09746089453125
3.0967931953125
3.0949744296875
3.09559896484375
3.093337125
3.09244312890625
3.0947619375
3.0962063671875
3.09568848046875
3.0957431640625
3.097494578125
3.1000921171874998
3.1022174453125
3.10149048046875
3.10138819921875
3.10235830078125
3.1036095
3.10571158984375
3.105239078125
