5.1496749296875
6.63004898828125
7.7061355234375
8.1668025078125
8.546349
8.6595513671875
8.90811145703125
9.0155981953125
9.06301502734375
9.0301374453125
9.00889044921875
8.96225765234375
8.9413235546875
9.034772921875
9.07752442578125
9.0854784140625
9.1077948515625
9.13809387890625
9.2141910625
9.21798636328125
9.20401891015625
9.1867044609375
9.18224594921875
9.18764966796875
9.1723251953125
9.161848296875
9.15147697265625
9.11565125390625
9.089714078125
9.0922986484375
9.1150420703125
9.141139375
9.1520960703125
9.14157893359375
9.131716828125
9.11989323828125
9.09789319921875
9.088863140625
9.110089796875
9.15130922265625
9.17272022265625
9.19995060546875
9.209304140625
9.24022166796875
9.271231125
9.27601491796875
9.2683048125
9.25354859375
9.252186125
9.2354509609375
9.2207913359375
9.2011331328125
9.19474946875
9.1861463671875
9.16715840234375
9.16569967578125
9.1674179609375
9.1672996328125
9.17281875390625
9.18640062109375
9.17982876171875
9.18620452734375
9.19825416015625
9.2110015625
9.2172279765625
9.2320425
9.2346305546875
9.23862434375
9.25102303515625
9.25935826953125
9.2619512578125
9.2685461328125
9.2588942890625
9.25654194140625
9.26070801171875
9.25814892578125
9.25618608203125
9.2585687265625
9.250710109375
9.25961414453125
9.25718715234375
9.2480244765625
9.23646651171875
9.22916392578125
9.21732567578125
9.2096807109375
9.2023545078125
9.19772548046875
9.1944251640625
9.1897113515625
9.18631748046875
9.17974130859375
9.176031542968751
9.16549713671875
9.163023390625
9.1633689375
9.15205864453125
9.14338659375
9.13081584765625
9.12540816015625
9.11673149609375
9.1131600859375
9.10572871484375
9.107888871093751
9.10779357421875
9.11350588671875
9.119224265625
9.10982224609375
9.1040172734375
9.09800336328125
9.08467332421875
9.07876423828125
9.0790735234375
9.07714830078125
9.07170263671875
9.06254025
9.0553496171875
9.04538072265625
9.03735188671875
9.03753483203125
9.03910712890625
9.042574390625001
9.0571332734375
9.063060953125
9.06859900390625
9.07195483203125
9.0689625078125
9.06581311328125
