1.1052913515625
1.15997473046875
1.16312301953125
1.16352513671875
1.16914050390625
1.16788209375
1.17256622265625
1.17423610546875
1.1756060625
1.1837007421875
1.188162265625
1.1883506484375
1.18588301953125
1.1849974609375
1.18603664453125
1.1876072421875
1.18878681640625
1.18872870703125
1.1887106484375
1.1882947578125
1.18865167578125
1.18752733203125
1.186294203125
1.18543084375
1.18719808984375
1.1862641640625
1.18658098828125
1.18555828125
1.18496149609375
1.18483619140625
1.185715078125
1.18594565625
1.18555031640625
1.18483095703125
1.18488962890625
1.186131078125
1.18711300390625
1.1878351328125
1.18777780859375
1.18728174609375
1.1874341015625
1.18783123828125
1.18788748828125
1.1890450039062501
1.1889550234375
1.1888686640625
1.188249703125
1.1896108203125
1.18918409765625
1.187979453125
1.1874553046875
1.18735382421875
1.1879124296875
1.188050125
1.187073203125
1.18734383203125
1.18787784375
1.1879345859375
1.1882676171875
1.1883654296875
1.18809323828125
1.187832359375
1.1876383046875
1.18796773828125
1.18880590625
1.18913601953125
1.189099296875
1.189059796875
1.189492890625
1.18931145703125
1.18940088671875
1.189130234375
1.188620375
1.18802578515625
1.1884275351562499
1.1888771953125
1.18905146484375
1.18904651171875
1.18940703125
1.18926564453125
1.1895130078125
1.18859979296875
1.188729765625
1.1886264765625
1.18834923046875
1.1882164609374999
1.18862550390625
1.18903876171875
1.1889626484375
1.18898848046875
1.1887335078125
1.18865417578125
1.18885655859375
1.1888427265625
1.188714265625
1.18872229296875
1.18913892578125
1.18909007421875
1.188716078125
1.1885746640625
1.18866686328125
1.18831248046875
1.18826549609375
1.188092890625
1.1880267890625
1.18713671484375
1.187105453125
1.18723417578125
1.18724278515625
1.1871103359375
1.18723028515625
1.1872670625
1.18704208984375
1.1868736171875
1.1864576015625
1.18639993359375
1.18651894921875
1.18675937109375
1.1866966640625
1.18683463671875
1.18760064453125
1.1874476953125
1.18740246484375
1.18745973046875
1.18762234375
1.18750008984375
1.18725388671875
1.18695809375
