0.3737775
0.37960900390625
0.38933411328125
0.38965523046875
0.39097681640625
0.392893265625
0.3970023515625
0.3984432109375
0.399197828125
0.397468296875
0.39776542578125
0.39786937109375
0.3980734453125
0.39848174609375
0.3983758203125
0.39845540234375
0.39845191015625
0.39914194140625
0.39974912109375
0.3989366953125
0.39909058984375
0.3989329609375
0.39897580078125
0.3988895859375
0.3991317421875
0.39874003515625
0.398322390625
0.3988240390625
0.39791108203125
0.397915796875
0.397826328125
0.39756867578125
0.39732065625
0.3973476640625
0.3974861953125
0.39731671875
0.39713054296875
0.397504515625
0.39767780078125
0.39783913671875
0.3975264609375
0.39703727734375
0.39685580859375
0.39701276953125
0.3971781953125
0.39722430078125
0.3971213203125
0.39718545703125
0.39697816796875
0.396651625
0.396523890625
0.396469578125
0.3964287890625
0.3964498984375
0.39676018750000003
0.39671350390625
0.3968226796875
0.3973479296875
0.397359109375
0.3973707734375
0.3973156484375
0.3970604453125
0.3972499609375
0.39726133984375
0.397253515625
0.39717538671875
0.39705791796875
0.39698323046875
0.39659872265625
0.3970428359375
0.39739325
0.397817703125
0.397693890625
0.3976470859375
0.39792109765625
0.39767415234375
0.39765178125
0.39757183203125
0.39754379296875
0.3975814140625
0.3975190859375
0.3975200859375
0.397534796875
0.3973630234375
0.39736019140625
0.39751423046875
0.39758194140625003
0.39770635546875
0.397567109375
0.3975308359375
0.39749148046875
0.39718766015625
0.397051859375
0.39725692578125
0.397028125
0.39702305078125
0.3972606796875
0.39723598046875
0.39730565234375
0.39721330078125
0.39706291796875
0.39711661328125
0.397155625
0.39696896875
0.39701007421875
0.397213890625
0.39709167578125
0.39726898046875
0.39718040234375
0.39713866015625
0.39702808984375
0.39699995703125
0.3971186640625
0.39702936328125
0.3969484375
0.39681205078125
0.3968892734375
0.39690927734375
0.396873640625
0.396789
0.396886578125
0.397025109375
0.39702031249999997
0.39709828125
0.397204953125
0.3971541953125
0.397188609375
0.39705506640625
