25.928527
24.479944
27.222349
27.662338
25.168460
26.596689
26.339254
26.485570
31.353105
30.087060
27.125064
25.536443
31.804212
32.728015
25.470342
25.837278
31.214690
31.296576
29.031961
28.471194
25.173828
27.790944
24.523081
30.536362
25.699644
27.545876
27.671678
29.700906
25.550756
28.929988
33.663301
25.409195
24.363685
32.266349
30.728185
23.935414
25.791874
25.712778
26.854901
33.364384
26.263536
26.742880
32.388780
28.938111
27.034744
23.648188
25.093444
31.433922
25.687890
27.255413
27.965252
27.172956
22.941243
31.922090
30.347125
32.566625
29.426223
27.368831
26.638200
27.498815
29.366060
28.696290
26.485879
24.554333
24.081346
22.898847
26.427111
27.101165
23.566554
27.290803
25.693666
27.152330
28.371985
27.154644
23.981061
31.003707
31.386833
29.427739
26.179582
26.709259
25.961292
26.275422
30.635690
26.474460
27.619457
33.629457
25.091871
27.211720
26.015040
26.894513
27.378250
25.357891
24.736447
24.143110
28.479519
30.333458
24.985364
23.299660
28.034743
24.809422
31.040754
31.145445
34.808992
30.662271
25.782680
28.982298
25.232050
26.742689
24.730297
26.371629
25.189359
26.209376
27.193562
26.449357
24.060771
31.174846
27.059276
33.921085
28.318854
25.811149
32.858318
29.284522
26.203874
29.256220
33.453073
23.727760
23.309015
29.056873
27.411750
32.410263
26.087092
29.872050
26.511743
26.731074
30.341011
27.539975
28.523413
27.154386
26.050289
36.002445
28.074583
28.191883
26.860347
25.923021
28.869157
29.943891
36.049933
27.466729
25.360564
26.969511
26.872069
22.970173
28.349650
31.171084
29.449522
29.585003
26.942590
24.537270
25.797436
25.071537
26.651813
32.800043
29.762462
23.975399
30.368422
29.162960
29.366876
27.326246
25.069985
26.935998
32.441924
27.282002
31.132401
27.583975
26.393162
28.306628
27.275451
31.059430
31.068580
25.460760
28.380415
25.365420
24.448721
30.063801
35.627199
27.244554
27.921071
26.039601
34.479758
26.160365
26.070878
28.675722
27.784135
27.286460
24.354356
29.286098
33.714792
24.065845
26.801248
31.102516
31.133409
25.238026
27.656898
29.473406
26.914543
29.166930
23.048309
28.301101
30.789929
29.530588
28.191441
30.262723
27.686422
31.579849
32.020672
34.344751
27.467215
30.201531
30.016531
26.967648
26.609449
25.323801
26.219761
23.511615
27.857848
35.402518
27.267673
28.206641
25.392197
23.732909
26.707155
30.594243
36.434783
23.701330
28.743148
30.576282
29.380803
25.502731
26.251752
27.853659
26.953262
24.397984
26.344460
23.677044
32.586658
29.301979
34.585071
28.698249
31.010129
29.111189
27.138347
25.543956
27.098754
25.992746
25.135513
29.349550
