100.312456
98.697337
88.379509
119.758674
116.374524
78.345182
100.223729
81.825498
78.726470
113.901344
78.781943
94.234158
131.630018
93.410017
92.777936
78.633023
127.085853
136.220441
124.555409
104.918268
107.550245
75.386915
104.428637
73.038159
96.349173
99.026983
85.146728
125.529159
96.267426
76.850648
135.393700
92.692867
94.505316
106.096929
84.193137
81.834122
86.518843
82.240439
90.616973
91.378033
88.084515
106.204461
86.493012
86.505939
119.965648
103.978326
86.240057
108.663986
94.381954
92.866188
87.959111
79.507170
119.107184
91.562744
95.775106
120.513867
111.109967
108.631667
83.597859
103.212759
93.286140
107.752554
119.085206
93.254499
121.408643
85.882889
99.802627
76.827245
82.311631
84.281503
83.467666
89.961308
89.089541
94.167110
98.124807
79.692650
100.317533
118.167267
120.500024
96.559862
103.761772
98.378259
94.103204
83.130564
96.852277
129.315190
82.781560
123.459690
122.488810
82.703072
93.678339
118.615436
98.213481
92.012609
84.340401
95.575740
85.446155
92.798147
83.203954
105.478522
109.578678
105.479880
83.165094
83.311903
72.747597
104.214945
115.017830
83.885297
94.051988
87.121299
133.503942
85.770091
97.476328
73.122149
84.514435
104.271776
86.869623
82.758163
85.960853
95.566435
121.050485
124.411916
125.275268
110.547632
112.130866
112.388318
86.663237
91.725230
100.887030
88.817055
85.705232
115.907848
103.879961
114.206240
119.972941
107.459134
93.226333
101.872581
114.417497
121.151750
90.852111
89.916372
89.407669
86.986084
67.897761
67.946240
136.097678
80.670590
102.390331
111.923211
127.778411
94.870877
91.261576
108.186706
78.278928
190.471217
95.169646
110.586073
102.957118
107.787494
97.023063
92.798695
102.015165
82.381060
97.223152
82.992411
95.121348
106.127032
74.386404
94.892053
73.673376
105.463796
103.488058
130.009105
105.543844
95.214969
94.912162
112.508074
88.175399
120.955813
102.616799
101.606464
89.945965
92.122000
107.447521
93.316275
77.521831
87.394259
102.373713
86.054397
104.280959
95.805345
93.062512
93.613158
79.813201
87.731994
138.009838
100.084018
102.501854
105.488264
85.253781
82.657674
108.444464
100.135349
75.947280
80.121255
71.880184
89.962711
88.366228
78.798684
89.900593
95.313932
92.427429
100.917729
98.581631
86.827748
96.788287
95.791892
96.784501
113.128369
85.956051
95.485812
138.748496
90.503781
83.691620
112.336907
97.183404
117.871920
85.079214
78.075110
79.135142
87.617937
89.707187
90.751245
90.905979
113.682144
99.865967
82.654187
123.158401
86.370492
111.700621
86.548993
85.142280
89.426026
105.428317
117.521082
123.859396
84.988875
113.145148
91.654741
97.545980
104.799087
80.414383
76.891411
98.730173
103.673967
