16.663307
17.420083
16.429883
15.505230
18.147082
17.033099
16.213306
16.701111
17.737514
16.426041
16.727656
17.597392
16.918022
17.432775
17.485178
16.682030
18.585702
17.258548
17.668397
17.726494
18.046479
15.237410
16.681420
16.714157
15.921511
17.285326
16.946225
16.036363
17.798781
15.598799
17.842708
16.611658
17.734554
17.844807
17.493332
17.435345
16.553867
16.597197
16.352032
16.266695
17.308758
18.218667
17.208484
16.410045
16.939210
17.368886
16.577219
19.115178
17.420289
16.221529
18.177235
16.904591
16.814670
16.398847
17.694091
17.100639
17.900566
17.275764
17.347336
18.390081
19.643098
16.595203
17.021466
16.988327
16.974817
17.954341
15.780865
16.513005
15.954420
15.815479
17.891631
17.726821
16.591457
17.281780
16.736424
16.832257
17.703980
18.440775
17.378152
18.142233
17.778138
17.138237
16.342864
17.882718
16.694320
19.149057
16.220500
16.559087
17.115816
16.932742
17.247941
16.934802
17.840769
17.277267
17.066012
15.099327
17.851168
16.340927
17.971474
16.088992
15.968796
17.675393
17.122053
18.803859
17.141785
16.784577
17.397452
16.408022
15.936418
17.179531
16.317595
16.699582
18.046106
16.867662
16.359051
16.794117
15.798963
17.062821
18.496968
15.323429
17.606900
17.191674
17.509555
17.417200
17.195433
16.400771
16.838871
19.181697
16.433660
16.993257
18.130061
16.483082
16.370142
16.818778
16.676861
15.725517
17.841779
16.369661
16.885369
17.723464
17.470598
16.665574
16.187352
17.178157
17.302615
16.923569
19.087434
16.742652
17.429168
16.475991
19.381763
17.097257
17.372034
18.163272
17.206481
17.130719
17.139347
17.444126
16.530529
17.780677
18.036462
17.365918
17.167777
16.035649
16.753150
18.202406
16.819755
17.923203
16.876576
17.119315
16.146178
17.184542
18.771506
17.000446
16.695433
18.167084
17.711326
17.196386
17.665102
16.306417
17.596400
16.362127
18.145474
15.905077
15.408682
16.513663
17.217560
17.450992
16.424297
17.066096
18.110950
17.244328
16.168975
16.472333
18.222668
17.034159
17.730196
17.014416
16.801941
16.944166
17.227961
18.103611
16.147714
18.986298
16.289644
17.383523
17.216405
17.811515
17.207743
16.771415
15.560247
17.372783
17.716358
17.549322
16.324329
18.078827
17.392970
16.956984
16.873719
18.168687
17.000838
16.845323
17.130705
16.261332
16.817370
16.366234
16.166249
17.316124
17.260679
17.087140
16.415974
17.994635
16.533356
17.680095
17.852098
16.881074
17.129012
16.634125
16.763006
18.609796
17.376071
16.639152
18.015868
16.852644
16.826163
17.820745
18.900977
17.318161
15.720477
16.856652
18.502403
18.515922
17.886740
16.501177
18.198973
18.218370
