104.620797
105.065985
101.210663
103.950511
107.334687
106.861339
102.821263
106.863680
102.196344
107.864450
102.037615
104.245692
104.170615
101.760530
100.059087
104.552189
105.585729
109.111292
107.116285
105.372598
107.687356
106.101302
101.369333
104.200774
98.412878
105.736411
105.766028
110.375081
106.732270
107.099488
111.188111
109.883139
103.777732
103.619571
107.041080
102.341339
100.251072
106.841547
100.384138
107.679031
101.515357
107.374493
109.498593
102.031858
109.271998
108.978599
102.455994
99.190813
98.416626
100.765277
103.004955
101.905608
109.474041
102.284133
109.406023
101.161634
106.182261
104.011475
108.325796
105.074623
109.409937
100.531164
99.464370
102.824649
101.492835
103.932464
107.783474
106.623884
106.849812
107.287016
99.189750
106.943030
108.096959
104.289090
101.544284
108.148798
106.743875
100.850273
111.075395
103.719558
110.076447
97.380575
109.958698
108.867079
107.371523
102.378231
106.494702
112.127963
106.464183
96.238275
106.806834
97.835560
101.013721
105.418956
104.544650
98.725765
103.268431
100.412908
109.561422
100.408459
104.038560
108.490660
106.816014
104.349257
105.117949
111.271581
106.103758
104.922794
106.002029
106.860598
103.449239
102.220404
109.361001
110.830864
112.068722
104.123193
107.438797
105.217541
102.201758
99.489361
110.170049
109.445295
112.434970
105.711158
100.930513
106.695640
103.954923
104.123254
112.673884
102.409269
103.100018
100.130824
103.710223
104.443358
102.099340
109.070741
98.804670
103.103880
102.759443
103.740751
102.462997
104.608323
97.398312
101.652560
106.583914
100.261641
103.158894
98.365211
102.146559
103.867364
102.607399
101.802378
105.169752
103.955220
107.456498
100.456004
100.795703
97.613803
105.064857
97.823139
105.882064
110.447646
103.824510
99.136072
108.407938
106.827870
108.823027
112.502566
101.721350
106.457634
105.319473
106.020910
111.135570
103.051540
100.768770
109.759166
104.430830
98.749847
101.146792
101.367864
104.567649
109.927191
111.519003
106.754844
106.334482
103.285020
100.638990
106.669063
105.316733
107.749251
106.756309
99.635347
108.501461
100.854763
102.387937
104.843416
111.176193
104.071803
109.432633
105.616564
107.028073
102.625433
106.120227
109.404892
102.420077
101.013354
97.497023
105.156805
98.330766
104.778146
112.079555
106.464744
103.044999
109.334480
100.829259
97.440080
109.082675
101.041296
102.976265
109.909084
103.947274
102.173573
100.894956
104.854551
107.969610
107.989150
103.344483
100.946013
103.024681
99.401444
104.725493
106.291976
105.621128
112.830589
100.827798
108.109792
106.514468
101.236268
106.422645
107.768243
103.295339
104.331068
104.408218
108.079196
106.386001
102.573032
103.389261
104.045730
106.193761
106.013902
106.309936
98.792853
98.147718
97.938320
113.037529
107.873977
