220.094879
218.411445
208.291876
240.704967
237.454059
196.855788
221.008397
201.282369
198.178623
234.414822
198.013205
214.784946
252.596869
213.048298
212.470202
198.918334
247.410178
257.338730
244.939791
224.817318
227.598021
194.727829
224.512740
191.865283
216.536269
219.245848
205.241245
245.986200
216.420162
196.205115
255.905866
212.060239
214.771879
225.624083
204.090313
201.680731
205.774323
201.766389
210.401231
211.276583
207.770421
226.517904
206.429782
205.638396
241.513422
224.130102
206.283611
228.267771
214.456700
212.824120
206.988955
198.949967
240.415657
211.297187
216.036420
240.379629
230.914741
229.129996
203.186485
223.385398
213.171143
227.960490
239.236531
213.782179
241.754177
205.638028
219.599097
196.163286
202.974301
204.227253
203.463475
210.094122
209.260155
214.356902
218.861500
197.976630
220.794218
238.420720
240.564061
216.580202
223.650463
219.233242
214.157250
203.383352
217.186503
250.447554
202.416940
244.485460
242.910578
202.924653
213.572211
238.524418
218.159739
211.953496
203.950617
215.774527
205.578047
213.724033
203.162212
225.969038
229.501912
225.544112
202.771148
202.724521
191.868858
223.899478
234.920429
203.537553
213.939794
207.657893
253.824422
205.227106
217.751446
192.204369
204.846058
223.546328
207.095961
201.740381
206.060860
215.553357
240.948515
244.921993
246.320605
231.814752
232.589410
232.986266
207.381417
211.938760
220.316648
208.329537
205.216257
236.808808
222.969111
233.944406
239.927877
227.225883
213.454733
221.933497
234.424337
241.852071
210.168865
208.855156
208.076568
206.769400
187.246520
186.826193
256.497490
200.082790
222.461377
231.833258
248.553304
214.161486
211.259052
228.303508
197.250824
311.811947
216.009726
230.362210
223.862859
227.766724
216.350524
211.775480
221.892473
202.583610
217.147326
202.349910
214.974790
226.692302
194.017719
215.577127
192.762773
225.608659
223.587710
250.809422
226.076082
214.862492
213.364125
232.894048
208.084445
241.291091
222.453500
221.254706
209.907338
212.322984
227.427555
212.660899
196.711097
207.466681
221.338114
205.758558
224.164613
216.123687
212.739896
213.407522
200.305348
207.578638
258.509443
220.780630
223.083856
225.329532
204.658603
203.042167
228.601241
220.661344
195.492842
198.455069
191.254471
209.852436
208.634454
199.024824
209.339966
215.567883
212.019605
221.455203
218.825488
206.077211
216.879216
216.461251
217.005880
233.917385
205.529174
216.007254
259.435992
210.394708
204.407389
232.591211
217.598195
237.712024
205.296212
197.339673
198.416197
207.834105
209.409311
211.284904
210.732073
234.467871
220.072205
202.090594
243.876750
206.005566
232.292993
205.531125
205.084983
209.203581
224.783929
237.702405
244.225175
205.414210
234.182760
212.219363
217.951921
224.627359
199.656003
196.789283
219.433790
223.545587
