52.146690
53.467818
52.296285
51.664056
54.184953
53.182874
52.432426
52.861837
53.208451
51.900827
52.562741
53.419839
52.050325
52.715511
53.294799
52.987976
54.479870
53.067791
53.329482
53.095477
54.123414
51.393032
52.619947
52.412027
51.871764
53.254801
53.137955
51.908750
53.678105
51.171191
53.379610
51.957711
53.068491
53.651677
53.060855
53.218962
52.424171
52.877566
52.308672
52.156866
53.577494
54.281026
53.001701
52.213726
52.916428
52.715164
52.683226
55.126059
53.260155
51.722683
53.878659
52.722271
52.479832
51.958765
53.729937
53.113999
53.784442
53.393083
52.428766
54.309826
54.890566
51.973222
52.499209
53.150572
53.003282
53.592591
52.061269
52.225045
52.085249
51.036570
54.440633
53.745484
52.496451
52.991532
52.281017
53.172020
53.330183
53.658843
53.075907
53.589625
54.046268
53.292093
52.189374
52.927419
52.253342
55.242152
52.260086
52.896508
52.828110
53.421350
53.548853
52.585001
53.877310
53.047970
53.121296
51.432587
54.014373
52.457709
53.368994
51.753421
51.426768
52.924992
53.155844
54.802998
52.918072
52.883425
53.361174
52.709215
52.277719
52.958034
52.519600
52.466686
53.741021
53.023260
52.018445
52.624088
52.185606
52.236830
53.997386
51.483661
53.469699
52.618318
53.165992
53.731438
53.793087
52.741529
52.574182
54.520443
51.954446
52.782179
53.798370
51.827058
52.163042
52.756365
52.896930
51.776799
53.792705
51.872996
52.703125
53.660013
52.970448
52.547759
52.144858
53.371803
53.049894
53.312025
54.457995
51.906964
53.427112
52.714538
55.112215
53.154457
52.797276
53.940643
52.960772
52.822388
52.598435
53.029798
52.889259
53.170889
54.210110
52.640066
52.969711
51.744328
52.118362
54.835758
52.818107
53.793284
52.988649
53.029579
52.598657
52.987012
54.444929
52.859376
52.596919
53.933985
53.607480
52.797565
53.489352
52.069276
53.357135
52.370467
53.627840
51.868332
51.129851
52.396352
53.265959
53.208404
51.955335
53.431179
53.971222
53.251098
52.752220
52.453121
53.611301
53.125964
53.714466
53.081694
52.801693
52.663973
53.152322
53.851336
51.605463
55.185207
52.297273
53.404185
53.566150
53.152807
53.212077
53.117184
50.756184
52.611083
53.629855
53.312183
52.907218
53.754842
52.241520
52.542226
52.798401
54.183235
53.032170
52.785820
52.757413
52.404985
52.598759
52.269577
52.106719
53.257448
53.181442
52.897924
52.713749
54.054440
52.799593
53.794899
53.859497
52.616206
52.851764
52.783831
53.157405
54.761578
52.998293
52.348432
54.029662
53.024567
52.288656
53.664860
54.547319
53.460979
51.734273
52.606380
54.655748
54.134415
53.682059
52.881581
53.812157
53.782123
