15.764304
15.760768
15.484269
15.594873
15.621757
15.674913
15.827176
15.737742
15.591875
15.867146
15.638179
15.692819
15.825691
15.868342
15.699105
15.607876
16.038888
15.719675
15.859400
15.672074
15.529606
15.657782
15.794602
15.943871
15.499279
15.819582
15.892049
15.690884
15.338661
15.607609
15.819517
15.687871
15.652423
15.737125
16.028775
15.674657
15.732972
15.645671
15.845026
15.753711
15.422307
15.480064
15.781103
15.685334
15.726569
15.507120
15.504253
15.759175
15.876502
15.689002
15.815370
15.790063
15.934282
15.781213
15.685707
15.746048
15.691233
15.647401
15.775769
15.568681
15.754825
15.263402
15.469347
15.936285
15.594532
15.668294
15.631027
16.020421
15.766156
15.798258
15.545241
15.456160
15.555086
15.938743
15.486080
15.630796
15.643416
15.798711
15.628771
15.550941
15.957720
15.567808
15.964455
15.741044
15.736309
15.622078
15.833949
15.945667
15.760643
15.678757
15.908941
15.658871
15.832081
15.465017
15.444004
15.753264
15.584962
15.620107
15.434284
15.437302
15.531252
15.826664
15.584330
15.549006
15.896588
16.069505
15.557185
15.815965
15.930367
15.826660
15.725781
15.643602
15.651186
15.882292
15.689244
16.345071
15.594318
15.980933
15.785642
15.679162
16.036270
15.956493
15.638273
15.735153
15.891781
15.598475
15.547141
15.586529
15.695590
15.789114
15.985896
15.677527
15.713807
15.554420
15.827681
15.607376
15.818086
15.611286
15.730608
16.216451
15.609970
15.488737
15.581550
15.659241
15.666106
15.777892
15.911485
15.658512
15.731242
15.351131
15.628291
15.814890
15.756902
15.425299
15.592126
16.021355
15.909378
15.711420
15.342531
15.512611
15.886191
15.967024
15.478875
15.757473
15.434012
15.934874
15.686485
15.507281
15.738844
15.520292
15.697177
15.597179
15.339356
15.710525
15.580946
15.649117
15.733826
15.847249
15.635247
15.759832
15.767178
15.528346
15.816395
15.971639
16.111889
15.815354
15.577384
15.628084
15.686322
15.481745
15.605074
15.441357
15.797849
15.523061
15.409980
15.687948
15.717545
15.673472
15.561815
15.979500
15.747927
15.444577
15.790762
15.724167
15.776161
15.632607
15.631854
15.694734
15.613921
15.665089
15.542961
15.651433
15.794105
15.627975
15.899775
15.958364
15.682821
15.932222
15.723016
15.687179
15.680036
15.596562
15.607298
15.447901
15.737708
15.544229
15.631566
15.676800
15.784609
15.675129
15.716210
15.861444
15.675226
15.654404
15.932947
15.872125
15.489030
15.589531
15.410615
15.286404
15.745265
15.696909
15.922802
15.581772
15.861001
15.667751
15.865756
15.848426
15.229581
15.716824
15.881113
15.893169
15.629635
15.753700
15.997210
15.507907
