14623.725325
11595.562504
14172.991043
11989.726150
14092.897050
12592.462472
14037.702686
13745.153995
13264.614148
14654.013604
14077.148305
15451.096524
14341.511408
13252.218853
14300.885331
12912.469777
15430.000575
14649.026104
14542.850697
13935.913686
13269.749420
14111.628647
13215.494810
13572.512285
14767.781192
14454.511079
15535.112859
12673.157610
13232.999243
13653.433501
14044.661237
13749.642080
14609.525215
14003.983462
12429.477144
14333.866562
12899.197973
14006.548466
14152.869037
15775.393893
13942.479560
14706.495022
14681.895767
13843.963301
12365.006967
15068.876392
16209.164906
14429.526082
13529.469560
14560.941710
13167.860711
14271.520461
14327.982625
15108.419421
13733.441422
15489.387462
15611.604339
14535.781748
14440.067938
13405.925284
17191.391348
13912.445921
15369.867599
14163.966999
13538.199919
16567.019032
13312.857803
14395.917974
13368.283466
12508.471607
15118.864143
12681.008888
12494.214125
15404.102216
15236.094915
14937.842785
14751.809120
14599.574554
14156.975453
13548.265506
14448.379758
12374.188661
14033.585229
14256.317605
15476.250902
15965.392733
13851.013796
14922.103671
15453.364757
14613.188924
15411.285525
14435.408939
15536.551270
13965.761485
13456.235083
14984.232287
14656.932540
13863.485486
14500.790602
14934.211808
15960.699146
14097.524708
14465.703775
13413.654255
14402.629541
15648.356337
14072.290968
15416.095032
15073.516059
14920.981012
14130.050735
14164.504486
16574.125242
15535.358020
14398.099455
13967.601594
13598.604423
15869.920831
15438.603708
14947.999955
15487.447254
13976.377301
15367.399604
12363.430096
16512.785451
14461.560257
14097.334659
15058.527526
13427.725715
13828.223255
13618.078538
13986.992131
13538.567491
13401.247577
15884.198008
14527.342083
14933.777334
13948.491298
13624.612127
13467.864597
14568.766642
13733.375831
14102.212897
13848.670842
13454.772195
14921.487174
14427.090553
16887.228222
14243.135021
13875.614942
13694.075504
14321.336595
14346.412002
16444.138557
14241.872846
14735.591070
14861.594499
14118.025174
14640.162825
15434.501728
17414.554111
12920.605404
13870.073080
13635.663749
15260.689974
14598.025090
15333.083497
14045.527337
14918.622037
13710.411288
14464.289331
14072.629859
14941.300468
14782.994845
12314.596404
14380.893150
13984.917533
15403.059841
14240.141730
15220.406744
14274.731156
15225.008432
14759.048086
15921.774451
12920.677781
15609.834156
14785.940281
17392.034689
14320.244459
15047.020658
15041.143646
15264.891351
13135.044194
14952.006050
15143.112097
14599.103811
15358.727078
15693.343548
13447.313319
15492.810589
14402.806765
14797.077151
13245.749604
13666.861350
14475.012127
13874.651064
13703.436890
17279.951303
15604.058610
13971.336026
14401.072624
15123.391025
13953.554649
14512.655227
14668.200081
15782.606976
15761.891575
13832.616791
13985.949019
14843.682781
12882.342889
14021.215041
14534.150443
13284.464664
15864.598985
13577.431877
12426.365910
13872.047652
12500.005551
14610.994097
15014.112066
15608.021724
14375.692207
13057.552424
16396.272757
16274.709350
13492.966184
12749.574723
14132.466972
12032.624650
14116.025534
13091.726605
15524.938097
14367.943634
14712.086416
15314.994242
13283.329147
14486.753905
14146.072203
15128.610591
13042.328347
15151.419871
14533.958095
15209.866592
15397.616870
14560.727291
