428.025945
129.708340
252.341959
192.162724
280.307465
170.141962
446.643146
137.895387
231.526426
520.005230
369.622814
585.723618
298.592599
158.409480
298.590259
209.258453
874.818905
469.325546
810.060911
219.725771
250.759104
174.982998
166.148271
617.029522
338.198023
597.101502
404.024426
203.714402
489.196870
133.033434
408.856363
164.438785
556.192972
625.256658
121.275029
215.381864
106.295632
456.819494
511.132557
661.716142
128.086112
286.517212
630.900946
143.513030
118.778374
817.450074
672.492571
176.494038
335.898781
203.586296
116.585243
291.382635
914.102875
295.067671
253.053433
397.208636
360.014650
466.247886
751.005743
587.573828
1361.556755
128.538852
602.476416
193.299077
171.394510
724.334930
116.714702
246.279481
134.105534
284.816568
492.903576
211.503045
234.008229
766.690109
257.104095
148.715839
420.567307
420.830188
210.721625
450.171983
296.251168
111.453164
178.701211
249.658181
289.433001
155.313006
171.665540
383.509624
884.398733
151.870624
449.163876
243.534678
318.015509
185.915629
353.948870
311.957107
245.870926
469.520141
340.466833
341.110475
492.543625
249.413455
328.920580
252.196419
364.378721
762.353714
177.742948
394.980494
502.963360
206.916104
227.831964
449.825538
552.493995
938.468471
111.362933
221.641267
178.622187
293.715556
315.098315
415.994128
337.683029
359.090231
479.228316
125.617021
811.540562
299.196297
176.123007
205.191400
196.956619
204.358285
350.541301
329.305710
197.581545
119.487102
739.537970
509.687107
505.577956
299.602217
157.261844
197.906150
361.733132
132.858193
376.663115
249.962852
156.646348
717.110205
236.360921
603.238587
153.942747
197.823644
183.582742
204.524064
317.470031
649.220677
575.524455
690.823055
258.831702
159.414835
155.018518
336.926846
954.178160
123.829263
199.614606
83.488888
507.478834
200.330719
364.217197
312.893199
484.657449
259.113676
236.406571
241.685787
201.072863
305.825726
168.706081
143.126230
145.446572
145.476321
319.759170
311.017928
374.046072
239.902793
287.342787
760.295823
219.550014
242.365451
568.215087
475.199409
159.300104
508.882652
514.733315
542.692126
486.824251
128.120334
355.234314
285.116208
731.587227
816.247353
116.025373
324.755085
314.523651
406.634564
270.828822
131.750653
219.604080
141.513372
240.615888
1354.991645
219.826634
176.945754
389.935164
306.774015
336.228383
305.330582
269.956611
563.873398
627.968552
170.679708
185.637078
272.285545
163.938098
350.560164
382.590020
184.108449
866.878855
170.471044
166.387244
199.486818
113.486181
526.675654
239.837591
505.650939
192.619969
383.410674
582.222996
840.543973
390.061907
252.973398
246.601953
135.402703
236.249882
125.168522
710.712980
400.612279
261.829605
399.013692
199.463590
388.381089
362.944864
344.828671
229.515726
258.972907
234.645548
232.970715
407.624504
182.419855
