33.007843
36.667691
38.739628
37.177768
37.516582
38.561357
38.252991
41.827251
41.536338
40.706807
40.273791
40.917857
40.371184
40.397821
42.155928
41.722840
42.162188
41.838614
41.414876
40.802086
40.340489
40.511706
40.790428
40.284863
40.404801
40.034788
39.713988
40.027523
40.658346
40.526930
40.382284
40.219984
40.277486
40.162009
39.986869
39.993509
39.918978
40.260292
40.142536
39.920582
40.389398
40.893766
40.850795
40.981419
40.822466
40.714035
40.733366
40.665777
40.545883
40.429982
40.634385
40.529863
40.590524
40.737044
40.816606
40.739227
40.707908
40.551805
40.450278
40.305858
40.237913
40.826338
41.100760
41.035882
40.867136
40.774990
40.600196
40.590596
40.541627
40.489146
40.690723
40.783383
40.728653
40.958587
40.882520
40.790035
40.784826
40.780559
40.741161
40.710399
40.605737
40.714521
40.770548
40.690601
40.930614
40.843987
40.877976
40.812383
40.869501
41.275008
41.562970
41.580828
41.596196
41.581422
41.625298
41.759241
41.759638
41.755434
41.763545
41.668952
41.653722
41.587477
41.651703
41.630988
41.675574
41.942866
42.077590
42.096006
42.046722
42.148477
42.082253
42.060835
42.458507
43.205167
43.413020
43.664760
44.016233
44.252074
44.204349
44.098334
43.993817
43.906603
43.886704
43.830887
43.882738
44.034345
43.967897
43.820042
