5.074565
4.958164
4.883677
4.666278
4.466620
4.673716
4.608489
4.718413
4.767229
4.785206
4.844460
4.863633
4.825332
4.884126
4.899773
4.914119
5.057846
5.085261
5.024077
4.968672
4.910776
4.877305
4.872480
4.804833
4.787875
4.747942
4.754591
4.786145
4.784454
4.763787
4.781779
4.760089
4.813127
4.825567
4.858275
4.858499
4.843782
4.864103
4.879869
4.874572
4.969246
4.992825
4.993577
4.991668
4.991617
4.968648
4.961898
4.970508
4.956418
5.005138
5.014929
5.043400
5.030454
5.059128
5.116514
5.123289
5.128741
5.108336
5.112828
5.091875
5.091083
5.093976
5.081753
5.072301
5.070511
5.096960
5.088345
5.070727
5.078367
5.064737
5.101137
5.119635
5.108075
5.119576
5.128216
5.116149
5.106284
5.095135
5.087211
5.081719
5.067740
5.081693
5.074678
5.076163
5.086124
5.076007
5.083155
5.073650
5.074222
5.081006
5.080005
5.086825
5.078783
5.085225
5.081800
5.080284
5.076020
5.072277
5.131337
5.123678
5.117044
5.112042
5.108786
5.099547
5.094507
5.108428
5.121354
5.122140
5.116299
5.117884
5.111825
5.115257
5.122461
5.135276
5.150345
5.172529
5.167838
5.185440
5.181998
5.171750
5.171476
5.184459
5.184680
5.178708
5.178878
5.171858
5.167328
5.163990
