3.123757
2.935032
2.888735
3.175857
3.415983
3.475406
3.685754
3.635623
3.527643
3.458374
3.437917
3.437383
3.427142
3.327590
3.374137
3.317104
3.333071
3.278249
3.289425
3.260606
3.339441
3.317281
3.305934
3.264821
3.288019
3.300412
3.253594
3.274125
3.249789
3.247648
3.212085
3.210095
3.198491
3.161867
3.156057
3.147932
3.156577
3.167930
3.188262
3.176250
3.180606
3.161843
3.153330
3.149877
3.160236
3.146258
3.138577
3.149821
3.220289
3.221410
3.207921
3.186494
3.172705
3.165518
3.165010
3.158731
3.178115
3.205085
3.185919
3.183877
3.194967
3.192037
3.195175
3.203620
3.188608
3.182777
3.169564
3.178800
3.192544
3.192316
3.188486
3.176653
3.175604
3.170766
3.164018
3.173249
3.179879
3.178177
3.170490
3.158685
3.152586
3.145027
3.144388
3.143831
3.143174
3.141340
3.154369
3.163282
3.163775
3.172211
3.171631
3.161737
3.171837
3.168674
3.169552
3.160081
3.171496
3.162948
3.162299
3.162548
3.163183
3.157589
3.152522
3.156297
3.165229
3.163779
3.160493
3.156667
3.148443
3.142309
3.138717
3.133627
3.141574
3.149337
3.144321
3.140868
3.146978
3.140987
3.141769
3.139178
3.130826
3.128911
3.123844
3.120159
3.131359
3.133152
3.135593
3.128744
