6.973585
8.472137
10.114766
10.503754
10.357759
10.184683
10.535605
11.473556
14.826825
15.290672
14.753831
16.006121
17.285373
16.650479
16.290381
15.848694
15.513852
15.234674
15.514099
15.377772
15.044520
14.668610
14.631506
14.379371
14.259229
14.163729
14.048489
13.896605
13.857477
13.740069
13.556157
13.410958
13.682746
13.872195
14.059669
14.034140
13.896123
13.790363
13.813048
14.166749
14.215748
14.106659
13.994301
14.008593
14.101216
14.038559
14.035324
13.974466
13.957424
14.236641
14.347184
14.360213
14.343822
14.663484
14.630686
14.745599
14.870739
15.320770
15.576192
15.476772
15.425563
15.519659
15.832019
16.037338
15.914813
15.926808
15.784520
15.686866
15.714065
15.635441
15.702700
16.049623
16.301636
16.266391
16.428575
16.318019
16.228459
16.158467
16.217140
16.268527
16.230861
16.193509
16.158677
16.110184
16.084588
16.363838
16.347896
16.278995
16.218091
16.165696
16.158085
16.061899
16.018270
15.961529
16.003075
15.933944
15.867263
15.857083
15.926787
15.917623
16.059960
16.545911
16.789621
17.022947
17.131145
17.045079
17.125370
17.132970
17.155235
17.205528
17.164119
17.236224
17.182135
17.311864
17.445002
17.429667
17.376312
17.324285
17.291628
17.651842
17.688021
17.652502
17.676878
17.681481
17.610919
17.653961
17.636260
17.541206
