21.929011
20.101954
21.160678
22.752028
21.994506
22.344343
22.056040
21.729274
21.590932
21.448554
21.376287
21.280558
21.195051
21.545516
21.472313
21.357853
21.437285
21.308380
21.267695
21.187004
21.081584
21.185321
21.160197
21.151767
21.121358
21.088783
21.048342
21.078271
21.003915
20.989536
20.964961
20.967655
21.033823
21.052281
20.981054
20.934761
20.854516
20.845578
20.825141
20.829819
20.932075
20.913730
21.030112
21.193703
21.226238
21.177517
21.223155
21.413002
21.429557
21.451915
21.456137
21.500350
21.449775
21.446045
21.487541
21.464914
21.459643
21.414875
21.354859
21.305468
21.304058
21.269505
21.222321
21.285416
21.226929
21.203105
21.190879
21.142012
21.101245
21.096596
21.143228
21.144992
21.154646
21.179034
21.169253
21.192927
21.182006
21.195782
21.208935
21.214354
21.223810
21.207596
21.220477
21.206213
21.203752
21.229927
21.253818
21.257301
21.266689
21.358115
21.357110
21.321793
21.303739
21.311435
21.333292
21.328924
21.315249
21.312307
21.278574
21.263105
21.265749
21.262449
21.279070
21.271902
21.388665
21.395872
21.446064
21.452702
21.447356
21.420520
21.423725
21.515844
21.554990
21.560491
21.548993
21.527856
21.640016
21.630273
21.605357
21.593194
21.567237
21.577300
21.597119
21.614375
21.597830
21.569182
21.573369
21.513025
