1.908274
1.898262
1.834627
1.642197
1.498741
1.649978
1.592622
1.670802
1.702358
1.714360
1.753303
1.769568
1.733958
1.783857
1.798029
1.811283
1.944646
1.962384
1.911590
1.872039
1.823608
1.791846
1.789558
1.742866
1.726193
1.695755
1.694003
1.715554
1.713323
1.692761
1.712934
1.693465
1.738222
1.748547
1.772211
1.769534
1.755462
1.773291
1.785799
1.777545
1.866539
1.892011
1.893370
1.892581
1.892868
1.871892
1.865843
1.872500
1.859995
1.902648
1.907892
1.931872
1.920223
1.943349
1.995716
2.002128
2.006753
1.990161
1.993317
1.976966
1.975297
1.976690
1.965643
1.956786
1.956240
1.979268
1.974230
1.959683
1.966705
1.954020
1.986883
2.002388
1.992214
2.002505
2.010546
1.999421
1.991248
1.982588
1.974899
1.969260
1.958665
1.971482
1.963835
1.962738
1.971399
1.962456
1.968538
1.959486
1.960334
1.967098
1.965577
1.970952
1.964162
1.969647
1.966493
1.964078
1.960387
1.956011
2.011182
2.004425
1.998194
1.995652
1.991625
1.983732
1.978306
1.990639
2.003304
2.002899
1.997176
1.998573
1.992993
1.997375
2.003611
2.013992
2.026854
2.045578
2.041280
2.057057
2.053069
2.044766
2.044978
2.056261
2.056694
2.050551
2.050084
2.043481
2.039493
2.039146
