1.684751
0.804148
1.304082
2.611679
2.152724
2.197464
2.013612
1.819455
1.733980
1.625862
1.534707
1.464601
1.433144
1.715938
1.710504
1.645441
1.683146
1.607531
1.571948
1.474219
1.420838
1.466698
1.432903
1.450278
1.439408
1.447611
1.406468
1.399186
1.365478
1.319011
1.280128
1.282880
1.309966
1.294978
1.269610
1.240653
1.197547
1.185056
1.159178
1.149248
1.190926
1.173506
1.251334
1.358143
1.399102
1.370606
1.393281
1.508817
1.527077
1.517426
1.509356
1.516116
1.483581
1.485144
1.511148
1.488051
1.491798
1.467399
1.438236
1.426100
1.415169
1.400363
1.373208
1.407679
1.384244
1.370669
1.364768
1.340054
1.333821
1.327131
1.365791
1.363634
1.361481
1.375482
1.359923
1.365139
1.348335
1.347746
1.357267
1.353955
1.363058
1.353849
1.368644
1.357027
1.342854
1.369281
1.376408
1.381251
1.377546
1.445745
1.447598
1.432482
1.420624
1.425547
1.431344
1.444535
1.430813
1.425652
1.411655
1.400714
1.393136
1.389015
1.398583
1.394752
1.484268
1.489469
1.509586
1.512540
1.504388
1.494328
1.483053
1.555063
1.578315
1.581868
1.569330
1.555209
1.635792
1.631577
1.613351
1.603696
1.592009
1.600049
1.607573
1.615268
1.605538
1.590164
1.597794
1.586394
