2.374331
5.775059
7.654302
6.377626
6.551091
7.349948
7.235219
10.485106
10.189353
9.530163
9.105899
9.659996
9.168809
9.237614
10.858212
10.507398
10.890680
10.616834
10.249737
9.788646
9.376648
9.510050
9.722138
9.318076
9.419945
9.121880
8.847459
9.117115
9.709679
9.587821
9.436070
9.273787
9.283288
9.165039
9.004674
9.018849
8.927823
9.228979
9.114974
8.950564
9.374527
9.839406
9.767451
9.878092
9.723118
9.629417
9.634121
9.551702
9.445814
9.327919
9.509663
9.395719
9.460559
9.588140
9.650629
9.566947
9.555559
9.422633
9.333934
9.215179
9.162556
9.723199
9.972349
9.913123
9.783077
9.683766
9.545935
9.522627
9.464194
9.419093
9.607949
9.692773
9.656570
9.866285
9.791547
9.704255
9.701835
9.702364
9.661430
9.622497
9.527963
9.630153
9.680904
9.599717
9.822788
9.746882
9.771391
9.725953
9.768101
10.151871
10.421694
10.442434
10.445632
10.430176
10.465207
10.582223
10.587649
10.577253
10.578962
10.496358
10.480996
10.436305
10.495629
10.472069
10.515787
10.764932
10.884207
10.897947
10.849677
10.940748
10.879808
10.860234
11.240580
11.975359
12.165782
12.404619
12.740703
12.962159
12.908495
12.816065
12.724103
12.645391
12.615417
12.559708
12.604506
12.743507
12.686065
12.592678
