0.706482
1.603971
2.986224
3.389148
3.244843
3.175633
3.488340
4.364277
7.623833
8.030304
7.531242
8.723073
9.946445
9.339526
9.014493
8.572957
8.243915
7.984319
8.223873
8.088406
7.780205
7.465622
7.401636
7.165979
7.033349
6.920246
6.796213
6.637865
6.611043
6.485979
6.316917
6.182078
6.428196
6.598160
6.767378
6.732623
6.614645
6.506871
6.532225
6.866985
6.908499
6.798044
6.689998
6.697977
6.776867
6.711055
6.704466
6.640863
6.616694
6.882435
6.984275
6.999104
6.982372
7.298919
7.268553
7.371073
7.489181
7.931992
8.179027
8.087365
8.042575
8.136028
8.440462
8.634968
8.522426
8.538872
8.417470
8.321575
8.346941
8.268222
8.332485
8.671083
8.915845
8.873962
9.029324
8.929613
8.845582
8.776105
8.827777
8.874028
8.839377
8.802377
8.765406
8.713978
8.684939
8.958955
8.940213
8.878333
8.817891
8.767670
8.758674
8.671371
8.626478
8.565746
8.601872
8.538945
8.474183
8.465745
8.528763
8.522938
8.658916
9.141864
9.379251
9.607305
9.710783
9.634336
9.710697
9.715141
9.736602
9.781053
9.741398
9.810181
9.756718
9.879832
10.010143
9.991269
9.939953
9.886659
9.850981
10.206233
10.244416
10.210702
10.233870
10.234295
10.166694
10.205833
10.188528
10.107033
