1.018056
0.886827
0.857406
1.055993
1.267035
1.305587
1.482324
1.449456
1.371275
1.325999
1.320243
1.317286
1.311363
1.236874
1.277117
1.228125
1.228473
1.192031
1.201795
1.175575
1.236412
1.216445
1.208613
1.177129
1.189748
1.203811
1.175387
1.192331
1.171135
1.169912
1.145997
1.143071
1.131580
1.110154
1.105162
1.094076
1.097439
1.102735
1.116934
1.105331
1.112853
1.101128
1.091136
1.085258
1.092957
1.082617
1.074389
1.084000
1.151379
1.152446
1.141519
1.127500
1.115706
1.109632
1.110782
1.105471
1.122795
1.147005
1.135095
1.130622
1.139268
1.136924
1.137789
1.145797
1.134816
1.131340
1.121274
1.127604
1.135441
1.133919
1.132353
1.125064
1.121965
1.118466
1.114388
1.118182
1.124118
1.122376
1.115933
1.107464
1.103074
1.097012
1.095253
1.094733
1.097040
1.093708
1.103993
1.111434
1.110458
1.118314
1.116605
1.109033
1.117050
1.114841
1.115597
1.107617
1.117722
1.110380
1.109493
1.108672
1.107846
1.102922
1.099502
1.100474
1.108378
1.105865
1.103922
1.099853
1.094142
1.088637
1.084661
1.079467
1.086689
1.091918
1.087250
1.084029
1.089077
1.083670
1.083251
1.079684
1.073693
1.072112
1.068823
1.065975
1.075197
1.076168
1.076328
1.071494
