97.838034
64.790898
101.516084
88.051581
72.952168
83.867776
107.252636
92.582339
93.494829
114.605350
78.005495
76.269922
116.217420
107.094107
70.312368
89.452992
115.092197
152.058100
116.395380
88.884143
61.187668
74.285312
63.204179
97.181760
80.270054
74.520641
93.124216
90.519081
91.289834
92.448759
162.119295
71.563539
66.981626
196.079361
138.218931
62.042252
78.594440
87.637457
75.155629
167.115202
89.301002
104.487740
332.251250
98.545763
94.907906
72.713771
61.862052
103.877716
84.489216
57.407391
119.818351
75.306638
82.647818
116.517891
110.857417
82.135815
102.705703
92.563834
65.236393
93.160239
100.662362
92.507629
101.613723
101.083121
77.999916
78.819358
116.610928
110.724578
63.806958
99.290732
76.626912
69.378969
125.830290
148.177154
58.854153
99.364806
99.304149
218.090562
103.985088
106.629164
73.987908
114.641561
98.087597
90.192011
82.572019
182.355262
82.163015
103.810863
68.397546
89.711204
99.261825
64.174049
59.630121
66.297104
112.938263
101.797810
77.791156
58.727874
81.358595
72.479016
109.848619
106.963873
141.238196
96.680442
103.831356
123.477796
89.240844
76.169561
61.063181
115.522604
89.080446
87.628646
103.639294
67.599169
83.865812
112.136835
77.367613
133.516510
95.181395
70.762806
204.376277
121.466163
67.769607
101.882190
115.025717
73.115987
75.011039
121.996893
105.024823
161.275955
81.807941
116.315790
68.391118
90.877234
227.886521
90.047515
86.420380
70.920458
90.745818
119.955339
68.011815
111.234607
68.839697
66.604591
105.523664
86.943765
242.044107
109.030922
94.549183
77.695929
97.784258
56.419191
91.690908
120.302996
123.785700
134.974211
80.841369
103.615410
92.233023
95.878235
77.853485
116.001215
83.250384
61.874205
120.671996
97.210960
103.198919
103.918283
72.315646
117.845372
114.250931
85.565032
89.574634
116.138336
91.250356
104.338263
112.984049
148.467026
123.463913
65.908079
129.681007
80.287561
74.525237
114.963734
138.782558
81.942701
84.132004
109.296479
252.751816
70.198373
76.463200
116.289325
103.103246
79.792894
80.077101
133.129409
105.776478
62.498024
62.092679
129.983963
116.806816
90.870506
96.552978
122.261430
70.181500
93.017285
58.419865
175.711675
83.492287
105.636751
149.944212
125.413654
81.052267
116.958377
132.099035
141.493795
105.675633
138.627967
118.774380
78.162221
117.867018
80.075315
73.344361
64.435136
88.802527
216.912268
79.547821
127.498250
77.162982
65.461959
67.705202
115.335630
134.740210
68.431291
101.568838
103.030967
86.441441
80.978591
106.567180
172.638163
69.660948
79.588908
91.887177
68.298336
130.051249
120.119471
133.983886
81.959890
93.024564
100.406841
81.136870
84.759569
72.109708
70.617728
96.319121
82.675063
