10.535541
11.545199
10.531598
10.788451
10.552565
10.846564
10.695992
11.349044
11.167642
11.796204
11.481875
10.799149
11.776898
12.235170
11.570728
10.764866
11.069592
11.040749
11.939303
11.427635
11.751678
10.965254
12.517187
12.880541
10.814913
10.898937
11.373673
10.705803
12.638658
10.821326
11.093923
11.744628
11.986188
10.938106
11.661296
10.824016
10.755125
11.102180
11.016922
11.400045
10.894439
12.167575
11.205923
10.651275
11.386858
10.234768
10.813472
11.244645
11.404557
11.395460
10.776768
11.541850
11.136108
12.272538
11.147550
10.995557
11.345728
11.525456
12.392987
12.352310
11.622813
10.924010
11.865293
11.304720
10.937308
10.956301
11.739232
11.291254
10.897571
11.606190
11.152407
11.135965
10.601011
10.856988
11.213964
10.958583
11.826277
11.690865
11.820856
11.528228
11.285929
10.638864
11.669305
11.843355
11.369479
11.003966
11.949095
11.101233
11.359954
10.822570
10.568238
10.945146
11.380098
11.149551
11.180031
11.493723
11.683777
10.150330
11.279123
10.783080
11.542353
11.144222
11.817560
11.291388
11.822573
11.151701
11.532589
11.106612
11.545464
12.163090
12.193114
10.602277
10.404227
10.898550
10.706129
11.438038
11.240833
10.654497
11.403202
10.400817
11.900910
11.838963
11.148179
11.720227
10.187579
10.346787
11.938680
10.604103
11.598186
12.292159
10.595627
10.637233
11.704780
11.370327
11.465741
11.015455
11.871000
11.716607
12.055202
11.209557
11.971491
10.991843
11.636871
12.075087
11.496140
12.287316
11.508468
11.061130
10.696857
11.720070
11.442863
11.087890
12.828018
11.255666
10.675521
11.898320
11.326098
11.169794
11.168416
11.089561
12.195269
12.170968
11.472716
11.963521
10.799651
11.873294
11.765949
12.256560
11.221028
12.023598
12.605351
11.933202
10.797495
11.553123
11.509204
11.505812
10.243074
10.973428
11.411645
10.800375
11.303152
11.117417
11.507683
12.036223
12.079885
10.869544
11.245511
11.410380
11.316226
11.123209
10.769568
10.565056
11.394977
10.953968
10.740782
11.209080
12.250848
10.378371
11.648576
11.967797
11.337557
11.339396
11.758060
11.046012
10.920679
10.802964
11.386657
10.648282
11.917213
11.095485
11.388034
11.076485
10.616458
11.482369
12.054259
11.991429
11.715387
11.319436
10.400081
10.833186
12.133257
11.081613
10.571186
11.435068
11.695152
11.451790
11.934592
11.497956
10.718530
10.898827
11.965735
11.079470
10.986391
10.752330
11.306099
11.349656
11.697932
10.341915
11.608299
11.627381
11.270709
11.658659
10.823989
11.263009
11.673365
11.326342
13.155958
10.697689
11.438819
11.386858
11.076162
11.964714
11.655743
11.722032
10.736124
11.713059
