7.185544
7.929325
8.339703
9.595633
10.133832
6.874020
10.023710
8.288288
8.166129
9.551195
8.291907
8.489341
9.440744
7.776605
8.208731
8.601605
10.073986
12.829816
8.481768
9.137060
8.954363
6.580443
9.353902
7.488012
11.835035
10.936099
8.116160
9.979520
8.980191
7.476386
11.280380
9.065157
9.012273
8.717164
9.476788
7.356294
9.456097
7.902753
10.833100
8.335758
7.922231
10.601938
9.380350
7.553435
10.021170
9.421890
10.244543
8.801375
9.093956
9.213154
8.111152
8.148437
10.950902
8.509341
9.623162
9.551194
7.607883
9.453335
8.113431
8.163952
8.919906
8.587898
8.196545
7.733993
15.345743
7.853808
8.570904
6.947292
9.589281
8.526576
7.172211
7.503500
9.547466
9.948521
9.481323
7.961306
8.870237
9.518361
11.320966
8.521245
7.956594
9.286720
10.035905
7.679599
9.903134
10.557378
8.725691
9.897981
9.387668
9.300884
9.118955
8.705179
10.222753
7.658429
9.141644
9.375978
7.842214
8.956735
6.929663
9.862743
7.652574
9.904433
8.080110
8.034572
8.866468
8.828974
9.613903
8.009436
9.431507
9.768475
10.605491
8.835158
7.728674
7.838803
7.093944
9.211935
8.595764
8.256974
7.500252
6.975505
10.952613
11.086638
9.351203
10.849092
10.544152
9.675366
8.268374
9.780009
8.636719
9.556387
9.140980
8.757969
7.851984
8.122631
9.895653
8.046608
10.166345
9.750107
10.051752
10.322116
7.340403
9.336595
6.879226
9.608220
8.062653
7.809341
10.260856
8.361724
8.087247
9.295911
8.488365
10.602647
8.320135
8.941574
7.449297
11.654609
10.387304
8.506903
9.058941
7.839818
9.131396
8.211628
8.448832
8.405054
10.125701
8.330175
7.957427
9.412136
7.424280
8.125765
8.874304
8.845347
10.992219
8.915301
11.118424
11.242238
10.355902
10.066347
9.393782
10.339253
8.472098
9.035238
6.563985
8.627870
9.464018
9.145390
6.509346
8.621174
9.784327
10.418508
8.069436
10.674850
7.872323
9.861204
6.983899
10.785177
13.840367
10.291073
9.385159
10.636222
9.674043
9.274974
8.914341
7.570866
6.711343
6.645959
7.975948
8.880417
9.911763
8.487962
7.124498
10.115947
8.076321
8.955959
9.311456
11.476221
8.531776
9.213097
8.608473
9.370618
9.233576
8.897574
10.218121
9.312630
8.628464
9.437653
9.119384
9.442454
9.943996
7.574464
8.298792
8.584716
8.732272
8.962443
9.742751
10.186727
9.740709
6.911145
9.101055
7.831224
9.310377
8.076072
8.925647
8.603615
8.712897
8.970713
10.060161
8.243632
11.312479
8.933810
12.549780
9.391072
8.722270
7.949268
9.058689
10.785259
