73.208471
91.156976
83.364971
94.456361
85.096721
76.256754
67.629757
104.340252
94.589604
109.672719
86.873780
92.218132
91.708684
83.792716
66.768019
99.292301
84.888627
93.510303
114.244790
90.778142
88.897518
80.161938
88.916593
87.049877
84.558159
94.835397
101.449142
98.570482
118.918318
126.694360
107.320557
102.159222
89.009132
90.652048
98.221895
106.805524
112.346568
98.628615
111.727359
122.611011
91.631109
143.420733
110.035405
75.007031
101.573617
90.115483
91.824261
99.257869
76.930933
94.990862
76.790498
81.431428
105.249349
80.401606
84.477881
92.460912
109.262278
81.034592
118.285369
101.131227
104.292482
90.204647
81.489705
82.443167
87.048354
83.906752
87.376349
94.965437
89.492027
123.980874
84.289025
85.127062
101.613752
92.139914
83.850367
104.574526
87.136618
83.932506
130.998541
103.901421
83.524899
83.105447
118.707122
91.627410
98.138033
96.322358
93.379873
97.120722
94.064090
69.805541
118.931150
77.576462
94.589352
99.557738
87.885728
73.104522
77.110819
66.924275
88.145348
74.490044
97.745258
111.773460
90.434702
86.460158
94.328036
117.942902
124.386202
87.814335
81.808502
96.122140
88.485267
85.176624
84.910765
94.817794
162.478239
77.741995
82.969645
97.541956
99.769803
85.569499
111.181603
91.916148
109.654277
104.139257
98.348936
113.611256
118.152752
120.295647
125.933006
89.984443
103.798498
102.336294
81.056217
105.627351
108.746380
97.180133
81.642996
95.559548
94.265153
95.534900
89.226652
99.819897
52.623877
84.245684
96.901898
78.623490
92.649057
68.245166
91.500629
75.070357
85.730922
78.506898
83.698414
103.362652
113.324173
85.877345
78.246732
80.102525
80.535428
81.980394
73.629244
137.351081
84.211744
104.316066
109.787509
73.054256
106.845577
105.933441
100.030908
86.561259
86.265657
82.923283
101.434836
86.679857
90.609152
85.424925
81.324522
85.703489
98.376897
103.792302
100.685185
86.598709
97.533218
96.375241
100.197954
69.814208
79.572112
115.955673
70.509731
97.648351
83.273442
79.916725
92.035793
74.653716
81.630058
70.512421
112.842520
108.732958
90.094331
73.105822
116.770476
127.569227
98.157150
102.937412
74.801117
73.215946
99.141424
74.866133
80.860055
84.931138
120.094914
116.498137
119.633420
77.707826
62.872185
61.679009
98.983063
104.135134
93.562550
109.242970
110.758617
75.591119
102.364454
93.916917
82.361530
88.073953
103.179582
88.640140
85.352483
78.880991
98.818030
99.894351
99.198018
133.374021
110.722959
103.665534
90.975234
69.638307
72.733803
101.413075
119.457184
83.098620
96.339966
88.986673
143.133447
87.674308
99.534277
107.944919
80.531798
112.483614
98.728636
92.375403
66.997637
87.193566
111.265643
92.435261
