126.985041
127.603499
128.319212
130.476031
131.265180
125.361391
130.822153
127.651190
127.636514
130.337084
127.300445
129.001486
130.338734
127.487188
127.893910
128.910235
130.363473
134.059892
128.720529
129.174155
128.843131
125.923715
129.510539
126.225956
132.210363
131.111971
128.259990
130.361819
129.127215
126.841146
131.800556
128.446771
129.259589
128.245575
129.432499
127.087889
128.748421
127.502658
130.617193
128.172840
127.622586
130.923098
129.402862
126.605326
131.623433
129.533810
130.288036
128.465292
129.099072
129.136301
127.166516
127.580211
132.208369
128.235010
129.846788
129.468955
127.534699
129.957202
127.569558
128.459102
128.645391
128.868780
128.393226
128.229545
135.743765
127.560363
128.335514
126.330268
130.209284
128.466975
127.195242
127.644861
129.709621
130.234461
130.124608
126.221918
129.374184
129.750599
131.397096
128.496095
127.880857
130.119459
130.124712
127.935194
130.246241
131.657245
128.398632
130.889721
129.816807
129.530191
129.034745
128.551040
130.273894
127.370053
128.987056
129.498789
127.976684
129.951586
126.897918
130.323009
127.471508
130.055741
127.722795
127.438492
127.960223
128.531671
129.506433
127.607721
129.339026
130.346424
130.877824
128.274184
128.076914
126.884901
127.461023
128.463169
128.822908
127.226625
127.612478
126.944747
130.892661
131.584526
130.413591
132.013994
131.138832
130.165716
129.041609
129.988064
128.081760
129.059446
128.611820
129.686675
126.952491
127.854301
129.839665
127.805630
130.376914
129.805951
130.080631
131.051502
126.623030
128.351355
125.548866
129.332820
127.420494
126.640522
130.787741
127.717649
128.172459
129.165611
129.262647
129.944700
128.318107
129.038491
126.385873
133.051200
131.185186
128.346786
129.875512
127.708014
128.659381
127.201187
128.328087
128.529236
130.139226
127.626572
127.674766
130.113977
127.182074
128.512500
128.202631
128.923042
131.130489
129.645323
131.748273
130.784626
128.888442
130.470217
129.202598
130.709667
128.283232
128.703658
126.563449
128.787730
129.463412
128.542129
125.636267
128.689128
128.745250
130.150111
127.979053
130.898858
127.600707
129.679070
127.449468
130.608940
134.466764
130.940180
129.887001
130.560062
129.077301
129.549220
129.163891
128.072358
126.216506
125.022529
127.363576
128.704412
130.225710
128.661491
126.643423
130.280569
127.765655
129.504132
129.523432
130.689988
128.660055
129.806976
128.857886
130.073471
128.913899
129.350029
131.125041
129.028466
129.306665
129.738746
129.650430
129.072557
130.290383
126.862962
127.573476
128.746467
128.431268
129.564461
129.524524
131.040700
129.928487
126.320112
129.981474
127.316836
129.888907
127.058433
128.880904
128.361349
128.054067
129.174439
130.312206
128.757467
132.387477
129.382819
133.139543
129.246774
127.912852
127.782771
129.805436
130.634793
