132.873287
150.839129
143.028207
154.482119
145.119325
135.974398
127.516600
164.452045
154.367850
169.759698
146.524884
152.088727
151.977121
143.779165
126.539324
159.639737
144.325749
153.944086
174.277896
151.112112
148.537125
140.093711
149.018944
146.760742
143.918908
154.649730
161.331330
158.979818
179.185637
186.697244
167.331334
162.795167
148.843756
150.427143
158.078951
166.523296
172.478359
158.433878
171.835504
183.206590
151.190059
203.262636
170.392653
135.001292
162.374934
150.277804
151.855078
158.734476
136.490589
155.183180
136.347494
141.277774
165.631047
139.967254
144.625110
152.126351
169.418569
140.877730
178.452777
161.263929
164.306861
149.957973
141.069318
142.500011
146.777491
144.037448
147.573030
154.477744
149.153154
184.757368
144.298558
145.038491
161.685522
152.094071
144.127056
164.631725
146.897290
143.401508
191.599638
163.804561
143.475860
142.921235
178.527182
151.484428
158.189303
156.283242
153.298818
157.668090
154.067692
129.234132
178.636549
137.196597
154.251464
159.888578
147.765105
132.621652
136.928570
126.442134
148.382295
134.169952
158.075131
171.837883
150.500218
146.096080
154.101360
178.027278
184.628606
147.494869
142.389814
155.957064
148.257043
144.647206
144.984673
155.148268
223.145605
137.142104
143.346801
157.359177
159.953132
145.183848
171.481294
151.905602
169.813085
164.453871
158.324590
173.977632
178.372963
180.700926
186.132057
150.076404
163.832119
162.390867
140.972760
165.820223
168.165026
157.560091
141.397742
155.272964
154.284037
155.622358
149.126057
159.709117
112.252534
144.088841
157.079167
137.809819
152.302074
127.470467
151.528890
135.185442
145.705170
138.499050
143.677579
163.075448
173.208553
145.804416
137.837248
139.983138
140.839493
141.506310
133.360351
197.827484
144.180643
164.765714
169.883530
133.235435
166.964270
166.218906
160.170503
146.430750
145.713255
142.934299
161.600609
146.762344
150.662581
145.524305
141.086731
145.723885
158.461103
163.669834
161.212154
147.167094
157.666219
156.742507
160.536547
129.262885
139.606821
176.165541
130.470583
158.333839
143.424718
139.555910
152.036972
134.559007
141.503814
129.930216
172.878069
168.523149
150.235278
133.105832
176.953223
187.540510
158.129345
163.153000
134.320570
132.871826
159.123752
134.752570
140.697067
144.996154
180.288899
176.504382
179.578626
137.640602
122.692238
121.340470
159.276457
163.924325
153.456682
170.014909
170.653090
135.237410
162.163165
154.054608
141.950121
148.221871
163.651101
148.015946
145.331666
138.284566
158.811668
159.794991
159.281864
193.340558
170.741141
164.085360
150.633185
129.628500
132.862568
161.336391
179.833288
142.943016
156.689227
149.035716
203.317268
147.253239
159.537731
168.250349
140.325618
172.571203
158.888954
151.841661
126.557431
146.851838
171.676995
152.171374
