30.292461
31.427533
30.437802
30.575983
30.499043
30.987724
30.664166
31.396317
30.982026
31.786885
31.456352
30.679326
31.906719
32.318407
31.542272
30.764326
31.139869
30.861117
31.901157
31.429147
31.949407
30.822730
32.724025
32.930971
30.853442
30.879846
31.303974
30.311871
32.881429
30.696204
31.049509
31.788575
32.110980
30.829240
31.683203
30.731957
30.774090
31.130369
31.008058
31.493750
30.786338
32.043861
31.167717
30.481777
31.368301
30.105462
30.660580
31.254483
31.319286
31.391568
30.759602
31.617031
31.095204
32.249173
31.102267
31.001907
31.456663
31.530972
32.408668
32.421124
31.760520
31.086384
31.883586
31.371079
30.847704
30.814837
31.833805
31.289080
30.856488
31.690142
31.286800
31.085295
30.565888
30.523256
31.024754
30.864824
31.877262
31.685951
31.839957
31.540878
31.252129
30.491254
31.707179
31.911229
31.270869
31.001782
32.058017
31.169312
31.308004
30.644286
30.537363
31.036898
31.434581
31.308498
31.245123
31.555851
31.768213
30.044264
31.501450
30.718917
31.749322
30.973941
32.010875
31.249925
31.941718
31.173371
31.593162
31.248251
31.451966
32.203956
32.271426
30.556493
30.226881
30.713773
30.655314
31.531413
31.237509
30.571669
31.592189
30.293508
31.973837
31.944586
31.186227
31.787408
30.122568
30.267256
32.219509
30.389705
31.577848
32.502190
30.493649
30.479061
31.709159
31.318179
31.382824
31.023266
31.764135
31.767264
32.022768
31.293933
32.118003
30.931490
31.929386
32.239600
31.603980
32.373478
31.447170
31.004576
30.500447
31.688544
31.404695
31.118618
33.023036
31.201435
30.617575
32.042497
31.039825
31.244095
31.250041
30.939372
32.083849
32.310448
31.385738
32.082410
30.752213
31.901824
31.810202
32.327345
31.219752
32.059334
32.680668
31.921185
30.633830
31.474405
31.427810
31.533711
30.030889
30.966505
31.316370
30.728221
31.063705
30.979715
31.454422
32.094327
32.169924
31.001223
31.209978
31.402383
31.150951
31.065118
30.710769
30.561874
31.228487
30.821855
30.775243
31.173300
32.223376
30.171468
31.550955
32.105221
31.451468
31.307970
31.838432
31.124792
30.887887
30.756216
31.242113
30.570220
31.969164
31.096548
31.428950
31.045356
30.422491
31.490864
32.053265
32.098819
31.712005
31.116994
30.389201
30.857167
32.251861
31.226916
30.573982
31.324425
31.607339
31.338051
31.880552
31.457269
30.450687
30.950211
31.999769
30.911208
30.996505
30.706143
31.339412
31.368424
31.656778
30.203531
31.624905
31.622034
31.176783
31.545935
30.772590
31.277582
31.631198
31.360912
33.309605
30.787505
31.492292
31.433942
30.988433
31.977258
31.808870
31.675337
30.794755
31.855727
