16.474122
16.873559
16.341406
16.480193
16.830478
16.451708
16.465878
17.019389
17.069490
16.410415
16.523107
16.423865
16.468830
16.656856
16.322223
16.309475
17.190599
16.915043
17.019990
16.626734
16.592998
16.172426
16.844614
16.247048
16.244702
16.630275
16.676632
16.647781
17.086373
16.545746
17.346360
16.746224
16.254753
16.488630
16.181501
16.259779
16.536208
16.711082
17.222831
16.780267
16.588255
16.810242
16.934270
17.051632
16.478276
16.163537
16.816869
16.746220
16.242188
16.761945
16.680790
16.655798
16.679126
16.427704
16.616733
16.043705
16.686882
16.606814
17.220869
16.417449
16.703567
16.716984
16.915889
16.578406
17.259944
16.477790
16.905174
16.848358
16.120689
16.774770
16.272187
16.654789
16.450208
16.469428
16.192774
16.197514
17.012299
16.649268
17.076276
16.783402
16.194200
16.462756
17.154955
17.132627
16.500725
16.095586
16.248922
16.859708
16.768705
16.606704
16.532283
16.163153
17.003252
16.961020
16.625249
16.790994
16.585206
16.445464
16.646627
16.618528
16.618739
16.819117
16.184038
16.950940
16.687437
17.063220
16.834339
16.621407
17.301584
17.093575
16.499803
16.201392
16.558673
16.156634
16.548898
16.759604
16.976127
16.342429
16.384357
16.601869
16.908681
16.364588
16.965261
16.509019
16.843640
16.443725
16.631347
16.449622
16.849380
16.942259
16.859452
17.065263
16.466419
16.254198
15.926580
16.597844
16.659906
16.755333
16.921010
16.641216
16.642627
16.621287
16.838266
16.598019
16.598235
16.801312
16.775614
16.569862
16.759029
16.674300
16.437556
16.132489
16.370042
16.695280
16.232280
16.390654
16.728735
16.360931
16.623812
16.657323
16.835419
16.540284
16.727171
16.308011
16.546663
16.098265
17.151501
16.692786
16.130996
16.408750
16.381817
16.783145
16.902145
16.537489
16.395011
16.608883
16.633728
16.936796
16.196066
16.427036
16.424986
16.911830
16.552100
16.101986
16.859725
16.621423
16.307953
16.621249
17.039286
16.338876
16.328053
16.321818
16.396539
16.736517
16.196398
16.318320
16.775888
16.271686
16.559581
16.772108
16.816130
16.555957
16.434086
16.551499
16.595875
16.835038
15.918001
16.693337
16.180980
16.663180
16.899173
16.329094
16.794152
16.549080
16.058424
16.508939
16.752419
16.360763
17.049694
16.813605
16.804833
16.672165
16.697853
15.891679
16.231962
16.621698
16.183111
16.475153
16.303932
16.249565
16.868090
16.372742
16.301934
16.784137
17.000694
16.845595
16.239300
16.646849
16.386826
16.299844
16.532921
16.403485
17.114652
16.811928
16.272850
16.993016
16.441887
16.253686
16.942424
16.643792
16.777102
16.384012
16.297301
16.299670
17.067416
16.701336
