336.213026
343.033074
357.019273
362.670599
360.574245
362.615608
364.488901
378.621947
402.383028
401.886929
396.076172
406.361986
414.266215
411.574731
412.967439
407.432761
405.570379
402.092417
401.980606
399.882112
395.661516
393.800464
393.420194
391.043184
390.000103
387.932944
385.704021
384.977752
385.383996
384.320898
382.344828
381.130369
383.595030
384.810383
385.479467
384.665240
382.980166
382.787051
382.791212
385.068525
387.157087
387.386892
386.870532
387.907665
388.314551
387.298291
387.346209
387.458260
387.735209
389.507507
390.693675
390.506303
390.253079
393.244806
393.205245
393.706470
395.063635
398.329644
399.514556
398.237447
397.774308
399.655621
402.540147
404.245400
402.766161
402.565495
401.347527
400.367917
400.298280
399.536115
400.959056
403.766500
405.484707
405.749897
406.588011
405.535456
404.687031
404.114239
404.191231
404.413931
403.796870
403.695030
403.587232
402.748787
403.090012
405.152880
405.360089
404.792151
404.391969
405.470392
405.971072
405.018776
404.606973
404.053218
404.460382
403.994473
403.391162
403.086532
403.582905
403.394151
404.454858
408.215034
410.181927
411.965447
413.504726
413.601395
414.701302
414.754878
414.788832
415.075363
414.563916
415.449714
416.147888
418.931663
420.193555
420.486689
421.438854
421.383487
420.996247
423.538966
423.390812
422.997813
423.174691
423.140744
422.678710
423.214401
422.946802
422.026687
