1.975009484375
3.6321928671875
4.69757856640625
5.43070987890625
5.8919012890625
6.2102561953125
6.43904314453125
6.62813039453125
6.7731496484375
6.916334
7.00572108203125
7.06244429296875
7.1418240859375
7.1955207734375
7.2551289921875
7.320278046875
7.36026375390625
7.40704434375
7.433189265625
7.45897149609375
7.482213328125
7.5142762890625
7.54140848046875
7.55904723828125
7.56895685546875
7.57633512890625
7.5905767734375
7.60118971484375
7.61927563671875
7.624630453125
7.6272873359375
7.6389063203125
7.65477376171875
7.66977587890625
7.68209726171875
7.69042543359375
7.70671601171875
7.71765666015625
7.73292933984375
7.74770844140625
7.75507623046875
7.75374009765625
7.76191459375
7.7693115546875
7.7690388515625
7.7744173671875
7.77959812109375
7.78098762890625
7.7869118359375
7.79404801171875
7.8003048671875
7.80953072265625
7.8210941328125
7.82900908203125
7.83166350390625
7.83525587890625
7.839559421875
7.8442188046875
7.84923171875
7.8520431171875
7.8559969375000005
7.85948155078125
7.86420283984375
7.8654790546875
7.867629078125
7.8682466640625
7.868994265625
7.87090741015625
7.87141315234375
7.87340942578125
7.87557072265625
7.8758053671875
7.8788454375
7.88081092578125
7.88172194921875
7.88334550390625
7.885547109375
7.88658498828125
7.88742339453125
7.887989875
7.88786594921875
7.8886127421875
7.8908222890625
7.89365155078125
7.8947628515625
7.89613118359375
7.898635203125
7.90095278125
7.9054675859375
7.90854296875
7.91066308203125
7.911749078125
7.9117507109375
7.912661859375
7.9143320703125
7.9163378359375
7.9187696015625
7.91838037109375
7.91795221875
7.91721709375
7.9158288125
7.91720896484375
7.9186170078125
7.91720621484375
7.91653901171875
7.91764679296875
7.9208623515625
7.92549688671875
7.92874277734375
7.9323755390625
7.93453168359375
7.935758953125
7.93615294140625
7.93749566796875
7.93904623828125
7.94239529296875
7.94354383984375
7.94661419921875
7.94746037890625
7.9461160703125
7.9448499453125
7.945319046875
7.94555712109375
7.94656494140625
7.946752515625
7.947144375
7.94702297265625
7.9474454921875
7.94880626953125
7.94951334765625
7.9501009296875
7.9504896953125
7.95080962890625
7.9525009375
7.95373367578125
7.953025875
7.952455140625
7.95404891796875
7.954810453125
7.9549575
7.95482569921875
7.9552791640625
7.95435378125
7.9540346484375
7.9537846875
7.95310872265625
7.9535714453125
7.95406722265625
7.955302140625
7.95610287890625
7.95518990234375
7.95659501953125
7.95783441015625
7.9581906796875
7.9582367578125
7.95757923828125
7.957330546875
7.9574199296875
7.9581001640625
7.9582913359375
7.9595468203125
7.9600612109375
7.95942849609375
7.96016819140625
7.961057609375
7.9614066015625
7.96247646875
7.961960578125
7.96259071875
7.9626809609375
7.9627632421875
7.96259594140625
7.961658359375
7.961793640625
7.963655484375
7.9635652890625
7.9623422421875
7.96290311328125
7.963117890625
7.9637171640625
7.9640589609375
7.965738
7.9664559375
7.96765566015625
7.96822503515625
7.9673425546875
7.965817265625
7.9659198203125
7.96689043359375
7.96826539453125
7.96806332421875
7.96783889453125
7.96688269921875
7.96700446875
7.96721006640625
7.9667308203125
7.966962171875
7.967997046875
7.96870716796875
7.96905525390625
7.96969809765625
7.97038851171875
7.97118230078125
7.9717115156250005
7.971778328125
7.9725088554687495
7.974125078125
7.9742598203125
7.9762072109375
7.97738991796875
7.97887502734375
7.97857258203125
7.97966925390625
7.97867421484375
7.97864385546875
7.978879765625
7.9788419062500004
7.97930104296875
7.979145296875
7.97822580859375
7.97784723046875
7.978256765625
7.97863650390625
7.97955940625
7.97949046484375
7.97923730859375
7.979797265625
7.980175015625
7.9805583359375
7.98105438671875
7.98094070703125
7.98092183203125
7.98044167578125
7.98046092578125
7.9807934921875
7.98157712890625
7.9818120703125
7.9829728359375
7.98338666015625
7.98400121484375
7.98450417578125
7.98424128125
7.98398808203125
7.98462622265625
7.98535197265625
7.98602089453125
7.9863166328125
7.98653284375
7.98629783203125
7.9863753203125
7.98674931640625
7.98658717578125
7.9867619765625
7.98639040234375
7.9864300625
7.986676046875
7.9863611015625
7.98625432421875
7.98644844921875
7.98663781640625
7.98698466015625
7.9876723515625
7.9882478671875
7.98848059765625
7.98913503515625
7.98979719140625
7.9902696171875
7.9911534296875
7.99210658984375
7.99283340234375
7.99373569140625
7.9942801484375
7.99533966796875
7.996511453125
7.9972227421875
7.99743253125
7.99735198828125
7.998363546875
7.99884403125
7.99936376953125
7.9994392265625
7.999274265625
7.9988461796875
7.999611265625
8.0002138984375
8.00062292578125
8.00013659765625
8.00033342578125
8.0006561484375
8.00130809765625
8.000975203125
8.0011298203125
8.00207334765625
8.002840859375
8.0030687578125
8.00412855078125
8.00529840234375
8.00527145703125
8.00567394140625
8.0065369453125
8.00727841796875
8.0074983828125
8.007323421875
8.0072835078125
8.00727546484375
8.00706657421875
8.007149890625
8.00746896875
8.007712375
8.00841273828125
8.00870548046875
8.00915288671875
8.00912433984375
8.0090783359375
8.009006734375
8.00984471484375
8.010143921875
8.01015656640625
8.00988759375
8.00978205859375
8.00966062890625
8.00923326171875
8.00980784375
8.01026695703125
8.010191890625
8.01050482421875
8.01023712890625
8.01005065234375
8.01048364453125
8.01085711328125
8.01118779296875
8.0115285234375
8.01138246484375
8.01152083984375
8.0116796015625
8.0113816015625
8.0108020234375
8.01063319921875
8.01119504296875
8.0114679921875
8.01216322265625
8.0126135234375
8.01248259765625
8.01237983203125
8.01257543359375
8.012663890625
8.0125520078125
8.01244181640625
8.0124055
8.01251941015625
8.0130781015625
8.0132697421875
8.01199951953125
8.011264421875
8.01136231640625
8.0114559921875
8.0114962890625
8.011343359375
8.01120353125
8.01193640234375
8.0106756640625
8.0049617734375
7.99713827734375
7.988875078125
7.9797095390625
7.970116125
7.96098098828125
7.9515649375
7.941963328125
7.93281571484375
7.9237179609375
7.914637796875
7.90476451171875
7.8958318515625
7.88643459765625
7.877503578125
7.86839885546875
7.85962260546875
7.85039971484375
7.841670953125
7.8326403046875
7.82373712890625
7.81488679296875
7.8060797734375
7.79719310546875
7.788369265625
7.77900645703125
7.77021271484375
7.76133675390625
7.7528106640625
7.74383348828125
7.73511570703125
7.72701676953125
7.719361015625
7.71102198046875
7.70261336328125
7.69462772265625
7.68625850390625
7.6778796015625
7.669535765625
7.6612638671875
7.6530013515625
7.64516101953125
7.637438984375
7.6296163828125
7.6214643515625005
7.61367790625
7.6056397265625
7.5974793359375
7.5897335703125
7.58249715625
7.57491153125
7.5675415859375
7.56049304296875
7.55254794140625
7.54446060546875
7.537102640625
7.5293650703125
7.5218825234375
7.51440942578125
7.5067749765625
7.49972040625
7.49235851953125
7.4854437421875
7.47804229296875
7.4708950234375004
7.46411677734375
7.45677019140625
7.4493852890625
7.44207473828125
7.4349717109375
7.427865921875
7.42100740625
7.41381412890625
7.40666721875
7.4001693203125
7.39350154296875
7.3867310390625
7.37969892578125
7.37314905078125
7.36668980078125
7.3602691796875
7.35364227734375
7.3467857265625
7.3401531484374996
7.33413234765625
7.32782556640625
7.32116327734375
7.3141870859375
7.30741852734375
7.3006641171875
7.294207875
7.28764098828125
7.28118737109375
7.274773640625
7.26841517578125
7.2621311640625
7.25621330078125
7.25003344140625
7.24374585546875
7.2377199140625
7.2313101484375
7.225208140625
7.21916604296875
7.2132915546875
7.207751234375
7.2017946484375
7.19619475390625
7.19060853515625
7.18505277734375
7.17888184765625
7.172826
7.16689542578125
7.1607045703125
7.1550438359375
7.1489960859375
7.14324794140625
7.1370825
7.13128972265625
7.12563134765625
7.1202697109375
7.11492616796875
7.10962677734375
7.10416729296875
7.0983619335937505
7.0926362265625
7.0870648046875
7.081589859375
7.0764551484375
7.0707926953125
7.06533948828125
7.0598565859375
7.05439552734375
7.04915415625
7.04408589453125
7.0390119921875
7.0336888203125
7.028774765625
7.02370584765625
7.01846778515625
7.01323845703125
7.00793338671875
7.0024298671875
6.9973414453125
6.9925710625
6.9872490390625
6.98206924609375
6.9770049453125
6.97203768359375
6.96719051171875
6.96214421875
6.9574056796875
6.9528546875
6.94813969140625
6.94298354296875
6.93796126953125
6.9328875078125
6.9281022890625
6.9230346875
6.9177554609375
6.91252006640625
6.90767027734375
6.90288881640625
6.89820079296875
6.8937049296875
6.88907108984375
6.884663546875
6.880216796875
6.8754151796875
6.870780984375
6.86633290234375
6.86196187109375
6.8574206171875
6.85295575
6.848585015625
6.84399198046875
6.83947977734375
6.8348802421875
6.830516421875
6.82610451953125
6.82160490234375
6.81702484375
6.8125774375
6.8079658984375
6.80378598046875
6.79924126171875
6.79491432421875
6.79041944140625
6.78627480859375
6.78194478515625
6.77757203515625
6.77351269921875
6.76937013671875
6.76503940234375
6.7606584453125
6.75623626171875
6.751981421875
6.74771990234375
6.74369348828125
6.739287328125
6.73516673828125
6.73099612109375
6.72686563671875
6.72270221484375
6.71851349609375
6.714094046875
6.710015875
6.7061795078125
6.7022480625
6.69844653515625
6.69471430859375
6.69065972265625
6.6865139453125
6.68257671875
6.678883671875
6.67483348046875
