1.49672279296875
1.7604690625
1.906766
2.00664628515625
2.08494141015625
2.12959033984375
2.16639783984375
2.19484563671875
2.2132809765625
2.24562671484375
2.2568119609375
2.2725437734375
2.28070358984375
2.28237541015625
2.28495896484375
2.292455046875
2.29649046875
2.30150906640625
2.31233116015625
2.3193281796875
2.32610650390625
2.32887385546875
2.3303609609375
2.33339825390625
2.34135729296875
2.34926407421875
2.34901526171875
2.35145805078125
2.35421002734375
2.353343671875
2.3554705234375
2.35610020703125
2.36161143359375
2.3616680234375
2.3607782578125
2.3654263671875
2.36881526171875
2.37505032421875
2.3795821171875
2.37931440234375
2.37867947265625
2.3809130625
2.383271515625
2.38247862109375
2.38033045703125
2.3797541484375
2.3807876875
2.37990875390625
2.37963068359375
2.38051271875
2.38078072265625
2.38303258203125
2.3860186796875
2.3882335703125
2.38938550390625
2.38919938671875
2.3878051640625
2.38824790625
2.39007726171875
2.391887484375
2.39579765625
2.397722609375
2.3989453046875
2.40154862109375
2.40400660546875
2.40466643359375
2.4042548203125
2.402612984375
2.4020839765625
2.402420890625
2.4038084609375
2.40491166796875
2.40535256640625
2.40634219140625
2.40638540234375
2.40733880078125
2.40728568359375
2.40561345703125
2.4044753515625
2.40223267578125
2.400413203125
2.39945344140625
2.40011336328125
2.39873114453125
2.39857699609375
2.399047484375
2.39892695703125
2.39966079296875
2.40065285546875
2.4008798046875
2.4002690078125
2.3997246328125
2.398959328125
2.3974697578125
2.39705697265625
2.3977259375
2.3969561796875
2.39676480078125
2.39654965625
2.3963183203125
2.3956417109375
2.39543695703125
2.39610826953125
2.3960368828125
2.39570946875
2.3968643515625
2.39953331640625
2.4010152421875
2.4020714609375
2.40180819140625
2.402322875
2.40218853515625
2.403012078125
2.40351624609375
2.404471328125
2.40468134765625
2.40445934375
2.40438893359375
2.40423978125
2.40432502734375
2.40400383984375
2.4051478359375
2.405971078125
2.40622809375
2.4064653750000002
2.40646101171875
2.40642168359375
2.40688040234375
2.40639662109375
2.40611244921875
2.40627733984375
2.40612605078125
2.40721481640625
2.40779191796875
2.40745291796875
2.4074716875
2.4073021953125
2.40703232421875
2.4061008984375
2.40593338671875
2.40577535546875
2.405246109375
2.404975046875
2.40465418359375
2.40363251953125
2.40387036328125
2.40416449609375
2.40432998046875
2.4043660546875
2.40452291796875
2.404597046875
2.40470722265625
2.405365765625
2.40597112109375
2.40564464453125
2.40506727734375
2.4048711953125
2.40527842578125
2.4049968359375
2.40491863671875
2.4049520625
2.40440814453125
2.40396405859375
2.40464916015625
2.40443255078125
2.40542779296875
2.40581088671875
2.405960671875
2.40645186328125
2.40631395703125
2.40627850390625
2.40578848828125
2.405495984375
2.40534087109375
2.40477749609375
2.40448753515625
2.4041142109375
2.4040799375
2.4042026835937502
2.40453312109375
2.40509109375
2.404660796875
2.4048740234375
2.40423090625
2.40397673046875
2.40356908984375
2.40368178515625
2.403625328125
2.40385052734375
2.403769953125
2.4043926171875
2.40449466015625
2.4044920859375
2.40435539453125
2.40412921484375
2.40397873046875
2.40368101953125
2.40350848828125
2.4041872734375
2.40443725
2.4048150390625
2.405140890625
2.40559009375
2.40552109765625
2.4061190234375
2.40664727734375
2.4066146953125
2.40676822265625
2.40741192578125
2.40815218359375
2.408374609375
2.40877419140625
2.40836264453125
2.40817621484375
2.408111890625
2.408023921875
2.4081896640625
2.408232046875
2.407569765625
2.40709290625
2.4069787265625
2.40738708203125
2.40750959765625
2.40769664453125
2.40755166015625
2.40838668359375
2.40916437109375
2.40933570703125
2.40941601953125
2.4092334140625
2.408829859375
2.40826901953125
2.40852869140625
2.40894983203125
2.40888298828125
2.40888329296875
2.408734453125
2.4086511796875
2.408248
2.4084529140625
2.40818144921875
2.4076394765625
2.40776566796875
2.40777520703125
2.4073562734375
2.4076222109375
2.40803910546875
2.4075921875
2.40709862890625
2.40691646875
2.40676877734375
2.40704885546875
2.40693162109375
2.4066764296875
2.40660618359375
2.40695635546875
2.40722166796875
2.40696583984375
2.407171953125
2.40786098828125
2.40815139453125
2.4085163203125
2.40867251953125
2.40843703125
2.40846824609375
2.40839193359375
2.40869033203125
2.40857048828125
2.40854031640625
2.408777828125
2.4087119375
2.40881568359375
2.40882658984375
2.408898578125
2.4089043125
2.4085156796875
2.40843108203125
2.40867740625
2.40853591015625
2.4084923203125
2.40865708203125
2.40811853125
2.4080613671875
2.40843517578125
2.408545546875
2.40855648828125
2.4082567890625
2.40801591796875
2.40819280859375
2.408453328125
2.40842151953125
2.4086974921875
2.40869046484375
2.408097609375
2.40798944140625
2.4078898671875
2.4078498046875
2.40786484765625
2.40770796484375
2.407610234375
2.40748482421875
2.40752590234375
2.40750150390625
2.4073614296875
2.40719883984375
2.40728880859375
2.40724392578125
2.4070001171875
2.4069037109374998
2.40642067578125
2.40671180078125
2.40711128125
2.40743551953125
2.40739404296875
2.40774296875
2.40829824609375
2.4083947890625
2.40842359765625
2.40852825
2.4079181796875
2.40757777734375
2.40780975
2.4079808671875
2.4080310078125
2.40796758984375
2.4077198125
2.40748569140625
2.40781605078125
2.4078778125
2.40775159375
2.40801923046875
2.40763476171875
2.4074736796875
2.40732220703125
2.40686641796875
2.406579140625
2.4067209296875
2.4067980703125
2.4069323828125
2.40709748828125
2.40733909375
2.40745437890625
2.4075617109375
2.4075003671875
2.40752016015625
2.40768792578125
2.407635125
2.40767431640625
2.40782978515625
2.40804125
2.40771709375
2.4073140390625
2.4070770234375
2.40714488671875
2.407194203125
2.407201546875
2.4071570703125
2.40757958203125
2.40752048046875
2.40738333984375
2.40643325
2.404607484375
2.40244859375
2.39993943359375
2.3972641992187502
2.394714109375
2.39218754296875
2.3894911015625
2.3870149375
2.38439987890625
2.38219242578125
2.37965470703125
2.3770549765625
2.37464204296875
2.37192320703125
2.3694242539062498
2.36694521875
2.36468825390625
2.362310640625
2.3600997890625
2.35788706640625
2.35563991796875
2.353217203125
2.35114840234375
2.348743140625
2.34650522265625
2.34434039453125
2.3420074296875
2.33963091796875
2.337374421875
2.33516636328125
2.33300591015625
2.33077241015625
2.32856221875
2.326312921875
2.32402292578125
2.3220683046875
2.31972529296875
2.3173801953125
2.31501430078125
2.3126443984375
2.31055265625
2.30840309375
2.306410109375
2.3043824140625
2.30215571875
2.29994296875
2.29779065625
2.295784765625
2.2939148515625
2.29183505078125
2.29000821875
2.2883629453125
2.28622486328125
2.28409791796875
2.28205734765625
2.280007859375
2.27797882421875
2.27602162890625
2.2738239140625
2.2717848359375
2.269989421875
2.26813357421875
2.26628421875
2.2645012890625
2.26251341015625
2.26053133984375
2.25861334765625
2.25653712890625
2.2546850625
2.2527579140625
2.25102610546875
2.24912273046875
2.2472144921875
2.2452498515625
2.2436057734375
2.24187416015625
2.2400882109375
2.23828323828125
2.23640950390625
2.23471501953125
2.23295697265625
2.23106799609375
2.2294245078125
2.22783551953125
2.2262744726562502
2.224505703125
2.2226457265625
2.2207703046875
2.21911936328125
2.21735538671875
2.21552497265625
2.21377628515625
2.2119143046875
2.210180984375
2.208467953125
2.2067297578125
2.2050608046875
2.20339227734375
2.20161547265625
2.1998663671875
2.19811948046875
2.1965519335937502
2.19505323828125
2.1935372734375
2.192079828125
2.1905959609375
2.18899298828125
2.18751067578125
2.1861300234375
2.18462859765625
2.183157328125
2.1815887109375
2.1799274609375
2.1782083828125
2.17660262890625
2.1750917109375
2.1733985390625
2.17186146484375
2.170513734375
2.16908041796875
2.16764778515625
2.16624915234375
2.16463870703125
2.1630669375
2.16152387109375
2.16009158203125
2.15866769140625
2.157301015625
2.1559875859375
2.154439
2.153057578125
2.15156949609375
2.1502288359375
2.1488206953125
2.147539703125
2.146150890625
2.14484369921875
2.14340367578125
2.14210794140625
2.1406833046875002
2.13913648828125
2.13772351953125
2.13659636328125
2.1352781796875
2.133890328125
2.13254483984375
2.13123719921875
2.1299247617187502
2.1287156953125
2.12735050390625
2.1261694765625
2.1249509765625
2.12369256640625
2.1222741640625
2.1208184140625
2.11940275
2.1181269140625
2.11676455859375
2.11537380078125
2.114112671875
2.11284232421875
2.1114352734375
2.11019098046875
2.1089600078125
2.107715859375
2.1065495390625
2.10525610546875
2.1039967421875
2.10286240625
2.10181244140625
2.1005419765625
2.09934765625
2.0982075898437498
2.0969374375
2.095636578125
2.09443155859375
2.093216984375
2.0920672421875
2.09078515234375
2.0894910390625
2.0882006953125
2.08706028515625
2.0858010625
2.08462477734375
2.08346088671875
2.0822456875
2.08107930859375
2.08006158203125
2.0788953671875
2.07780183984375
2.07665596484375
2.07549052734375
2.0743216796875
2.07325037109375
2.0721005
2.0709000234375
2.06975643359375
2.0686637265625
2.06758986328125
2.066517234375
2.06546830078125
2.06439732421875
2.063259703125
2.06230264453125
2.06119182421875
2.0601927890625
2.05920930078125
2.0582386640625
2.0572098046875
2.05605729296875
2.0548649453125
2.0538028125
2.05296755859375
2.0519154921875
2.050927484375
