0.87080037109375
2.39123803125
3.3993093359375
4.2542281796875
4.98740558984375
5.5589353828125
6.08928205078125
6.555314203125
6.98949521875
7.39657392578125
7.8025311328125
8.19671028515625
8.56073480078125
8.88402647265625
9.1776196015625
9.42699262890625
9.66430587890625
9.89331143359375
10.09943319140625
10.2966248828125
10.48856607421875
10.66193943359375
10.83895896875
11.0218303125
11.199128046875
11.3737175703125
11.54134587109375
11.71358577734375
11.8703926796875
12.0175098359375
12.15485012109375
12.29146539453125
12.425235105468749
12.5443474375
12.66316445703125
12.7785219140625
12.89232187109375
13.00230219140625
13.113432265625
13.217444625
13.32290051953125
13.43142395703125
13.53656791015625
13.6407264609375
13.74143277734375
13.84618465625
13.94343196875
14.0435809296875
14.13700228125
14.22145922265625
14.29820364453125
14.3700485390625
14.430900476562499
14.48621017578125
14.53591443359375
14.57993991796875
14.62496825
14.6685203984375
14.71485473828125
14.7572883046875
14.798552828125
14.84028745703125
14.88518177734375
14.93185484375
14.97981406640625
15.02607757421875
15.0686818828125
15.108038195312501
15.1431961953125
15.1772225546875
15.209719203125
15.24482330078125
15.2790489921875
15.30927734375
15.3430272890625
15.3839004140625
15.42749163671875
15.4721864296875
15.511021359375
15.553435921875
15.5885753984375
15.6236447421875
15.6544782421875
15.6875530234375
15.7226529140625
15.75275980859375
15.78399601953125
15.81415711328125
15.84395164453125
15.8758109609375
15.90206223828125
15.929400953125
15.96253730859375
15.9911602890625
16.01753816015625
16.0451078671875
16.0702701796875
16.09465962890625
16.12015040625
16.1474417578125
16.17374897265625
16.196332640625
16.22340406640625
16.250368828125
16.2793883125
16.30959465234375
16.33779656640625
16.3642275234375
16.3901773203125
16.4158961953125
16.44092000390625
16.46701907421875
16.49058753515625
16.511842625
16.531376203125
16.54876118359375
16.5660990234375
16.5836444765625
16.6057790859375
16.62763237109375
16.646306859375
16.66389075390625
16.6822631953125
16.6977947421875
16.7141661484375
16.72956615625
16.74442279296875
16.75887197265625
16.773046984375
16.7889946640625
16.80573508203125
16.82220726953125
16.83663192578125
16.85149312890625
16.8670456953125
16.88524662890625
16.90265503515625
16.92026852734375
16.93545896875
16.9514613046875
16.96654987890625
16.9822556796875
16.99841099609375
17.01631880078125
17.03546101171875
17.053515640625
17.0701807109375
17.086760125
17.0985613046875
17.1114540859375
17.1241002421875
17.13703153515625
17.14826844921875
17.158726078125
17.1703308203125
17.1824998125
17.19393305078125
17.20430097265625
17.2139639609375
17.22009994921875
17.2232872109375
17.22907312109375
17.23554612890625
17.243006671875
17.2488108203125
17.25460080078125
17.25798876953125
17.260011355468748
17.26098309765625
17.2622105546875
17.2649388671875
17.26856602734375
17.2700242734375
17.2709196953125
17.27100139453125
17.2718374921875
17.2711531953125
17.27112012109375
17.26941206640625
17.268886609375
17.271913765625
17.2750556875
17.27937983984375
17.284781984375
17.289529453125
17.2955131796875
17.3012290859375
17.3053344453125
17.311748953125
17.31761538671875
17.32337796875
17.3301520546875
17.33814031640625
17.34759554296875
17.35680106640625
17.36506463671875
17.3739720625
17.38423817578125
17.394482984375
17.404324609375
17.41417225390625
17.4234635234375
17.432664734375
17.44227590234375
17.4508068828125
17.45706739453125
17.46289720703125
17.47107773046875
17.476876625
17.48082332421875
17.4828144921875
17.48702878125
17.4907634140625
17.49629404296875
17.50224797265625
17.50870310546875
17.51486406640625
17.522002078125
17.52908037109375
17.536022421875
17.54280150390625
17.54947871875
17.55784640234375
17.56674704296875
17.57594504296875
17.5848515234375
17.5930657265625
17.6015928515625
17.6097330859375
17.61683573046875
17.6258082578125
17.63485188671875
17.64417975390625
17.653451109375
17.661658625
17.67104615625
17.67960928125
17.68799426171875
17.6959957265625
17.705086914062502
17.71287744140625
17.7206488359375
17.7278421875
17.73656283203125
17.74578955859375
17.75380940234375
17.76255905859375
17.7691966015625
17.77455136328125
17.77923257421875
17.7848442265625
17.790203328125
17.79446745703125
17.7997464140625
17.80488839453125
17.8099417890625
17.814560890625
17.818183203125
17.8208107421875
17.82310330078125
17.82596516015625
17.8292259609375
17.83397939453125
17.83825085546875
17.8428155859375
17.8470560703125
17.8514968828125
17.85634738671875
17.8611199375
17.8660773515625
17.8708682734375
17.87495033984375
17.87978609765625
17.8853860234375
17.8906794453125
17.89797999609375
17.90475801953125
17.91214008203125
17.91948680078125
17.9277268828125
17.93423279296875
17.9415737265625
17.94741825390625
17.95323341796875
17.959343
17.965513171875
17.9715771953125
17.97585531640625
17.9814602265625
17.9885043046875
17.9948938515625
18.00129909375
18.0081671328125
18.01424576953125
18.020301320312498
18.0255724296875
18.029107109375
18.03260030859375
18.037698140625
18.04290120703125
18.04812991015625
18.05483378515625
18.0624201875
18.0699075
18.0763486171875
18.08316480859375
18.08946727734375
18.0962021328125
18.10335151171875
18.10952688671875
18.1163349296875
18.1240593125
18.1310002265625
18.13705365234375
18.14450508203125
18.15240666015625
18.16011087109375
18.166719140625
18.17229098046875
18.177059078125
18.18051790625
18.18373186328125
18.18669069921875
18.19007630859375
18.1939899765625
18.19865954296875
18.20360512890625
18.2083967109375
18.212834265625
18.21758478125
18.22141571875
18.22524062109375
18.2299970546875
18.2348893046875
18.23926078515625
18.2431995859375
18.24700393359375
18.25043133984375
18.25454069921875
18.2591150234375
18.2647615
18.27054736328125
18.2762052578125
18.2816857890625
18.28703010546875
18.29156240234375
18.29555601171875
18.30091678125
18.30736030078125
18.313294796875
18.318783078125
18.32455588671875
18.3301990390625
18.33642809765625
18.343676109375
18.3509799765625
18.35847076171875
18.36533391796875
18.37144790625
18.37826448828125
18.3848870703125
18.39084147265625
18.3946656875
18.3959438984375
18.39508498828125
18.39101208203125
18.3827002265625
18.37082208203125
18.355824328125
18.33859088671875
18.3193266015625
18.298834875
18.27559174609375
18.2507676015625
18.2242962734375
18.19636996875
18.16792915625
18.13802745703125
18.10702697265625
18.07553447265625
18.0437880234375
18.012312265625
17.98074443359375
17.9494390078125
17.91799944140625
17.88589230859375
17.85335194140625
17.82077753515625
17.7883604765625
17.756058015625
17.72442456640625
17.6928379296875
17.66138541796875
17.62964415625
17.5980847578125
17.5661221328125
17.5352585390625
17.50474294140625
17.473786003906252
17.4426010625
17.41199375390625
17.3816166328125
17.3516635546875
17.3211906328125
17.29172837890625
17.26150858984375
17.23186665234375
17.20240134765625
17.17388603125
17.14459982421875
17.116318
17.0882774765625
17.0600929453125
17.03161554296875
17.00300058203125
16.9745573125
16.946362671875
16.91821874609375
16.88967992578125
16.862582203125
16.83524312109375
16.80701834765625
16.77918753515625
16.752086124999998
16.72536971875
16.69878365234375
16.6719439140625
16.64553137890625
16.61971030859375
16.59365581640625
16.5670407265625
16.54159972265625
16.51552012109375
16.48965356640625
16.46406680078125
16.438604109375
16.413855859375
16.3889480859375
16.3641759375
16.33930711328125
16.31539233984375
16.29083191015625
16.26642730859375
16.24229888671875
16.21808385546875
16.1938477421875
16.16920871484375
16.14497696875
16.1204380859375
16.09593394140625
16.07078321875
16.04603053125
16.02163087890625
15.99742085546875
15.97317627734375
15.949010765625
15.9254391875
15.90205919140625
15.8784076640625
15.855655375
15.8323627890625
15.80903748828125
15.7858680078125
15.76302849609375
15.74012808984375
15.7175484296875
15.69478756640625
15.67208065234375
15.6494871171875
15.62704236328125
15.605984078125
15.583842078125
15.5623492890625
15.54042284765625
15.518288859375
15.49664969140625
15.47527743359375
15.45351718359375
15.43192689453125
15.41049648046875
15.389051484375
15.366907734375
15.34585737109375
15.3248378125
15.30397392578125
15.2833007109375
15.26225527734375
15.24173406640625
15.221670609375
15.20125851953125
15.181048921875
15.1606794296875
15.14139736328125
15.1219160546875
15.10295634765625
15.0835082734375
15.06428561328125
15.04508734765625
15.025990125
15.0069103359375
14.98763753515625
14.96844332421875
14.94995056640625
14.930860765625
14.91239296875
14.89352215625
14.87469276171875
14.8555584140625
14.83639206640625
14.81767365625
14.79894034765625
14.78055515234375
14.7618664375
14.74340097265625
14.72522333984375
14.70730151953125
14.689840703125
14.67206403125
14.65433651171875
14.63664815625
14.618406484375
14.60000520703125
14.5817750546875
14.5635906640625
14.54557884375
14.5280864375
14.51068758984375
14.49306455859375
14.47532183984375
14.458294859375
14.44086369921875
14.423416671875
14.406135289062501
14.3889629921875
14.37217131640625
14.3553286171875
14.33850773046875
14.32204259765625
14.3056125078125
14.2888860625
14.27252746484375
14.25561438671875
14.23899821484375
14.2220688125
14.20489515234375
14.18872759765625
14.17177075390625
14.155699046875
14.139153828125
14.1227749140625
14.106391296875
14.090374375
14.0746010703125
14.058699
14.043095234375
14.02758680078125
14.0119913671875
13.99622196484375
13.98096203125
13.96572462109375
13.949988359375
13.93473415625
13.9195583984375
13.9048302578125
13.89060223828125
13.87541653125
13.86041184375
13.84632528125
13.83188041015625
13.8172983515625
13.802792375
13.7877596484375
13.7727738515625
13.75791234765625
13.74343647265625
13.72928546484375
