6.7256232226562505
10.4872291796875
12.93316177734375
14.39778023046875
15.431970328125
16.24959123046875
16.8696390859375
17.3671875859375
17.7278419765625
18.04413594921875
18.281064570312502
18.49827139453125
18.69668239453125
18.87172143359375
19.03548229296875
19.1732138125
19.2929764765625
19.3935629140625
19.4849234296875
19.58069939453125
19.68023563671875
19.7784106875
19.861999191406248
19.92537202734375
19.979527375
20.0278138359375
20.0687932890625
20.102131
20.1233505625
20.15394651953125
20.1870050859375
20.21449388671875
20.24667509765625
20.2798196015625
20.3108795078125
20.3487769375
20.38861083203125
20.4280040859375
20.4598905625
20.4936471328125
20.5302090390625
20.55754507421875
20.58218821875
20.5982675390625
20.612908140625
20.62879275
20.64996275390625
20.6622318984375
20.6780663515625
20.69250065625
20.7069388984375
20.72330533203125
20.74893172265625
20.77556483203125
20.80168432421875
20.82429059375
20.84310569921875
20.855946453125
20.87166236328125
20.8867789453125
20.89947280078125
20.91017926171875
20.91456156640625
20.928130015625
20.94013019140625
20.953820003906248
20.96640655859375
20.97958338671875
20.98981475390625
20.99841664453125
21.00786884375
21.01621428515625
21.02240032421875
21.0280540546875
21.03377184765625
21.037533890625
21.0406075234375
21.0450087421875
21.04367890234375
21.04167890625
21.03717794140625
21.03569168359375
21.03796512109375
21.042991800781248
21.046488515625
21.05306653515625
21.05986148828125
21.06891703125
21.075364390625
21.0824884296875
21.08768734765625
21.08939148046875
21.0896044453125
21.09086065625
21.09209804296875
21.0899105
21.087772625
21.08682324609375
21.08202278515625
21.07844709375
21.08144798828125
21.08392619921875
21.0862528515625
21.0913047421875
21.10124598828125
21.112426875
21.1262363515625
21.14233699609375
21.152930234375
21.16383179296875
21.1729011484375
21.18281951953125
21.191955359375
21.19677836328125
21.1989735390625
21.2033091328125
21.206955765625
21.21048932421875
21.21602934375
21.2245718203125
21.236006875
21.24562823046875
21.249429046875
21.25054668359375
21.25179574609375
21.25284991796875
21.25322553125
21.25438455859375
21.254141140625
21.25651991796875
21.25614562109375
21.2546956640625
21.25848930859375
21.26335277734375
21.26269086328125
21.260076828125
21.25968824609375
21.25839934375
21.26082266796875
21.264424890625
21.26694853125
21.269659984375
21.27245727734375
21.27630793359375
21.28160670703125
21.286396984375
21.29074237109375
21.29318073046875
21.2951389921875
21.29837231640625
21.30170178515625
21.3060756484375
21.308749796875
21.310201742187502
21.31073139453125
21.31013615625
21.3109423515625
21.313717328125
21.316445765625
21.32038819921875
21.3243344296875
21.3287866484375
21.3345716640625
21.3404842421875
21.343811703125
21.34879887109375
21.35505971875
21.36016641015625
21.36208946875
21.365588765625
21.3684165625
21.37019746875
21.3678605
21.36601411328125
21.36494698828125
21.36686234765625
21.369411234375
21.37079822265625
21.37162640234375
21.37050453125
21.36966066796875
21.36885070703125
21.368059296875
21.367552320312498
21.36813896875
21.36856795703125
21.3682613671875
21.3682371484375
21.36868659375
21.368469421875
21.36893122265625
21.369634859375
21.37118985546875
21.37253598828125
21.37408528515625
21.3799586484375
21.38506189453125
21.3893132734375
21.390667546875
21.39161871875
21.39375065625
21.396242046875
21.3990494296875
21.40094849609375
21.40350555078125
21.406963203125
21.409995691406248
21.4115846796875
21.413648429687502
21.416208
21.4171693515625
21.4165234296875
21.4151051015625
21.4126890234375
21.41248397265625
21.4122230703125
21.4118836328125
21.4123735
21.4126893359375
21.4126779140625
21.41140044140625
21.410128671875
21.4084630625
21.40666872265625
21.4061296484375
21.4045016015625
21.40266452734375
21.40013846484375
21.39671268359375
21.39283588671875
21.39280512109375
21.39184451953125
21.39010084375
21.38944699609375
21.38777319140625
21.38546901953125
21.3848359921875
21.38410308984375
21.38309887890625
21.3826461640625
21.382566515625
21.38146057421875
21.381071660156252
21.38090853125
21.38280281640625
21.3840947421875
21.3846766328125
21.38562465234375
21.38604658203125
21.386878390625
21.38697780078125
21.38816326171875
21.38957205078125
21.389859484375
21.38946358203125
21.38891140234375
21.388799390625
21.38914176953125
21.3899573046875
21.39049428125
21.39111196875
21.390631703125
21.39031783203125
21.38911146484375
21.38846969921875
21.38826815625
21.38819828125
21.38742908203125
21.3867702109375
21.386436828125
21.38799843359375
21.390471484375
21.39109265234375
21.39187330078125
21.3912069296875
21.3911313125
21.391738140625
21.391913421875
21.39431330078125
21.3951002265625
21.3941880625
21.39373494921875
21.3936845
21.3943083515625
21.3955548984375
21.39837555859375
21.400331546875
21.4018203984375
21.40327029296875
21.404786390625
21.4068535625
21.40886511328125
21.40885327734375
21.40899969921875
21.40919544921875
21.4106213984375
21.41221104296875
21.41131591796875
21.4112238828125
21.41272176953125
21.41440396875
21.41507753125
21.4147473828125
21.41543648828125
21.4166689609375
21.4174474296875
21.4188013125
21.42074730078125
21.42246399609375
21.4251276015625
21.42728223046875
21.42893055078125
21.43029174609375
21.43203293359375
21.433363125
21.433187421875
21.43206654296875
21.43236896875
21.4331679609375
21.43434562109375
21.43483778515625
21.4354795625
21.436910046875
21.4373162109375
21.43738941796875
21.436874375
21.436560609375
21.4354699453125
21.4342703046875
21.4343815
21.4347323828125
21.43566163671875
21.43696285546875
21.4385461328125
21.4397780625
21.44028260546875
21.439647953125
21.437764
21.43667973046875
21.43641984765625
21.43603753125
21.43462262109375
21.43415819921875
21.4349153671875
21.43571827734375
21.4353287890625
21.43538528515625
21.434519109375
21.43358590625
21.433817316406248
21.43342550390625
21.43324635546875
21.43395347265625
21.43455212890625
21.43562473828125
21.43658407421875
21.43671637890625
21.4367531953125
21.43669501171875
21.437800578125
21.432194328125
21.4181102265625
21.40044885546875
21.3801788046875
21.358296234375
21.33555014453125
21.312421234375
21.2892076953125
21.26578166015625
21.24193491796875
21.21794119140625
21.19373574609375
21.16983841015625
21.14625416796875
21.12274868359375
21.099249828125
21.07601975
21.0530411484375
21.02994002734375
21.006736015625
20.9842176796875
20.9619228828125
20.94000505078125
20.91837430078125
20.89668636328125
20.8758006015625
20.85542037890625
20.83496153515625
20.81448419140625
20.794099828125
20.77441116796875
20.7541193046875
20.73359337890625
20.71336103515625
20.69385865625
20.67399276171875
20.6536723046875
20.6330041640625
20.612373265625
20.59258553125
20.57308301953125
20.55354598828125
20.53429375390625
20.5149951640625
20.49573962109375
20.47685814453125
20.45767634765625
20.43792239453125
20.4194779453125
20.4010268515625
20.38371387109375
20.36609459765625
20.34865846484375
20.332131203125
20.314571765625
20.2967707890625
20.27823617578125
20.26047982421875
20.24333575
20.22675066796875
20.20979026171875
20.19319154296875
20.1767645234375
20.16026172265625
20.1438543984375
20.12809286328125
20.111645796875
20.09552012109375
20.07923426953125
20.0629242734375
20.04726784765625
20.03148144921875
20.01653739453125
20.00257171484375
19.98793103125
19.9738905234375
19.9600777421875
19.9460430390625
19.9324000390625
19.9179342578125
19.9044502265625
19.89112578515625
19.87806830078125
19.86537596875
19.85274426171875
19.83966048046875
19.82589340625
19.8117598984375
19.79778205078125
19.78369662109375
19.77096128125
19.7587263984375
19.746256203125
19.73347976171875
19.7208676953125
19.70849733203125
19.6969039453125
19.68477484375
19.6722378984375
19.66058622265625
19.64912487109375
19.63753738671875
19.62564199609375
19.6137381015625
19.6027958671875
19.59158914453125
19.58028417578125
19.56896191015625
19.55804838671875
19.5462098359375
19.5348134609375
19.52382558203125
19.5125755
19.50203040625
19.49059876171875
19.4803758671875
19.47016434375
19.46002325
19.44934200390625
19.4392686328125
19.4296473515625
19.41990089453125
19.4109036953125
19.40151409375
19.39217357421875
19.38242134375
19.3728692734375
19.36383898046875
19.35476990234375
19.34563013671875
19.33617494921875
19.3272892265625
19.31872477734375
19.31005258203125
19.30136423828125
19.2928461484375
19.284218890625
19.27532216796875
19.26675520703125
19.25839893359375
19.2498313359375
19.24167069921875
19.23346168359375
19.2260369296875
19.2183052265625
19.21094766796875
19.2031082578125
19.19554376171875
19.1884368515625
19.1809188203125
19.1736477890625
19.16586903515625
19.15799
19.1508375390625
19.14430327734375
19.13707147265625
19.13010223828125
19.12226737890625
19.11414005859375
19.10609584375
19.09832155859375
19.0910976875
19.08408054296875
19.07727937109375
19.07067012109375
19.06369765234375
19.0575762109375
19.05076095703125
19.04579484375
19.0403729921875
19.034324234375
19.02860410546875
19.022344675781248
19.015969203125
19.00931274609375
19.00440954296875
18.99823076171875
18.992383277343748
18.98674328125
18.98123560546875
18.9761078359375
18.97090365234375
18.96634539453125
18.9610393984375
18.9554476875
18.95020441796875
18.94439983984375
18.93841641796875
18.93369351171875
18.92785967578125
18.92300746484375
18.91807158203125
18.91295755078125
18.90844250390625
18.90354414453125
18.89839708984375
18.89335183203125
18.887679234375
18.882488734375
18.87792141015625
18.87223140234375
18.8674644765625
18.8630158203125
18.85900440234375
18.85447846484375
18.85048221484375
18.846905359375
18.84289382421875
18.83909815625
18.83481148046875
18.831059765625
18.8271133984375
18.82336683203125
18.819437171875
18.81607403515625
18.812925828125
