0.03247635434654
0.09709920234375
0.88495126171875
0.39864816015625
0.13278020703125
0.2304588789062505
0.51745740234375
0.1896351796875
0.464648921875
2.20743576171875
3.34769322265625
4.45183039453125
5.56455664453125
6.56091223828125
7.42863991796875
8.29036129296875
9.14253033203125
9.922832296875
10.47621341796875
11.019825375
11.500769421875
12.06398
12.61692010546875
13.06322427734375
13.43077084765625
13.78071480078125
14.1310046953125
14.45587490625
14.8010492421875
15.1745068359375
15.40460385546875
15.67656755859375
15.950474484375
16.2193135
16.44212151171875
16.6569665234375
16.8648781328125
17.08644567578125
17.24873926171875
17.42879609765625
17.60932346875
17.7936866015625
17.9398757265625
18.1034411796875
18.25518491015625
18.37723565625
18.5317810078125
18.635193953125
18.78072251953125
18.9098690703125
19.0241988125
19.18987025
19.3685883125
19.55455019921875
19.7706225390625
20.01468241015625
20.20819843359375
20.4340063828125
20.6057244375
20.82012322265625
21.0087455078125
21.1748698046875
21.3348209140625
21.47932613671875
21.63319655859375
21.75394180859375
21.88791084375
22.00244128125
22.128772984375
22.2532763359375
22.36211960546875
22.44442024609375
22.57384003515625
22.70455291015625
22.78987919921875
22.87157758984375
22.9592969765625
23.0199313125
23.083574625
23.11864032421875
23.18352329296875
23.27217215625
23.32996873046875
23.37722673046875
23.39864003515625
23.40804397265625
23.46227796484375
23.49279549609375
23.53283515234375
23.58263018359375
23.672054296875
23.7382286484375
23.77816829296875
23.84717369921875
23.8908784609375
23.92997287890625
23.974121828125
24.00251622265625
24.051697390625
24.0996418359375
24.1431795859375
24.1730747421875
24.207394453125
24.222419953124998
24.23068991015625
24.24327619921875
24.25616440625
24.28911573046875
24.32211744140625
24.3815069765625
24.428299265625
24.46163430078125
24.49034062890625
24.54206169921875
24.5695668984375
24.60334000390625
24.61790029296875
24.63999840234375
24.6574137734375
24.657809546875
24.66076642578125
24.67300359375
24.68936782421875
24.69572844921875
24.720194859375
24.73300176953125
24.73805301171875
24.73914648046875
24.76352425
24.78501892578125
24.8106177265625
24.82390706640625
24.84626112890625
24.88445733984375
24.90685080859375
24.93301847265625
24.94737522265625
24.9622583125
24.98633837109375
24.9897690546875
25.0058580703125
25.03201760546875
25.030874203125
25.0330189375
25.0472206953125
25.062057859375
25.07726662890625
25.08688769140625
25.1124293984375
25.10847017578125
25.10373556640625
25.12470570703125
25.13814207421875
25.1537738203125
25.160052644531252
25.1479651015625
25.1464518984375
25.1414312109375
25.13281708984375
25.12968814453125
25.12769088671875
25.13647509765625
25.1430789609375
25.1519703125
25.15248153515625
25.15504541015625
25.1734963359375
25.1896292890625
25.20915183203125
25.23442372265625
25.26678816796875
25.289680464843748
25.317875484375
25.344227640625
25.37297958203125
25.387961484375
25.4133561875
25.43527926171875
25.46467619921875
25.49824836328125
25.53047907421875
25.57395888671875
25.6059145546875
25.64363018359375
25.68932249609375
25.7149670390625
25.7379814921875
25.7747519765625
25.8057191953125
25.84392154296875
25.876065921875
25.8960836484375
25.91675194140625
25.94223972265625
25.963688640625
25.97979075390625
25.9820740390625
25.986038359375
25.9882483359375
25.99778802734375
26.0032954375
26.006117765625
26.009932671875
26.0167382265625
26.013374785156252
26.02728780859375
26.04117359765625
26.0465194375
26.06164591796875
26.0763101171875
26.09354781640625
26.09680590234375
26.12397165234375
26.1317278515625
26.15495759765625
26.17396605859375
26.20395006640625
26.2264237734375
26.2335181015625
26.23550246875
26.24493510546875
26.2525748828125
26.26624059375
26.2615113515625
26.25959519140625
26.26406399609375
26.274428265625
26.27280263671875
26.2835517109375
26.29372261328125
26.3009580703125
26.300772109375
26.304864078125
26.3080996796875
26.29989580078125
26.302133796875
26.28920537890625
26.28419162109375
26.28315616796875
26.26732908203125
26.26544618359375
26.257853953125
26.246246875
26.2522559609375
26.2571014921875
26.26797454296875
26.2662909609375
26.264058171875
26.252629265625
26.2540424921875
26.2733893515625
26.29382883984375
26.3161558125
26.3227894921875
26.33493376953125
26.3362569765625
26.33644371484375
26.3412728671875
26.33947694140625
26.344974234375
26.3439821328125
26.3520967265625
26.34525598046875
26.3428319921875
26.345756515625
26.3463429140625
26.34804683203125
26.35260639453125
26.36326992578125
26.361899171875
26.37721675390625
26.3802572421875
26.38769484765625
26.40483373046875
26.4159628828125
26.419139359375
26.4210983359375
26.43678771875
26.4469761484375
26.45647077734375
26.47958523828125
26.498114609375
26.5028581875
26.51728306640625
26.52775287890625
26.54121714453125
26.5519927265625
26.56055714453125
26.56620631640625
26.5775655234375
26.59245560546875
26.60451725390625
26.61609935546875
26.62890731640625
26.63749343359375
26.65213616015625
26.67388725
26.6895884453125
26.70277673046875
26.7233287265625
26.733293121093748
26.741413109375
26.7514591875
26.7685645234375
26.76696459765625
26.7641951796875
26.763114046875
26.76585865625
26.77168176953125
26.7812101796875
26.787246328125
26.79629616796875
26.79825032421875
26.80542094140625
26.8070432265625
26.81433898828125
26.82448537109375
26.83256338671875
26.836249359375
26.84049873046875
26.84464754296875
26.8461558515625
26.8481975078125
26.85880613671875
26.86398411328125
26.87227687890625
26.8763198828125
26.87504430859375
26.877518046875
26.87427919140625
26.869338046875
26.860127398437502
26.8517469375
26.84001612109375
26.833037921875
26.83033878125
26.8256819921875
26.82129473828125
26.82611903125
26.83396899609375
26.846762859375
26.8587051015625
26.86670987109375
26.8722291953125
26.8830364375
26.88882246484375
26.9005853515625
26.90790746484375
26.91218106640625
26.91294798828125
26.911713546875
26.90428166796875
26.89055237109375
26.88226731640625
26.8690581328125
26.85602641796875
26.84408296875
26.8400313828125
26.8330282578125
26.82984547265625
-48.30998785546875
26.8760819453125
26.89987646484375
26.91142948828125
26.9167556875
26.9139341796875
26.90602392578125
26.89682674609375
26.87618805859375
26.86209456640625
26.84077846875
26.82248856640625
26.79520155859375
26.76858358984375
26.74558143359375
26.72260764453125
26.69546290625
26.6672633828125
26.641501046875
26.615066234375
26.589714800781252
26.562396875
26.53691008203125
26.51318762890625
26.48861531640625
26.4642985390625
26.4400211171875
26.41810960546875
26.3950327109375
26.371396953125
26.346871203125
26.32072369921875
26.2990566640625
26.27840008984375
26.2548059609375
26.23318382421875
26.21066442578125
26.190770515625
26.1692168671875
26.14907354296875
26.12778278515625
26.10669985546875
26.08820232421875
26.069984265625
26.04807301171875
26.0283917109375
26.01150792578125
25.99349194140625
25.9759976484375
25.96084652734375
25.9434821953125
25.92760881640625
25.9092060390625
25.8922457421875
25.8721920703125
25.85253740234375
25.8371015078125
25.823395640625
25.8071486484375
25.7938669140625
25.778806125
25.767316
25.75344257421875
25.74236836328125
25.729565140625
25.71794178125
25.70684975
25.69516203515625
25.68280251171875
25.672970078125
25.65868002734375
25.64449184765625
25.635750609375
25.628115046875
25.61747282421875
25.6100423046875
25.6013716015625
25.59391862890625
25.5880103125
25.5814653984375
25.57551966796875
25.570299875
25.56417697265625
25.55952194140625
25.553041308593752
25.5462215234375
25.5406280703125
25.53828763671875
25.53449241796875
25.5301314296875
25.52746023046875
25.5230750859375
25.5191908359375
25.516302109375
25.5128392578125
25.50883841796875
25.50476203125
25.502657984375
25.50339841796875
25.50261388671875
25.50323502734375
25.5065010859375
25.50674190625
25.50712771484375
25.51124949609375
25.51335333984375
25.51523972265625
25.52209473046875
25.5236473671875
25.5255815
25.5276400625
25.533496359375
25.53635796875
25.54434926171875
25.548157
25.55451198046875
25.56024726953125
25.56790015234375
25.5738316796875
25.576114828125
25.585906734375
25.59206126171875
25.60149921484375
25.6105949375
25.61765140234375
25.6263108828125
25.63637130078125
25.6429326640625
25.6504086953125
25.65802531640625
25.66494191015625
25.6708106484375
25.6827351015625
25.69434326171875
25.7007009921875
25.70966841015625
25.7189692265625
25.72811259375
25.7357886171875
25.74694783203125
25.75355857421875
25.7635848515625
25.76986821875
25.77926755859375
25.7885478359375
25.79805215234375
25.8050098359375
25.81404985546875
25.8219048046875
25.83493675
25.8425838203125
25.854207484375
25.86535087109375
25.87496240625
25.8862862265625
25.89545012109375
25.90497687890625
25.918967734375
25.93083818359375
25.94424987890625
25.95439918359375
25.9676518046875
25.9795513359375
25.99443543359375
26.00668669921875
26.01617825
26.0312973125
26.0452733203125
26.05446827734375
26.0675759140625
26.08330827734375
26.0952603125
26.1082691953125
26.1228579140625
26.13621
26.1502946328125
26.16148940234375
26.174266328125
26.18910861328125
26.20032403515625
26.21546519140625
26.22815319140625
26.24085536328125
26.25206314453125
26.2661133984375
26.27820480859375
26.29214212890625
26.30589748828125
26.319039015625
26.3358649453125
26.349883628906248
26.36376668359375
26.37615605859375
26.38868781640625
26.40038154296875
26.415237015625
26.4299335625
26.444472453125
26.45990316015625
26.47613182421875
26.4905476171875
26.5078996875
26.52407073046875
26.54095680859375
26.55708565234375
26.57636858984375
26.5928440859375
26.60906599609375
26.6279730234375
26.64790471484375
26.666963375
26.68569309375
26.70533062890625
26.7264255390625
26.7436077109375
26.76464893359375
