91.74616807031249
83.265750125
81.35734027734375
79.438791734375
78.291495328125
78.28837443359375
77.76564142578125
77.40619789453125
77.28167086328125
77.58514584375
77.42359514453125
77.4296478359375
77.534775953125
77.666669203125
77.6296856953125
77.70505005078125
77.65824438671875
77.69847965625
77.57896301953124
77.4512079765625
77.409946625
77.544936765625
77.33381226171875
77.2483149765625
77.10624758203124
77.07912625390625
77.05895763671874
77.10310287109375
77.085393609375
76.997551328125
76.9452309921875
76.9759223671875
76.9703589375
77.01417452734376
76.97160390625
77.00821874609375
77.02389148046875
77.001288875
77.00656180078126
77.0533078203125
76.984173078125
76.97450781640624
77.019910078125
76.96534259765625
76.948647296875
76.97209023046875
76.97176632421875
76.9507435546875
77.023854625
77.06373201953124
77.089387859375
77.15914904296875
77.17944422265624
77.17435453515625
77.14189566015625
77.17337254296875
77.22258143359375
77.23545391796875
77.264743015625
77.27372490234374
77.2551664609375
77.25644060546875
77.256485109375
77.2470501875
77.24032358203125
77.1879267734375
77.1912054609375
77.21657109375
77.21274185546875
77.17235039453125
77.16326090234375
77.1110291796875
77.1568040234375
77.134724609375
77.10922816796875
77.1279160078125
77.113109328125
77.14816256640626
77.1492807734375
77.16981951171876
77.17601124609375
77.18177779296875
77.20024921875
77.20415556640624
77.187660203125
77.1952472109375
77.202260875
77.206518875
77.2136720234375
77.2222365
77.22017053515626
77.21343860546875
77.2061584375
77.2324175703125
77.25104524609375
77.22242344140625
77.22699709375
77.22125921875
77.2089064609375
77.21041888671876
77.21400166796874
77.21092433203125
77.20475098828125
77.1729498359375
77.16827078515625
77.19895966796875
77.208188328125
77.21159094140626
77.206477984375
77.21631094140625
77.22687708984375
77.2211774375
77.22463650390625
77.24030637890625
77.2624247734375
77.276714671875
77.2625416328125
77.2984864921875
77.276963484375
77.2446452890625
77.240952015625
77.23224592578126
77.215603265625
77.2113100234375
77.2207430078125
77.22916569921875
77.22090408984376
77.21457866796875
77.226816328125
77.239906875
77.23806781640624
77.22799216796875
77.22602739453124
77.231947765625
77.22707846484376
77.2164457890625
77.21300311328125
77.22151935546876
77.21896983203125
77.23065862890626
77.23144343359375
77.229951140625
77.21503587109375
77.21807188671875
77.20773078125
77.20500014453125
77.20711097265625
77.2025367890625
77.2184525546875
77.20769886328125
77.20394853125
77.21534866796875
77.21216336328125
77.20760039453126
77.2064853203125
77.19055071484375
77.20039421484375
77.1982377265625
77.2054617265625
77.21339996875
77.2161922578125
77.20351694921875
77.1974617734375
77.20959399218751
77.19627594140626
77.1973925625
77.18537270703125
77.1864451015625
77.19516694140626
77.1896453203125
77.19761335546875
77.1802742109375
77.1701273359375
77.18399438671875
77.19874008984375
77.1809205703125
77.17541919140625
77.17439255859375
77.1818913125
77.17572826953125
77.17502287890625
77.18113419140624
77.19240386328126
77.18451594921875
77.18478523828125
77.1797696875
77.1672153046875
77.18075947265625
77.19042683203125
77.19731198828126
77.19625272265625
77.18868432421876
77.18775441015624
77.19665869921874
77.18369893359375
77.18146603515625
77.18180046484375
77.175655046875
77.1660824296875
77.1674677890625
77.16310644140626
77.160716359375
77.16576264453126
77.160753046875
77.162733859375
77.15966626171875
77.16465406640624
77.160678125
77.172706078125
77.17522570703125
77.16818508203124
77.15659604296874
77.162777328125
77.15415082421875
77.1559230703125
77.158261328125
77.156689671875
77.15320098828126
77.14431345703125
77.1445999765625
77.1467766171875
77.14869116015625
77.155298640625
77.14885639453125
77.14609426953125
77.1365306953125
77.150942953125
77.150494921875
77.1541793203125
77.14783183203124
77.15204721484375
77.14974400390625
77.14057775390626
77.14635510546876
77.15380760546876
77.152766140625
77.14990672265625
77.15734362109374
77.16028646484375
77.15863591015625
77.15476668359375
77.147492546875
77.15801534765625
77.16193334765624
77.173584390625
77.17389103515625
77.1714677578125
77.1741601953125
77.17248938671875
77.17824384375
77.1786455703125
77.16778249609375
77.17138530078125
77.15241706640624
77.15001587890625
77.14161483984375
77.14072673828124
77.13401737890625
77.13407810546875
77.13144226953125
77.12851610546875
77.13043046875
77.1310560390625
77.13103585546875
77.13823783203125
77.13543219921876
77.14128987890625
77.141157171875
77.14929354296875
77.14831134765625
77.15605279296875
77.157552234375
77.16404878125
77.1690379140625
77.16798454296875
77.1615453828125
77.16054610546875
77.1640599453125
77.16457937109375
77.16953543359375
77.17233137890625
77.16350439453124
77.16639021484374
77.1817053125
77.18128883203126
77.17995379296875
77.18069270703126
77.177260578125
77.17705024609376
77.17613984375
77.17427135546875
77.18012091796875
77.183428015625
77.181698203125
77.18803383203125
77.20701812890626
77.21218724609375
77.2082656015625
77.21342480078125
77.2255413671875
77.23343513671875
77.22940904296875
77.22487454296875
77.2301441484375
77.221332578125
77.2239709921875
77.2258295703125
77.23424625390625
77.24240186328124
77.2458842421875
77.24188609375
77.24197342578125
77.24045448046876
77.23601330078125
77.24128369140625
77.24930355859375
77.24177462109375
77.2437943671875
77.23418683984374
77.2325135390625
77.23416412109376
77.233927578125
77.243457171875
77.2473083203125
77.2469478359375
77.2499158203125
77.2491247578125
77.24494844140625
77.25091703125
77.2466441953125
77.24885707421875
77.24443212890625
77.2414271953125
77.24500386328126
77.23734424999999
77.2411231328125
77.23512830859374
77.2343041328125
77.24136880859375
77.24491959765625
77.24873118359375
77.24817751953125
77.24262265234375
77.24417595703125
77.25399515625
77.2494746640625
77.24848849609376
77.24525436328125
77.24381196484374
77.24818690234375
77.25765803515625
77.2533455234375
77.24908130859374
77.2423669765625
77.2444821953125
77.24086285546875
77.23802544140625
77.2366699140625
77.2337841484375
77.24607556640625
77.24539001953126
77.237532828125
77.238811234375
77.2377897421875
77.2377670625
77.23624232421875
77.241414015625
77.23865011328125
77.241894
77.24221287890624
77.234677046875
77.2346276875
77.2296015
77.2339049296875
77.2368766015625
77.23805033984375
77.241166171875
77.24126247265625
77.23962543359374
77.2394314375
77.238404921875
77.236607234375
77.23463419140624
77.23040328125
77.22523962109375
77.22426762890625
77.21888298828125
77.2202445078125
77.2162757109375
77.2106926328125
77.2089273046875
77.209757625
77.20585078125
77.20852325
77.20461697265625
77.20367960546875
77.201550765625
77.20292079296875
77.20415765625
77.20360382421875
77.20370650390625
77.20401548828126
77.20395191015625
77.2039617109375
77.20012844140625
77.196707875
77.1962456875
77.19296175390625
77.1927866875
77.19539544921875
77.1931228046875
77.19366176953125
77.19305850390624
77.19048312109375
77.18665526953124
77.18280985546875
77.182255453125
77.1800582890625
77.17896911328125
77.18042221875
77.1812234765625
77.18178423046875
77.17897167968749
77.18168272265625
77.178025609375
77.1822858515625
77.18218668359376
77.179178390625
77.1742408203125
77.17282384375
77.17813312890625
77.17442409765626
77.1705804140625
77.17050806640626
77.16808191015625
77.1714565
77.17264500390625
77.167866234375
77.170210203125
77.17013215625
77.1714421484375
77.1745902265625
77.17589666015625
77.171544125
77.17018669140624
77.16996611328125
77.1661752578125
77.16122317578125
77.16063976953124
77.1580840625
77.15362059765624
77.1522673828125
77.15185397265626
77.15212897265626
77.15431906640625
77.15127058203124
77.15104951171875
77.1522495234375
77.15046334765626
77.146591078125
77.149938140625
77.14943683984374
77.14935044921874
77.14735662890625
77.14933253125
77.150015
77.1499631015625
77.15444202734375
77.1544785234375
77.15067675390625
77.14481380078125
77.14456051953125
77.1417834140625
77.14457107421875
77.14480879296875
77.1443108671875
77.14187458984375
77.13829204296874
77.13481796875
77.135952390625
77.13628606640626
77.1342521328125
77.133623859375
77.1375506640625
77.1340278671875
77.1313357421875
77.13379354296875
77.13208539453125
77.13267169921875
77.12966492578126
77.1277984375
77.1265696875
77.1246083828125
77.12573439453125
77.12409040625
77.1240538828125
77.1210616015625
77.12245075
77.12033944140624
77.11983031640625
77.1176564609375
77.1189989609375
77.114369140625
77.11831871875
77.114751984375
77.111038234375
77.110510828125
77.1095755390625
77.105800875
77.1077492109375
77.10724775390625
77.109425
77.11010609375
77.10886450390625
77.10821952734375
77.1050716953125
77.106384765625
77.10736528515625
77.1035816171875
77.101067734375
77.10242939453126
77.10378723046875
77.10285891015624
77.1073715390625
77.1064523984375
77.1063082421875
77.10843994921875
77.10622250390625
77.1000851328125
77.10259096875
77.10637487109375
77.109094296875
77.1086220625
77.10821680078125
77.10833105078125
77.1065833359375
77.10631613671875
77.108619
77.105858140625
77.10573505078125
77.1068501796875
77.10657563671874
77.10614116796874
77.10794577734374
77.1058881953125
77.10628482421875
77.10353101953125
77.10409558984375
77.1049046171875
77.10421728515625
77.10586432421874
77.10644938671875
77.1066442421875
77.1068935625
77.105093640625
77.1037124296875
77.10522280859375
77.1056576171875
77.10444576953125
77.10467623828124
77.09967263671875
77.0986629296875
77.09947330859374
77.09399523828125
77.09129908984374
77.0893296953125
77.088117640625
77.0900240546875
77.08890612109374
77.09048170703124
77.09143975390624
77.08957800390625
77.0900337265625
77.08725690234375
77.086919015625
77.082968046875
