23.157779
23.274864
22.335549
23.373246
22.004861
22.908430
22.972693
23.444269
22.903648
23.409299
22.676770
23.119198
23.417147
23.778316
22.655262
23.578606
21.463414
22.291657
23.567843
23.936302
23.369172
23.975385
22.435129
22.933325
23.190246
23.792374
23.910097
24.379718
22.494738
22.981966
22.572397
23.320133
23.003615
23.681321
23.120053
23.560219
22.712065
23.262618
23.240696
23.379827
22.868158
23.424251
23.125399
23.425058
22.868326
23.444748
22.797703
23.264899
23.551642
23.999215
23.306232
23.847100
22.402152
23.282860
23.217513
23.827976
22.814399
23.443496
22.482156
23.126534
23.455723
23.726466
23.575072
24.170022
23.066949
23.669031
23.551763
23.945252
23.217419
23.520564
22.867986
23.359298
23.444244
24.125051
24.539661
24.652064
22.564350
23.260627
23.239360
23.758449
22.908392
23.710828
22.483741
23.117854
23.192899
23.437487
23.615980
24.011384
22.688316
23.268527
23.594969
24.006639
22.989951
23.730322
23.229096
23.486224
24.260920
24.204172
22.832298
23.767149
22.923268
23.438140
22.496075
23.625982
23.976314
24.518020
23.003498
23.628958
22.881908
23.115383
22.835636
23.492644
23.166696
23.418576
22.666542
23.051218
22.962871
23.471599
23.803249
24.279753
23.393319
24.296639
23.639813
24.033858
22.972043
23.417570
22.648814
23.269146
24.241423
24.791557
22.672175
22.949494
23.972195
24.288931
23.794674
24.159136
23.626604
23.638461
22.885288
23.471813
22.701309
23.354383
22.938757
23.362934
23.659383
23.888013
23.326727
23.696029
22.665839
23.164462
23.154665
23.804898
23.037565
23.742959
23.760633
24.315875
22.240516
23.523732
23.676160
23.865196
23.965155
24.383978
23.117465
23.446492
23.608083
23.826969
22.416653
23.139293
23.627944
23.942581
24.157908
24.682537
24.293498
24.263972
23.611541
23.998117
22.213715
22.963375
23.322783
23.755686
23.846204
24.257257
22.550985
23.202817
23.407731
23.761705
22.832770
23.504555
23.248005
23.577249
24.248517
24.745325
22.098040
23.189458
23.613084
23.786787
22.113812
22.984934
24.101228
24.588573
23.290017
24.286668
22.957328
23.571164
23.194984
23.847052
23.009115
23.732482
22.678743
23.436951
22.796691
23.233873
23.275102
23.749827
23.315413
23.897916
23.037630
23.302657
25.016599
25.162847
22.203487
22.926127
23.265056
23.547084
23.295129
23.677960
22.841696
23.486458
23.062445
23.632087
22.942716
23.488483
23.063704
23.723009
22.681965
23.448385
23.322931
23.623656
22.633008
22.824409
23.047450
23.333338
22.232379
22.980376
22.936325
23.640647
23.935089
24.382994
23.624185
24.110001
23.349551
23.991235
23.139709
23.125708
23.983835
24.356853
23.428926
23.578524
22.907122
23.825965
22.818526
23.434218
23.349835
24.007991
24.274673
24.553032
23.845276
24.253674
22.765231
23.673773
22.749243
23.402601
22.968447
23.343770
22.474939
22.969462
23.437283
24.048292
22.082079
23.009652
23.061773
23.723907
23.075519
23.520300
23.424522
24.087792
22.751326
23.550728
22.565336
23.131882
23.866365
24.125607
23.380986
23.780310
22.584210
23.225085
22.961626
23.845716
24.183308
24.715060
24.884216
24.955298
23.272703
23.469232
22.854118
23.384827
23.658831
23.929813
22.245966
22.892705
24.270709
24.526810
22.405385
23.193912
23.523461
24.479913
23.120244
23.609905
22.618112
23.672845
22.822845
23.446896
22.717072
23.642806
21.860348
22.753718
23.313367
23.807739
22.842947
23.594113
23.347592
24.269663
23.526541
23.769657
22.320852
23.747387
23.098370
24.013395
22.891295
23.369593
22.788512
23.336219
23.486816
23.921197
24.264374
24.928997
23.478856
24.051747
22.259327
22.895222
22.689462
23.532804
23.934058
24.217525
22.606981
23.073761
23.393440
23.589669
22.143641
23.105576
23.201118
23.507469
22.094316
22.914098
22.696187
23.133486
22.406640
23.322268
23.845310
24.304485
23.759023
24.044250
23.711256
24.328662
23.105618
23.766938
23.358846
23.950670
23.479276
23.615939
24.123514
24.537491
23.109737
23.702687
22.459228
22.947892
23.078555
24.257506
22.986906
23.379001
22.356451
23.271678
23.556612
24.137229
22.557577
22.830180
23.158611
23.674345
23.595807
24.047048
23.403454
23.476461
23.245319
24.174642
22.149204
22.866041
23.336150
23.775555
23.599407
24.097640
23.592967
23.881908
22.607056
23.258386
24.145462
24.265990
23.291629
23.671689
22.820913
23.614468
23.323230
23.834500
22.536185
23.890993
25.039053
24.996193
22.550592
23.419753
23.214154
23.832701
24.153030
24.017250
22.588003
23.321667
22.455053
23.069011
23.662952
23.972602
23.041972
23.681725
23.745188
23.836375
23.276509
23.848531
22.139282
23.367660
23.355379
24.020983
23.483593
23.889574
23.360791
23.955157
22.679294
22.984933
24.137078
24.041156
23.246426
23.723030
23.399941
24.060574
23.146547
23.624604
23.129869
23.501654
23.406959
23.670998
22.437592
23.031933
23.576640
23.656835
22.856607
23.164663
23.292501
23.833029
23.071115
23.207774
23.074721
24.049351
23.022410
23.380251
23.658719
24.225182
22.903056
23.607819
24.457615
24.619107
22.500453
23.303932
23.113880
23.720896
23.139330
23.882096
23.750964
23.894490
24.070938
24.158383
22.872618
23.354717
22.768979
23.471190
22.848211
23.451522
23.060822
23.405973
24.180800
24.876033
22.899456
23.627063
23.800959
24.224313
23.005000
23.794200
