85.80828841796875
76.53477953515625
76.04064233984376
76.81238687109375
78.24800521875
79.67886248046875
81.2871628984375
82.8654065234375
84.1047507265625
85.54555246484375
86.53238480859375
87.337027703125
88.25427768750001
89.0402136015625
89.76236241796875
90.4968042890625
91.157105703125
91.85670944140625
92.35047787109374
92.9267479375
93.4682751796875
94.0303048359375
94.61253393359375
94.99462875
95.37946821484375
95.7283017265625
96.08209346875
96.41505981640626
96.7820721875
97.20123391015625
97.48056928125
97.7479606484375
98.02305723828125
98.27819358984375
98.49758418359374
98.74189605078125
98.94026246484376
99.17913407421875
99.3730979375
99.5752212265625
99.76204446484375
99.9244023515625
100.0549653359375
100.20599773828125
100.36270406640625
100.504527390625
100.6859529765625
100.787276984375
100.92513837890625
101.05996424609376
101.20774398046875
101.396221984375
101.63014312109375
101.87738775
102.17348
102.4698591015625
102.68184926171875
102.95228207421874
103.18449059375
103.43633790234375
103.6467618125
103.8473833359375
104.03963394140625
104.24677359375
104.43669441015625
104.605006328125
104.78339134765625
104.9350173359375
105.07736484765626
105.23252290234375
105.36610140234374
105.4787110546875
105.6217073359375
105.76467948828125
105.85340741015625
105.94594440234376
106.04017797265625
106.1081199453125
106.15643107421874
106.19892488671876
106.27171208984375
106.35751910546875
106.42389176953125
106.46613006640625
106.48460433984376
106.507679640625
106.58009940234375
106.6077432421875
106.6595741875
106.72307726171876
106.8241568203125
106.9170407109375
106.96113263671874
107.026905609375
107.05702504296875
107.1087831484375
107.15660994140624
107.19009914453125
107.2574047265625
107.3119868203125
107.35094496875
107.3863661328125
107.41046558984375
107.42053707421876
107.4300872734375
107.4302307578125
107.44984190234375
107.4866833984375
107.5299876171875
107.5991480546875
107.6395386328125
107.68633696484375
107.72964521484376
107.7772566875
107.79162012109374
107.8123947578125
107.8213280234375
107.8370775625
107.8440547421875
107.85045974609375
107.8518420703125
107.855771546875
107.87155989453125
107.87877926171875
107.90335277734376
107.90848407421875
107.91252044921875
107.9126616015625
107.936262
107.96682675
107.999515296875
108.015760546875
108.0393159296875
108.08241050390625
108.10774359375
108.13497301171876
108.1456098125
108.1585450859375
108.17732571484375
108.179590796875
108.19586730859375
108.2139553125
108.208834171875
108.2179593671875
108.23047920703125
108.24493221484374
108.260779328125
108.2709097109375
108.2923461875
108.28650359765625
108.2799355
108.2975288828125
108.31545787109376
108.33442940234374
108.33237533984375
108.31995446484375
108.30408369921875
108.3045291171875
108.28645422265625
108.2810633671875
108.2813136171875
108.2961096171875
108.30629367578125
108.31363874609374
108.3225819375
108.3323629296875
108.36059631640624
108.3805927734375
108.403650484375
108.442080859375
108.47869335546875
108.507762734375
108.537496546875
108.567843890625
108.59388480859376
108.62266729296876
108.65594275390625
108.6829205703125
108.716987859375
108.76111579296875
108.8033392109375
108.855753578125
108.89274278515624
108.94591878515625
108.99733657421875
109.03257665625
109.07341014453125
109.1124244609375
109.15102859765625
109.18845299218751
109.22659891796874
109.2518213984375
109.2765895859375
109.30656406640625
109.33900949609375
109.357969125
109.35808316796874
109.35845266796875
109.3599897109375
109.3703050078125
109.3741432578125
109.37722747265624
109.37757348046875
109.384710046875
109.382420171875
109.40203616796875
109.41461464453126
109.4244204453125
109.43834864453125
109.4593892109375
109.480571375
109.49128508203125
109.518729984375
109.53137084375
109.556554625
109.58301505078126
109.6192166875
109.64150137890626
109.6438923671875
109.65189330859376
109.658350828125
109.67431216796875
109.6821907890625
109.67166278515624
109.67628421484375
109.68915326171874
109.69872343749999
109.706703046875
109.717127578125
109.730144515625
109.7330547421875
109.73441898046875
109.73929030078125
109.73616596875
109.7186275390625
109.7178907578125
109.7058829765625
109.69652256640624
109.68229755859375
109.67385554296875
109.66748335546875
109.65735506640625
109.6422707109375
109.65691283203125
109.6597407265625
109.66652425390625
109.663099734375
109.65843605078125
109.65180259765626
109.66316221484375
109.69082036328125
109.71529973828125
109.74045684375
109.7481774375
109.75862761328125
109.75350712890625
109.75303505078125
109.75561809765625
109.750976328125
109.755815046875
109.75070526171875
109.75670096484374
109.74836594921875
109.743497375
109.7431128828125
109.75240679296876
109.75335057421876
109.76287982421876
109.77141675390625
109.775862859375
109.79162886328125
109.79889109765625
109.8077406953125
109.82736276171875
109.84090748046874
109.84540719921876
109.85192797265626
109.871072125
109.88571009375
109.90352262109376
109.936181890625
109.95060238671876
109.95640575
109.96845841015625
109.98558019921875
110.00133473046876
110.01406298046875
110.0278782265625
110.0329658515625
110.050488515625
110.0682091953125
110.08188295703125
110.09718834765626
110.11535001953125
110.12993174609375
110.14716687890625
110.175021140625
110.19773105078124
110.217866015625
110.23780585546875
110.24328276171875
110.2564493359375
110.26921233984375
110.28282601171875
110.28683823046875
110.28426450390624
110.2842650234375
110.285050890625
110.29034659375
110.2987429609375
110.30642090234375
110.313885453125
110.3167560078125
110.32601743359375
110.32489703125
110.33091758203125
110.34505300390624
110.35844147265625
110.371361703125
110.37126026171875
110.37525785546875
110.3766097109375
110.38221119140626
110.3935127421875
110.40231898828125
110.40794075
110.41373671875
110.40867587109375
110.41627148828125
110.41332378515625
110.40635115625
110.3936365703125
110.37584693359375
110.35854940625
110.35010940234375
110.34381290234376
110.34288056640625
110.34122356640626
110.3499995
110.361723421875
110.37825896484375
110.39176668359374
110.4040226328125
110.4121940625
110.42461746875
110.43461337109375
110.44607080078124
110.4546268984375
110.458434109375
110.45948644140626
110.45254103125001
110.43772304296876
110.42075091796875
110.40820159765624
110.3891830078125
110.375517328125
110.3603854453125
110.35247358203125
110.34238825390625
110.3332699921875
110.35610278125
110.39607554296875
110.42496050390625
110.436348328125
110.44241855859374
110.4369551640625
110.42577563671875
110.4111350625
110.38479405859376
110.36749293359375
110.34219596484375
110.31587722265625
110.28349726171875
110.24893037890625
110.21690815234375
110.1832196328125
110.1459262109375
110.11058595703125
110.07517971875
110.03837866015625
110.0046801328125
109.97035964453126
109.93585956640625
109.906280046875
109.874057875
109.84155511328125
109.80923171484375
109.777640078125
109.74790737109375
109.71424134765626
109.68148325390625
109.64909028515625
109.6228709375
109.59410058203125
109.56419075
109.53510917578124
109.505993234375
109.4796860234375
109.4513417109375
109.42580819140625
109.39583249609375
109.36824921484374
109.34559936328125
109.318543390625
109.28953218359375
109.2666124453125
109.245259515625
109.222630234375
109.1986297109375
109.18049456640625
109.15797340625
109.13228904296875
109.11132248046876
109.0864348203125
109.06100280078125
109.03592298828124
109.01696365234375
108.9994565234375
108.981521
108.962647015625
108.9444982578125
108.9305986640625
108.91482755859376
108.89976617578125
108.88543127734376
108.87123237109375
108.85272059374999
108.83948303515625
108.82420940625
108.8105544375
108.79108071484374
108.77588425390626
108.76523598828125
108.75956490625
108.74657540625
108.73658577734375
108.7260161484375
108.71896193359375
108.710743078125
108.7029484453125
108.694817515625
108.68614421875
108.67813136328125
108.67356331640624
108.66339131640625
108.65570310546875
108.6515168203125
108.64927149609375
108.644559640625
108.6408505859375
108.63964841015625
108.6337655703125
108.6288015234375
108.62247185546875
108.6162369140625
108.61089737890624
108.6069183203125
108.6063806953125
108.607377734375
108.6094143515625
108.61043756640625
108.61596919140625
108.61534183203125
108.6177888515625
108.626318859375
108.6298580234375
108.63527511328125
108.64058648046876
108.64493469140625
108.6486895078125
108.65521440234374
108.6635586015625
108.6694940703125
108.67621655859375
108.6846614765625
108.69113203515624
108.6949001953125
108.706116171875
108.71227197265625
108.71814137890625
108.73157909375
108.74203221484375
108.7556624296875
108.767360640625
108.77737018359375
108.79089205078125
108.80361716796875
108.811264734375
108.8220376484375
108.83279446875
108.841986703125
108.8509454296875
108.86866458984375
108.884180546875
108.89632619921875
108.90899771875
108.921192734375
108.9365361640625
108.94895396484375
108.96337861328125
108.97212331640625
108.98564030859374
108.996099109375
109.00464916796875
109.01683365625
109.0311188125
109.04054169140625
109.0543992734375
109.06811244140626
109.0830124296875
109.0971643671875
109.1111231640625
109.1290955234375
109.1411835
109.15969698046875
109.172718078125
109.185542515625
109.20590995703125
109.2229186875
109.24007031640625
109.2569625
109.276685453125
109.2930273984375
109.31194061328125
109.32975522265625
109.3452833203125
109.3639924765625
109.3829049921875
109.396733125
109.41345809765625
109.433765265625
109.4495745703125
109.4701134765625
109.49003131640625
109.5121832109375
109.5303983828125
109.546293
109.5622356328125
109.58530271484375
109.60087583984375
109.61705584375
109.6326376953125
109.6525661328125
109.667417171875
109.6866770078125
109.70090173828125
109.72243757421874
109.74317226953124
109.75877947265624
109.78042309375
109.79872956640625
109.8176613828125
109.83360595703125
109.84915324609375
109.86657347265626
109.88767319921875
109.908919203125
109.92969608984374
109.94964946484374
109.97143015625
109.99086321875
110.01618573046875
110.0399799296875
110.06336861328126
110.0840040546875
110.11377974609375
110.13487560546875
110.15698661328125
110.18460369921875
110.209418953125
110.23465236328126
110.261960296875
110.28927216015624
110.31670724609376
110.3390549375
110.36772372265625
