0.92894814453125
2.47921450390625
3.4886806171875
4.295759984375
4.97815478125
5.51781440625
5.9529269921875
6.36658834765625
6.76275237109375
7.1009339375
7.3961054921875
7.6774024609375005
7.902106546875
8.1418338125
8.3773203828125
8.59962371875
8.82701646484375
9.0259567109375
9.1981209140625
9.3677281640625
9.52852362890625
9.684616515625
9.8356381171875
9.96565345703125
10.09578299609375
10.22602818359375
10.358516578125
10.500597125
10.65366991796875
10.7999660859375
10.9452811875
11.08101553125
11.2031311484375
11.32159860546875
11.43047677734375
11.5385701953125
11.6526731875
11.75694863671875
11.86087934375
11.966364882812499
12.06578705859375
12.16047489453125
12.2477622578125
12.3366614375
12.42560441796875
12.5020171875
12.5747358046875
12.65368489453125
12.73084668359375
12.80544189453125
12.888862703125
12.9742158046875
13.04847166015625
13.116109640625
13.1787953359375
13.24163551171875
13.3065823125
13.37311516796875
13.4330099609375
13.4818704375
13.5264298828125
13.57709926171875
13.62437593359375
13.66895580078125
13.71425640625
13.7620258671875
13.80274037109375
13.84423531640625
13.88317892578125
13.92635691796875
13.96607779296875
14.00450349609375
14.04126026171875
14.07274720703125
14.10839419921875
14.14623625
14.19118298828125
14.2377400625
14.2797155546875
14.32069128515625
14.361831296875
14.39562312890625
14.4315196640625
14.46712584765625
14.50597084765625
14.5465514765625
14.58761827734375
14.63064148046875
14.6719309921875
14.715400109375
14.757712328125
14.79534688671875
14.83142794921875
14.87114776953125
14.90857571484375
14.94687894921875
14.98339184765625
15.01983286328125
15.05694846875
15.099162796875
15.14199349609375
15.18169524609375
15.22080433203125
15.2627473125
15.306087546875
15.35179853125
15.3954494921875
15.4371555703125
15.4773338203125
15.51564643359375
15.5559513984375
15.591121828125
15.62763559375
15.6643464140625
15.69979944140625
15.73426216796875
15.76817141796875
15.8029635546875
15.84092278125
15.8756455546875
15.91428522265625
15.9522787265625
15.9881605078125
16.02427609375
16.0615931484375
16.09470439453125
16.12558493359375
16.15368887109375
16.18207475390625
16.2077139375
16.2329062421875
16.2530297421875
16.272117125
16.2927537421875
16.31315457421875
16.3301309140625
16.3469233203125
16.3627884140625
16.3773413359375
16.38948337890625
16.4030627265625
16.41889355078125
16.43448260546875
16.4448683828125
16.45493044140625
16.4648923046875
16.47527855078125
16.48530936328125
16.4964202109375
16.5044658203125
16.512216234375
16.5211944453125
16.5301095625
16.53862468359375
16.546927671875
16.55208134375
16.55689783984375
16.56226341015625
16.56972474609375
16.57746096484375
16.58289303515625
16.5883952890625
16.5936043203125
16.60048190234375
16.61002953125
16.6202249296875
16.630472328125
16.640929625
16.65072048828125
16.6606884921875
16.6697363046875
16.677888703125
16.6862098203125
16.6969808203125
16.70832680859375
16.7173705703125
16.72775692578125
16.73844350390625
16.75033688671875
16.7615967578125
16.771935359375
16.7840289453125
16.79587987109375
16.807524328125
16.8187907265625
16.83074926171875
16.84436026171875
16.857196125
16.871276875
16.88552187890625
16.90054051171875
16.9144799140625
16.9273189765625
16.93904307421875
16.9493604765625
16.96018458203125
16.97031618359375
16.979595515625
16.98868815625
16.99878915234375
17.01068034375
17.02155121484375
17.0339553125
17.0453204765625
17.056488078125
17.06636066796875
17.07766350390625
17.08923458984375
17.10173945703125
17.11334948046875
17.12549198046875
17.13645702734375
17.14774098046875
17.16002498046875
17.1720126875
17.18502742578125
17.19759655859375
17.21085015234375
17.22438273828125
17.23918808984375
17.25393268359375
17.2682559609375
17.282017703125
17.29654399609375
17.31062167578125
17.324244265625
17.3385063125
17.35334391015625
17.366315246093748
17.37911557421875
17.39111442578125
17.402237265625
17.4122868671875
17.42201603125
17.43191480078125
17.4396538828125
17.4476375859375
17.4565392109375
17.46638596484375
17.47594934375
17.48752562109375
17.49876660546875
17.50918378515625
17.51841646875
17.52800029296875
17.5379112578125
17.5470879765625
17.55399151171875
17.56066171875
17.5682851171875
17.5746953515625
17.58032242578125
17.583418109375
17.58629863671875
17.589833171875
17.595661390625
17.60166947265625
17.60922571875
17.61721265234375
17.62584168359375
17.634519109375
17.642414953125
17.65038411328125
17.65806365234375
17.665356765625
17.672548847656252
17.6796209609375
17.68600801953125
17.6921819921875
17.69753465625
17.7021965546875
17.706453484375
17.70959721484375
17.71260558203125
17.71507683984375
17.71652259765625
17.718145109375
17.71951023828125
17.72104171875
17.7231412109375
17.72536483984375
17.728661734375
17.73317321484375
17.73757583984375
17.74061889453125
17.74379872265625
17.746882636718748
17.75184158984375
17.7562201796875
17.7599791796875
17.7623655625
17.76420369140625
17.7649641484375
17.7651583671875
17.76525275390625
17.76723576953125
17.76873514453125
17.77012747265625
17.770435296875
17.771329921875
17.7716635078125
17.77163140234375
17.7725675625
17.775322828125
17.779049984375
17.7833313828125
17.78713284765625
17.790614734375
17.79347610546875
17.79659071875
17.79938669140625
17.80242856640625
17.80453188671875
17.8085952890625
17.81429752734375
17.81971498046875
17.8251249765625
17.82942266015625
17.8345060390625
17.840064046875
17.844975796875
17.85025928125
17.8557269375
17.86047506640625
17.86639624609375
17.873079625
17.88044565625
17.8870887421875
17.893371890625
17.89915575390625
17.90408272265625
17.90842835546875
17.912192171875
17.91669116015625
17.92108396875
17.9257131171875
17.92991198046875
17.9328006875
17.9355831171875
17.938770796875
17.9426231875
17.946959015625
17.9508798125
17.9554983203125
17.96030721484375
17.9651609765625
17.97019886328125
17.97502784765625
17.979588375
17.98445351953125
17.9891127734375
17.9946046640625
17.99965151953125
18.00356909375
18.0085519765625
18.01337251171875
18.01766224609375
18.02069742578125
18.0237181796875
18.02646055859375
18.0297861953125
18.03585873828125
18.044094875
18.05398499609375
18.06512236328125
18.07732175390625
18.0892776953125
18.1006354765625
18.111674203125
18.12100478125
18.1298215859375
18.13613001953125
18.1405008984375
18.14369444921875
18.14587306640625
18.147055046875
18.14744921875
18.14684771875
18.1449833125
18.14417916796875
18.141750203125
18.13879847265625
18.13573948046875
18.13072566015625
18.12632641015625
18.12135129296875
18.11619609375
18.11162
18.10647031640625
18.10048979296875
18.09510590625
18.089663515625
18.0829944921875
18.07671601171875
18.07021724609375
18.06385914453125
18.05783358984375
18.05278619921875
18.0469761796875
18.04137754296875
18.03517853515625
18.02925896484375
18.02316069140625
18.01680878125
18.0112977109375
18.00577304296875
18.00027402734375
17.99473471875
17.99038679296875
17.98575309375
17.981156453125
17.977979359375
17.973615484375
17.9697539375
17.96600914453125
17.9630298203125
17.9597774453125
17.956835875
17.95416093359375
17.95274373828125
17.95043499609375
17.94934388671875
17.94822677734375
17.9482107734375
17.947131046875
17.94689759375
17.94732073046875
17.94809205859375
17.94801309375
17.94846691015625
17.94938151953125
17.9490737109375
17.9496011875
17.9528014140625
17.95469563671875
17.95844447265625
17.96145691015625
17.963918234375
17.96741846875
17.9702247734375
17.97332856640625
17.97654765234375
17.98006662109375
17.98478209765625
17.99000211328125
17.9957608046875
18.00069523828125
18.00536309375
18.01169149609375
18.0163558828125
18.022222453125
18.0282032890625
18.0344732578125
18.03928375
18.04407362890625
18.0511693515625
18.05869770703125
18.06549846875
18.0715456796875
18.07859256640625
18.08613621484375
18.09508234765625
18.10318975
18.11148489453125
18.11842855859375
18.1279393203125
18.1351189140625
18.14559916796875
18.15450844140625
18.16490029296875
18.17671746875
18.1882299140625
18.19856440625
18.21040645703125
18.222528890625
18.234623078125
18.24530482421875
18.25782125
18.2715932421875
18.28368259765625
18.29646408203125
18.309207125
18.3229282734375
18.336875015625
18.3504381484375
18.36312730078125
18.3780344375
18.39207020703125
18.40501189453125
18.41916102734375
18.433204640625
18.446316421875
18.46139527734375
18.47591141015625
18.49044376171875
18.50635765625
18.52139084765625
18.5361088359375
18.55212326953125
18.568614246093748
18.5848753828125
18.6009564921875
18.615959765625
18.632195765625
18.64880486328125
18.66551415234375
18.6820180234375
18.69971158203125
18.714046421875
18.732589726562498
18.75072229296875
18.76929653125
18.78747933984375
18.807106390625
18.82350237890625
18.8453053984375
18.86468073828125
18.88138090625
18.901351828125
18.91900843359375
18.93822771875
18.957665890625
18.97758541015625
18.99778014453125
19.0162957421875
19.0366811953125
19.0575244765625
19.0786843203125
19.09815137109375
19.12071478125
19.14304615234375
19.16512748828125
19.1866006640625
19.20487571875
19.22731207421875
19.24886481640625
19.26905221875
19.2917404609375
19.3135823515625
19.3350869453125
19.3576255234375
19.37914570703125
19.40107001953125
19.424114
19.4452157890625
19.4686417734375
19.4914616875
19.51344729296875
19.5350857109375
19.55737572265625
19.5782990234375
19.6032890234375
19.6247218125
19.64966015234375
19.67365464453125
19.6972311484375
19.72059915234375
19.74404578125
19.76667491796875
19.79367813671875
19.8174090625
19.84269358984375
19.86549760546875
19.8914252890625
19.915961453125
19.94119546484375
19.96670950390625
19.9919813671875
20.01836023828125
20.04619669921875
20.07374267578125
20.102169515625
20.1280130859375
20.15774568359375
20.185895859375
20.2121885703125
