97.480487
93.959331
94.536124
90.021316
96.529077
91.976164
96.274619
90.745728
111.640372
103.806459
100.835497
95.434436
93.111211
114.733919
91.848181
90.153497
92.463168
96.402281
98.389796
93.114801
100.976335
95.971328
91.741848
87.676601
108.806063
100.550449
92.649421
90.672717
101.973413
96.314224
89.749238
91.515168
101.254330
95.351096
117.870367
108.017307
91.719015
88.632084
86.956106
454.354313
94.704250
474.258543
102.535755
96.890018
95.595486
91.567705
93.364776
89.818458
98.784586
93.822094
100.434308
102.344981
99.381355
94.145017
95.852557
90.494643
111.188701
103.057618
94.191460
115.350935
87.444651
85.494550
92.394670
90.208843
133.650945
120.256949
94.808213
91.317297
96.654800
92.106929
96.440943
91.850988
98.362379
101.167135
98.067259
231.235057
100.213982
99.783086
158.345471
138.526121
90.190151
86.273727
96.696246
98.927951
116.545312
108.820371
91.507794
177.197158
95.589249
90.578728
105.571307
98.653965
99.624368
95.812089
89.103512
89.419609
95.993885
93.362117
92.041442
89.158772
91.706140
88.201634
89.951146
454.215367
118.034961
107.928794
107.924579
100.844473
120.897626
186.657840
93.059898
88.907750
96.963480
91.822554
113.393534
103.550929
111.941098
104.195165
98.988192
97.688608
106.919038
100.068792
94.225617
90.881576
113.741610
104.270446
93.895010
89.979268
103.679819
98.276530
104.132397
98.518159
88.714398
94.883794
106.894671
99.473276
96.159775
91.588234
103.224260
96.014261
101.606721
96.978038
102.208958
96.108183
103.989220
97.738975
91.949352
87.957518
106.344999
102.450659
108.504440
100.725935
101.918205
96.189108
119.532974
110.162439
91.460290
88.021661
101.493348
100.205126
99.797026
97.401040
115.860921
108.336127
99.344325
93.554067
124.234046
114.011493
119.222131
108.632993
101.689194
106.466707
107.065139
99.657145
106.725146
99.402226
103.108326
96.363429
96.568209
91.898894
93.772948
90.124604
106.797427
99.298756
92.138383
94.333320
107.569424
99.860508
99.604232
93.631334
92.901743
89.255949
92.959413
88.702777
107.137512
99.544128
89.661571
86.556079
111.815624
103.593522
101.870395
95.871462
92.264161
88.390526
102.028895
96.181426
102.403876
96.267134
97.525974
92.018212
110.200739
104.705845
119.784035
122.931547
115.725937
107.275018
89.102923
86.559667
105.455996
98.080718
89.670225
86.818462
126.250005
118.605312
97.630813
97.897921
121.129791
250.015972
92.877130
89.401585
102.146269
96.110258
99.246049
93.491672
100.058041
94.417400
96.457822
91.521425
102.648062
100.194762
116.470916
107.685624
105.199947
101.497368
102.928794
96.367462
97.978152
92.960805
104.369469
97.644206
98.450993
93.261177
93.009007
94.212861
94.975074
92.676244
99.978808
97.200774
120.355278
114.501871
93.421378
89.002199
101.654727
95.766852
88.355048
85.695408
111.747282
114.278248
99.956738
94.331973
101.262812
100.395656
92.084768
88.856339
86.416336
83.697259
105.033872
98.131290
97.980319
93.507875
93.716277
89.932138
98.212425
93.884318
104.724640
98.310343
106.647878
100.129534
126.309150
114.084456
100.163154
117.758787
89.613200
194.726705
90.362930
87.489743
88.483766
91.573464
97.167919
92.292847
93.273496
102.314403
94.229515
97.765487
103.483925
96.654353
117.225583
107.249971
103.118666
97.173173
104.161547
102.753053
97.883232
95.090884
95.966656
90.563216
99.924576
94.082996
93.159067
89.271371
126.279542
116.010030
100.068061
94.078254
97.145404
93.828519
111.081009
102.667488
97.673821
92.386177
94.995854
91.607930
103.696934
98.666489
91.146039
87.887895
101.931115
105.861651
99.982388
93.955700
96.203494
91.987511
105.376226
100.598142
123.679135
111.497394
93.225441
404.836806
137.548119
122.838809
92.637890
89.779460
99.437330
94.138727
135.767249
133.459468
91.909394
171.730466
110.592004
102.081041
105.521027
98.955626
104.941861
98.567703
102.442368
98.664060
97.929014
92.090080
117.265649
107.870551
99.037030
94.500130
110.255984
101.491215
92.310867
89.144361
102.766160
100.449210
101.900252
95.460531
106.698383
99.448599
103.403834
96.373191
94.496011
90.562845
94.761117
91.949112
91.247403
95.071286
130.359781
137.881377
113.445064
103.838471
100.414178
95.426408
98.667139
93.273541
128.851236
116.870556
107.119647
101.215086
92.206531
88.027706
100.968756
96.541809
119.767269
108.652842
98.992321
94.194813
94.808073
90.223817
99.311879
93.459423
100.796100
96.353562
101.186276
94.961251
93.618963
89.415403
96.153967
92.265792
100.742077
94.974172
96.527631
93.157803
93.943425
244.765585
99.509497
106.987163
99.635829
93.243894
109.634415
101.679719
95.568830
91.181313
107.126049
100.583946
97.077323
93.697142
108.320592
100.369526
112.532834
105.761657
113.156442
104.904787
100.589696
95.789202
98.847014
94.567258
103.448447
101.537445
105.641198
98.907980
118.012703
109.248403
105.479055
116.326827
94.369568
89.964288
106.230161
99.775919
102.552030
95.992090
95.020349
89.191354
87.507531
84.497216
99.110488
93.613594
114.238238
110.255168
85.995092
118.507499
86.782198
85.567782
91.070413
87.558821
92.462063
89.941510
100.135055
94.735425
99.153278
92.925794
96.834385
91.808019
88.872302
86.102354
96.140930
91.604986
84.179137
83.191780
112.579524
103.691948
111.187179
103.008663
106.691941
104.137294
109.104129
100.511459
92.805267
89.286480
107.980043
100.475857
95.954511
114.521428
94.277722
93.734828
98.353272
92.816946
89.273490
86.172940
