129.101972
130.060384
127.917145
128.977791
134.589485
131.906940
127.670870
125.611584
133.519032
128.791615
132.329222
128.575467
127.082270
125.198710
128.210228
159.719254
124.223763
144.256711
130.603849
127.340420
126.011548
124.205314
124.747091
122.732174
128.655883
128.514704
133.467730
131.021911
133.998227
132.463237
124.914644
123.644344
127.920805
129.954785
125.961431
123.153105
128.484409
127.316448
127.056119
125.996247
128.936585
125.884361
130.584330
127.623121
140.853592
137.243313
129.757593
127.270769
124.177734
124.437210
131.719757
128.643000
131.815050
128.428321
138.437427
140.818618
131.942874
128.868995
125.651938
124.277087
132.501886
127.553196
135.682534
131.565052
133.001221
129.881821
120.957173
120.721493
125.260923
123.258810
127.326920
125.095212
122.292816
119.977307
131.753101
130.868923
119.971907
119.602405
126.822738
125.293416
131.189832
128.197367
129.185632
126.588383
132.044296
129.864003
126.870078
126.869137
128.032477
127.905587
126.980118
127.366846
126.078876
132.164235
132.329822
128.659406
122.978850
154.126616
125.931004
124.681903
129.891768
127.386163
125.371606
124.754434
130.543708
129.552001
131.162736
130.015424
130.016864
127.890282
124.185077
125.320571
133.302783
131.419177
122.842435
122.534800
123.823018
122.423139
130.489904
135.986657
131.521787
130.781722
129.476397
124.230998
135.572491
133.013479
127.492317
124.940955
132.237025
130.871172
124.125676
122.069562
121.845053
119.606916
124.010266
124.593759
127.966478
126.259123
122.784068
133.220491
126.605145
127.758709
129.105167
122.767098
130.392284
128.024071
126.618003
124.623446
137.093136
134.283503
125.342758
124.392862
127.453564
125.429049
127.553212
125.498749
127.148924
131.456221
132.227132
128.171441
133.962515
132.146210
131.957140
136.843232
135.572953
150.813738
132.592076
130.205064
128.285543
125.778682
130.040341
127.858116
133.181972
130.681163
126.726309
125.548874
124.502460
122.860258
123.024595
122.646034
125.389276
129.811870
127.206275
126.519200
127.191276
127.343357
123.853292
129.866740
125.754950
123.880027
126.922657
124.133124
123.811744
122.948756
143.146402
137.375166
125.458729
123.500010
126.786994
127.134290
124.940730
124.497420
136.001559
132.917304
132.317301
126.993291
124.589282
123.952523
127.351677
125.203513
134.798597
131.226293
138.135607
134.842905
127.370789
124.263460
126.588528
124.552186
124.882814
124.038675
132.634464
128.202953
131.025873
126.822411
126.709864
147.592891
127.095451
126.217062
134.894908
134.364727
133.365190
145.399152
125.329873
123.731382
132.782890
158.064902
123.447304
123.683419
126.706981
123.524502
131.194648
128.270975
135.647534
129.494360
132.595882
139.578612
135.493304
130.768504
131.204742
129.517553
122.837526
121.576034
126.133040
125.472626
126.644680
126.796867
144.083317
139.163914
135.197061
131.551268
124.031195
123.146380
123.657413
128.118005
129.507242
155.193445
135.081471
132.091901
129.186471
132.128678
131.108260
128.173899
124.009442
123.078016
131.218114
128.247951
126.761466
122.744164
123.885195
125.286674
126.658524
127.961915
128.158127
125.260823
126.423396
125.645359
124.491603
121.871877
131.156999
125.406167
131.393454
130.097907
128.316956
125.893791
125.785964
123.843076
132.320664
129.402048
132.920645
129.432594
128.178610
143.457842
123.920939
123.241704
123.013731
126.810346
123.973345
130.365625
131.537858
127.538091
123.566898
122.919757
131.638096
127.494397
133.342330
132.360202
130.695162
127.483541
128.756059
125.863885
129.297071
131.621118
129.391106
126.231236
132.663065
128.159666
126.760697
125.335378
129.687764
127.685034
134.984908
232.627816
125.573071
122.141369
128.970663
135.513368
151.167546
143.523370
131.088643
128.526798
127.298111
124.258903
130.147706
125.590314
126.383169
187.372436
128.525573
126.488580
129.534458
126.661127
127.798163
126.701331
127.402652
124.001047
130.307616
138.078625
124.968726
121.994609
135.331828
130.578978
130.359296
129.242291
138.404181
131.537460
129.000979
129.416638
127.006953
123.485802
128.388394
126.106328
133.231166
134.680781
134.284430
132.264005
133.203178
139.926482
123.219819
122.873464
127.936826
126.054522
122.548837
121.495923
124.284656
121.388148
125.951961
127.528738
129.695398
134.774652
129.639301
126.448573
124.657053
122.714096
132.055739
128.480572
134.974331
131.248384
137.415280
587.408576
133.400169
131.758070
126.658991
125.893464
121.141753
120.940435
124.391666
124.862456
128.222991
123.939188
126.556619
122.592498
123.657796
129.357763
134.745185
131.639216
129.636814
126.203570
125.939881
128.705289
131.005612
125.809673
130.178936
126.719185
127.181000
127.382758
130.552068
128.442380
124.706499
124.165814
131.713519
678.169443
123.345967
122.531949
127.900077
126.375974
128.017509
142.248072
127.121437
133.380181
129.636251
127.317158
125.359099
124.580061
125.510164
124.088325
132.928874
133.886676
127.209521
123.925321
134.829478
171.022564
125.970973
149.639785
133.520194
131.020061
131.045846
129.253152
127.810848
125.830574
123.742078
121.373128
124.168160
123.976427
125.981812
125.065440
124.877640
127.049357
127.884108
125.966282
128.160858
127.450271
125.876236
130.619848
130.469528
127.901442
126.545392
128.677953
123.644564
125.031348
125.545168
125.034172
133.839139
129.233828
132.617196
133.282168
122.336132
121.730138
126.057179
125.253866
126.864329
125.528619
123.116998
122.810140
122.100978
122.343365
132.401311
138.173260
128.647737
131.024060
123.465427
122.028761
133.731371
131.563140
127.176375
125.638600
124.226200
123.943246
127.284529
123.867934
129.505837
128.269358
130.242238
127.821576
