329.0895042890625
354.06586331249997
337.8120134765625
338.61006416015624
344.80108479296877
350.50693069921874
356.16945905859376
362.39775390625
369.7436949453125
374.9687269375
379.51350625390626
385.453310390625
389.6783469921875
393.26118080078123
397.2169272109375
401.2678808984375
404.7796603671875
408.5125957734375
411.2409918984375
413.91432280859374
416.77396398828125
419.59121050390627
422.65659932421875
425.04197245703125
427.8657802890625
430.76691381640626
433.54007887890623
436.06275614453125
438.564472984375
440.76619835546876
443.3833278085938
445.80996201171877
447.67737494140624
449.6111415390625
451.78136545703126
453.79127619140627
455.43230825
457.05997191015626
458.7699618828125
460.3841700859375
462.02445477734375
463.4452790898438
464.96581137109376
466.43670340234377
467.73246791796873
469.0299301640625
470.2170428359375
471.19394870703127
472.2396589570312
473.2195365234375
474.16557821875
475.32399010546874
476.34526802734376
477.32539420703125
478.12595313671875
478.970522421875
479.84989293359376
480.8380406015625
481.80826087890625
482.688307203125
483.423842578125
484.2083523828125
484.89613449609374
485.47675932421873
486.0916920078125
486.84261551953125
487.47390392578126
488.2335014921875
488.8281822460938
489.48743373046875
489.98550498828126
490.6467182695313
491.300487265625
492.0007034453125
492.63009130078126
493.18154614453124
493.81813902734376
494.55104583984377
495.1476706796875
495.7388203984375
496.37222156640627
496.94251235546875
497.5438168554688
498.04199964453124
498.4659998828125
498.94654668359374
499.51354901171874
500.006955140625
500.58519470703123
501.05241621484373
501.6649178398437
502.0986413789062
502.67414180078123
503.11152284375
503.6831685078125
504.0735077421875
504.52648053125
505.01770058203124
505.4591622734375
505.8506109414063
506.32876302734377
506.77470785546876
507.31897298046874
507.84491184375
508.37256191796877
508.91024805859377
509.46890233203123
509.86265181640624
510.26612190625
510.626275234375
511.13668369140623
511.54202346875
512.0049960039063
512.329792265625
512.7160071953125
513.1072201367188
513.442033578125
513.7551229609375
514.181970421875
514.5266871367187
514.860647015625
515.1207312539062
515.3909353789063
515.8817799257813
516.1524876914062
516.3532352890625
516.53384825
516.7613112148438
517.050690328125
517.2889580625
517.4584185625
517.5753355546875
517.741117734375
517.8865065585937
518.0883168828125
518.1862663164062
518.286082359375
518.35758153125
518.4520165234375
518.5490897109376
518.691285390625
518.7429020078125
518.8707909179687
518.957793953125
519.0356605742187
519.1913397109375
519.288592546875
519.3643796757813
519.4185508007813
519.4532381914063
519.5010765820313
519.5742715429687
519.6647315429688
519.7183474492188
519.7459361289062
519.7804673671875
519.8396029335937
519.8232512929687
519.8624932460938
519.8778999140625
519.9161853828125
519.9303541914062
519.9847270273438
520.02104278125
520.1731961679687
520.3253139375
520.5163812304687
520.6965013242187
520.8731080546875
521.0645954257812
521.2418506484375
521.5106395664062
521.6978289453125
521.8758526328126
522.02563684375
522.144579640625
522.40131371875
522.5921933984375
522.7965825585937
522.9654623945313
523.2185170078125
523.4174015976563
523.6558267265625
523.8542324765625
524.0601346054688
524.306586390625
524.4865275234375
524.659529140625
524.878349625
525.1383871445313
525.2853036054687
525.5360637773438
525.76578346875
525.9545339609375
526.1363165625
526.3069902460937
526.4786668046875
526.657486765625
526.8421389101562
527.07198525
527.2538958867187
527.4081966875
527.5951111875
527.7419418789062
527.9231131328125
528.051475421875
528.2167979414063
528.34896796875
528.5586176679687
528.68506828125
528.8870615273438
529.0616299726562
529.249584640625
529.4140857265625
529.6089234726562
529.7606311484375
529.9348954765625
530.0783866953125
530.25086521875
530.4007910742188
530.5844381640625
530.7966303125
531.0089286757812
531.21829559375
531.3679264921875
531.5972684804688
531.7980981210937
531.9781346757812
532.15954803125
532.35163015625
532.5554250898438
532.7410642070313
532.8967570664063
533.0309833710937
533.1854076367188
533.2638372226562
533.3713215703125
533.4584119257812
533.5083384453125
533.6276279804688
533.7305772929687
533.8438832734375
533.9485426640625
534.0105387304687
534.1455628867187
534.2066824257812
534.2341754570313
534.24513446875
534.2815255273438
534.3435012734375
534.3776800703125
534.4546582148438
534.5154388125
534.5384954609375
534.5807216171875
534.6124644101562
534.6453859609375
534.7147447148437
534.7953500664063
534.8813557460937
534.9580209960938
535.0855250664063
535.2108938085937
535.3544151328125
535.4695011640625
535.576744234375
535.6683577226562
535.7411717539062
535.8623508320312
535.93485871875
535.9620039882813
535.9946831289062
536.062864796875
536.1197561796876
536.1975815507813
536.2597811210937
536.3195840859375
536.3947483007812
536.452678921875
536.50826465625
536.5926350859374
536.6722511054687
536.764142390625
536.8280225664063
536.8914081367187
536.958244703125
537.0185430898438
537.137353484375
537.2492680429688
537.3250291367187
537.419677296875
537.4713232773438
537.4901691796875
537.5334676015625
537.5497700429687
537.586643234375
537.600624140625
537.6240554921875
537.5955738085937
537.6053942929688
537.634320921875
537.6335421835937
537.6705173125
537.6966576875
537.7502511796876
537.7531306132812
537.7717060742187
537.78321284375
537.7982456054688
537.8389360195313
537.856896953125
537.8936708359375
537.916415703125
538.002699328125
538.0735436992187
538.1353927773438
538.1975686640625
538.2334032929688
538.2482946835937
538.2557658554688
538.2594479921875
538.277423890625
538.3276205703125
538.3488812421875
538.4148314296875
538.4744182578125
538.5457911328125
538.5564149609374
538.6003296640625
538.6147399882813
538.6731297382812
538.7377120703125
538.7536913671875
538.7759649023437
538.8260501914062
538.8733287265625
538.9242733320312
538.9781986953125
538.9951018125
539.024303515625
539.0875881757812
539.140059296875
539.238365609375
539.3450461875
539.4086698085938
539.4915296757813
539.5842951953125
539.647272765625
539.7145937148438
539.7606208789063
539.8308218945313
539.9106625625
539.9368645820313
539.9642996445313
539.9985535898437
540.0228403671875
540.0538910625
540.08243171875
540.1429435546875
540.1937887929688
540.3495664140625
540.5419495039063
540.7454641640625
540.924537
541.0927306132812
541.2308863398438
541.3315970273437
541.4254709257813
541.500499390625
541.5532024375
541.6112748789062
541.6539001796875
541.696161359375
541.6751310390625
541.6919888828126
541.7020352421875
541.7119994492188
541.6804846132812
541.6609974609376
541.6363220976563
541.6117258359375
541.5718748984375
541.55052640625
541.4955053398437
541.4747925195312
541.4315068046875
541.4055323515626
541.37873328125
541.3369793789062
541.2977440820313
541.238743328125
541.1937086640625
541.1336955429688
541.1016528515624
541.0591239804687
540.9956920507813
540.9682911992187
540.9445359023438
540.9206323828125
540.8901302578125
540.8735354921876
540.8262728710938
540.7970001054688
540.7776423320313
540.7678393671875
540.7382629609375
540.7216275820313
540.6938207070313
540.677570875
540.6536403125
540.6458258515624
540.6463804570312
540.6406649960937
540.6358559296875
540.635598109375
540.6333851640625
540.6465127109375
540.6438279921875
540.6387152070313
540.660598046875
540.669536078125
540.680875
540.7030845546875
540.733871046875
540.764768203125
540.7958750117187
540.8358345859375
540.8744664101563
540.9113370820312
540.9691941171875
541.0043294179687
541.0521712890625
541.0914121875
541.1487224570312
541.1985150703125
541.2782306445313
541.3450427382812
541.4168399648438
541.4939590664062
541.5603171367187
541.6446807929688
541.7294132304687
541.8158833125
541.9106880664062
542.003108296875
542.1025298046875
542.1980559023438
542.2809743398437
542.3916857734375
542.4748670351562
542.5822756992187
542.690461453125
542.8159685195312
542.9018157578125
542.99620846875
543.1158668867188
543.2446278671875
543.3603791640625
543.4627583203124
543.57720096875
543.71725565625
543.8761757773437
544.0007932070313
544.1383306171875
544.2646993085938
544.4154605664063
544.5409022695312
544.7108109023437
544.8547497773437
545.0253194453124
545.20090528125
545.3631282773438
545.5117860078125
545.6927361875
545.857077265625
546.0307560820313
546.2061843125
546.3975643867187
546.6188606601562
546.8009183671875
546.9857058515626
547.1832364375
547.391446859375
547.5947527929687
547.7893875625
547.99158759375
548.217253640625
548.4342172929687
548.630701625
548.8502692226563
549.0702585976562
549.2747193710937
549.521282875
549.744005515625
549.9623162578125
550.2063529648437
550.43104796875
550.6601198359375
550.8936920703125
551.1408332695313
551.3908439609374
551.6500966171875
551.8926154804687
552.1522357265625
552.4139535625
552.66052528125
552.9092093476562
553.1870125039062
553.42715084375
553.71413321875
554.0006069375
554.2819449414062
554.5487130664062
554.8372505976563
555.1046334296875
555.4361484101563
555.7289475820312
555.9932993789063
556.3038906132813
556.5780123476562
556.8688543046875
557.1686306054687
557.4903145234375
557.8090318320312
558.095085765625
558.4092922304687
558.7277096914063
559.0348315546875
559.323108625
559.6424221835938
559.9791538085938
560.2910877617187
560.6118510898438
560.9014664023438
561.2523458828125
561.588923703125
561.8953483828125
562.2273260703125
562.5617240234375
562.8956589179687
563.2435802109375
563.5862721523438
563.9037781953125
564.2500276640625
564.57224946875
564.9260187617188
565.2795402460938
565.6312843828125
565.9875231484375
566.317388296875
566.6347762148438
567.0177112421875
567.364273796875
567.745065125
568.1067929570313
568.46245309375
568.8270741523437
569.1845194375001
569.5352913710938
569.9220696757812
570.2721094335938
570.6550334648438
571.0224477734375
571.4301324882813
571.7872676171875
572.1747453789062
572.5655428203125
572.96139465625
573.361557640625
573.7573500820313
574.1481239492188
574.5693625898438
574.9438620742187
575.3922886367187
575.7909316523437
576.1649270859375
