176.166123
96.948054
253.139615
92.528414
84.427224
163.113267
158.518814
95.291551
102.058183
314.872182
243.387829
176.876666
143.544556
143.839030
109.537415
79.143709
188.910647
244.392111
82.307181
95.295404
144.113760
130.466763
212.214232
88.429122
218.359860
179.960955
144.746814
131.788084
103.889399
169.835086
103.637032
107.214326
159.930011
95.309621
221.917863
74.091072
97.073498
217.511174
95.183800
110.883702
136.836400
200.744487
119.775951
275.663998
94.268684
196.570466
106.725564
187.217161
166.895246
84.126610
174.063130
159.444997
137.545709
157.134950
300.307769
135.401250
122.590277
165.290255
73.450819
85.952604
243.113460
76.661228
112.459253
236.741594
141.396923
154.114460
105.016194
283.941549
128.488861
92.253997
74.120295
155.698541
100.582543
65.395989
228.040503
200.413918
130.168954
161.224702
82.814980
100.452376
73.057462
718.146605
104.673477
327.852502
218.631808
140.750577
118.849128
258.365555
72.734897
293.420796
247.314767
381.733812
192.708390
84.271949
242.019766
144.139921
86.057389
92.401119
60.158581
257.896159
102.839575
230.230777
259.932358
143.687636
135.758504
128.264652
152.563912
246.386044
111.433380
80.581677
155.644956
272.607284
327.245379
310.763410
68.719850
163.004587
245.632194
70.370911
183.296036
97.428682
277.320345
124.048510
278.825357
127.460069
88.618379
139.158620
99.333589
155.009353
207.293160
95.837560
127.010590
117.189408
204.109063
88.782401
124.449240
326.712390
143.359842
94.002327
168.015243
151.006787
269.106012
167.739544
209.544739
106.730846
129.871450
254.294285
109.513830
121.084844
211.374824
115.935794
185.525129
77.468698
148.628633
76.940510
262.818737
293.341941
146.643977
102.937660
207.163062
129.327020
176.201407
189.150525
226.934735
187.149166
181.793329
95.523118
142.782388
77.604393
178.549252
67.357042
137.307951
81.722512
376.409366
436.648028
152.670284
346.794389
131.644310
311.538992
93.469503
208.384994
77.055698
162.926817
103.710292
161.360301
352.698329
57.893488
173.176101
265.304810
190.042224
151.019598
168.354563
138.112554
115.810639
165.006126
91.298519
462.312995
357.995054
116.074443
86.249573
76.244221
82.789021
182.259002
118.366074
186.888993
84.836104
512.081148
74.378407
236.919307
140.363050
67.619763
103.387115
259.786906
76.782730
108.836912
115.253567
165.931485
92.474509
143.483430
105.251840
122.265536
73.848904
258.662079
478.836972
110.242714
122.626625
156.473255
86.362053
144.853628
115.861898
199.981009
143.158297
81.314196
88.174301
52.162446
124.609354
388.286054
153.926309
210.763742
134.768348
69.482437
298.239842
213.214590
170.470847
70.783943
485.369051
54.740665
235.637761
132.671836
73.814753
146.769437
194.592290
280.621259
142.249786
210.598466
76.034845
474.898226
