21.05802472265625
22.51983398046875
23.208612953125
23.247542859375
23.2959791796875
23.286746828125
23.31858653515625
23.4010654609375
23.42501902734375
23.51849871484375
23.5638611796875
23.584895359375
23.59458405859375
23.625000886718748
23.6663739453125
23.65894881640625
23.69974141796875
23.705651859375
23.7182663046875
23.69606133984375
23.675355484375
23.6701619609375
23.65239055859375
23.6834043359375
23.68865762890625
23.69776540234375
23.70177669140625
23.69239128515625
23.6813161015625
23.6963687890625
23.695549140625
23.68143707421875
23.671068535156248
23.67730851171875
23.6773147265625
23.69323290625
23.6860596953125
23.70288046484375
23.70587932421875
23.7060430390625
23.7054918671875
23.70375055859375
23.71671173828125
23.72547371875
23.7303091875
23.7278453671875
23.72845065234375
23.72884601171875
23.7440642421875
23.74615121484375
23.73758658203125
23.72666926953125
23.7188833359375
23.72800066015625
23.7390628671875
23.74606034765625
23.7568874140625
23.75560348046875
23.7493407109375
23.75011303125
23.74538748046875
23.74877272265625
23.7398234453125
23.73356162109375
23.72986533203125
23.73718654296875
23.739479
23.7431075078125
23.7470928125
23.75321747265625
23.7512206484375
23.7541936796875
23.7553323671875
23.74902259765625
23.7521013515625
23.7494375703125
23.758694265625
23.7555112734375
23.766391390625
23.7736247109375
23.779294980468748
23.7694045
23.77591663671875
23.777286578125
23.777336109375
23.7810541640625
23.7857238125
23.78388112109375
23.77603221484375
23.783763203125
23.78125196875
23.7806422109375
23.77894532421875
23.77992016796875
23.78291671875
23.78179442578125
23.7912072109375
23.78941051171875
23.7841863203125
23.78268580078125
23.78289144921875
23.7814466015625
23.784536703125
23.78799701953125
23.78939062890625
23.78627001953125
23.7852617734375
23.7885651953125
23.793516671875
23.79968266015625
23.80748180078125
23.805405484375
23.79918853125
23.7928727890625
23.792940390625
23.789670765625
23.79064821484375
23.78802855078125
23.784270671875
23.7857927890625
23.78975123828125
23.7881555625
23.79048095703125
23.792462296875
23.79644487890625
23.79813932421875
23.795855046875
23.774134749999998
