16.6892284453125
18.08357574609375
18.74107571484375
18.7660366484375
18.81230074609375
18.79832694140625
18.82362334765625
18.9041057421875
18.92277744921875
19.01240307421875
19.05848513671875
19.0768752421875
19.0843143125
19.11288151953125
19.15437093359375
19.143361109375
19.18483777734375
19.1892600078125
19.19963655859375
19.178682265625
19.1561751640625
19.1514138671875
19.13376616015625
19.16385069921875
19.16965831640625
19.17999934375
19.18350602734375
19.1748046015625
19.1643917734375
19.17973339453125
19.1781100703125
19.1653192421875
19.15614166796875
19.16210319140625
19.1614569609375
19.17708261328125
19.17009847265625
19.18585643359375
19.1891439453125
19.1892819453125
19.1890564140625
19.18707291015625
19.19999143359375
19.2080531640625
19.213210171875
19.20986409765625
19.210555132812498
19.2103478515625
19.224875359375
19.226820125
19.21901125
19.208195421875
19.20083269921875
19.20922618359375
19.22065447265625
19.22733751953125
19.23861225
19.23686520703125
19.23070679296875
19.2309784375
19.22590798046875
19.22911893359375
19.22093345703125
19.2147963359375
19.21117744140625
19.2180243671875
19.22030919921875
19.22386066796875
19.228503765625
19.234948546875
19.23237578125
19.2355758359375
19.23665083984375
19.23097629296875
19.234292796875
19.23197126171875
19.240352375
19.23700430859375
19.24802921875
19.2546378046875
19.26048549609375
19.2509842578125
19.25713
19.258159515625
19.2581580703125
19.2619060546875
19.26666408984375
19.2648022265625
19.25709951171875
19.26517240234375
19.26304145703125
19.26268004296875
19.2612011328125
19.26234798828125
19.2655883828125
19.2645401015625
19.273249234375
19.271422890625
19.266508328125
19.264846484375
19.26543975
19.26399733984375
19.2670511484375
19.2703740625
19.271971140625
19.26857486328125
19.26750084375
19.27056499609375
19.27548098046875
19.2812032734375
19.28870481640625
19.286756453125
19.28052617578125
19.2742086015625
19.2741963828125
19.27130734375
19.27193976171875
19.2694596484375
19.26555083203125
19.26681101953125
19.2707167890625
19.2692451875
19.27176375390625
19.27344858984375
19.27743928515625
19.2791030234375
19.27709360546875
19.26028387109375
