16.58170652734375
18.42043200390625
19.03292384765625
18.9955658359375
19.20184212109375
19.37104601171875
19.66244219140625
19.82878446484375
19.817142125
19.7069343984375
19.66402269921875
19.6723018828125
19.77038538671875
19.845075703125
19.88812733984375
19.94922803515625
20.01443480859375
20.11663721484375
20.19260091015625
20.17568767578125
20.16962454296875
20.1362476796875
20.1419598828125
20.13604759375
20.08311985546875
20.0770799453125
20.08007312109375
20.06204348828125
20.05288280078125
20.05749108984375
20.04700483203125
20.07661076171875
20.1018010859375
20.100538015625
20.0684768984375
20.04718948828125
20.02233994140625
20.01716587109375
20.0222478515625
20.01679112890625
20.032280625
20.055993890625
20.07243267578125
20.0778961953125
20.086630078125
20.092473875
20.0909894609375
20.0792650859375
20.07281376171875
20.06253598828125
20.08366259375
20.092742625
20.110403015625
20.13660333203125
20.1357647109375
20.1393834921875
20.1460125234375
20.1551931875
20.174619546875
20.18853888671875
20.1933179140625
20.19032600390625
20.1885343125
20.18782116015625
20.18616523046875
20.19277611328125
20.20267640625
20.207779390625
20.22442551953125
20.2313084140625
20.23666853515625
20.23092025
20.2145715859375
20.20720075
20.2087886015625
20.2156955546875
20.22671011328125
20.23729621875
20.23980238671875
20.2460835078125
20.2411946484375
20.235556828125
20.2245809375
20.21540785546875
20.21104814453125
20.204321234375
20.20721773046875
20.20507235546875
20.201135234375
20.19779471484375
20.18654476953125
20.17993312109375
20.1702570546875
20.16032164453125
20.1476816328125
20.1409016015625
20.12785831640625
20.11699298828125
20.11091071484375
20.12416734765625
20.1312995546875
20.13137383203125
20.131190015625
20.13218765234375
20.13715740234375
20.143516234375
20.14568358203125
20.14711514453125
20.14444907421875
20.1450510703125
20.13976691796875
20.14099462890625
20.14369107421875
20.1439064921875
20.1390495234375
20.1345586953125
20.133853890625
20.13191153125
20.13183898046875
20.12815791015625
20.12764500390625
20.128780140625
20.12617035546875
20.1262438984375
20.126624984375
20.1145338203125
20.10418462109375
20.0948453671875
