4.01843044140625
5.248108015625
5.821617859375
5.83367870703125
5.87079992578125
5.8468914609375
5.8621458671875
5.92920858203125
5.94793696484375
6.02803499609375
6.0670007890625
6.08270247265625
6.09187096484375
6.115133875
6.15344691796875
6.14437641015625
6.18404303125
6.18618228125
6.19515126171875
6.17594890234375
6.1544582890625
6.14851075
6.132196109375
6.16078839453125
6.1646454765625
6.174757375
6.177213796875
6.168778109375
6.1584629296875
6.1736124765625
6.17155849609375
6.16023827734375
6.15076548828125
6.15676113671875
6.15602568359375
6.1690898671875
6.16261091015625
6.17902400390625
6.18180086328125
6.18130223828125
6.18073809765625
6.1778193359374995
6.19066015625
6.1975813046875
6.20144809765625
6.197872921875
6.198132078125
6.197986234375
6.211988109375
6.2137473828125
6.20626741015625
6.196233390625
6.1888444765625
6.1981700390625
6.20909001953125
6.2158595078125
6.22660495703125
6.22513870703125
6.2192326328125
6.2191320351562505
6.21496248828125
6.217369078125
6.20937876953125
6.20388650390625
6.20067915625
6.206851203125
6.2091563125
6.212454203125
6.2170563984375
6.22248133203125
6.21991650390625
6.22251459375
6.22465287109375
6.21918435546875
6.222186734375
6.2192439453125
6.2270721875
6.2238489921875
6.23433996875
6.2409991953125
6.24645498046875
6.23766765234375
6.24424728515625
6.24494819921875
6.24474623046875
6.24832003515625
6.25244953125
6.2512173203125
6.24398758203125
6.251022015625
6.2491296875
6.24849711328125
6.24645477734375
6.24785603125
6.25077616796875
6.24979431640625
6.25813092578125
6.256706546875
6.25249234375
6.25080576953125
6.25176537109375
6.25058585546875
6.2533159296875
6.2566070234375
6.25812733984375
6.255107421875
6.25344819140625
6.25631871875
6.2606360546875
6.26597086328125
6.27300799609375
6.2711530625
6.2654035546875
6.2593776484375
6.2593463359375
6.25658475
6.2572468046875
6.2546419921875
6.25084398828125
6.25238968359375
6.2559881015625
6.25461693359375
6.25687371875
6.258531015625
6.26229342578125
6.263701328125
6.26145339453125
6.25401630859375
