0.1703473984375
0.1956508984375
0.2082575234375
0.2162547734375
0.21801806640625
0.21838200390625
0.220875921875
0.22261435546875
0.2223226328125
0.2248616484375
0.2236075625
0.225710453125
0.227662078125
0.2279752578125
0.22566036328125
0.2279129921875
0.228464078125
0.227784890625
0.22821774609375
0.22766955859375
0.22852862890625
0.228461671875
0.22859570703125
0.22896544921875
0.22881405078125
0.2290613125
0.2297868046875
0.22918566015625
0.22857527734375
0.22826823046875
0.22836191796875
0.22683838671875
0.2264364140625
0.22606490234375
0.22642621875
0.22648850390625
0.22641822265625
0.2267226640625
0.22683708984375
0.22646723828125
0.22648321484375
0.22690530078125
0.22755941015625
0.2276644765625
0.22738457421875
0.22771920703125
0.2276630234375
0.228029046875
0.228147
0.228078015625
0.22772651562500001
0.22761347265625
0.2273760390625
0.2277040859375
0.22739894921875
0.227616671875
0.22731314453125
0.22776612890625
0.22778498046875
0.2281218828125
0.228316296875
0.228469109375
0.22806643359375
0.22799416796875
0.2281458515625
0.228312859375
0.22836258203125
0.228392765625
0.2282904296875
0.2278014375
0.22810325390625
0.2279603984375
0.22812199609375
0.2281467734375
0.2279214609375
0.22806168359375
0.228335625
0.22840494921875
0.228399546875
0.22880558203125
0.22876227734375001
0.2287347421875
0.22881748828125
0.22888227734375
0.22878764453125
0.228648296875
0.2283425859375
0.228334609375
0.228306203125
0.228305375
0.22815169921875
0.22819868359375
0.22821227734375
0.228010921875
0.22790615234375
0.2280162578125
0.228282109375
0.22840446484375
0.2283146640625
0.22827872265625
0.228257796875
0.2282981640625
0.22822285546875
0.22823070703125
0.22831620703125
0.22839633203125
0.2284164296875
0.228561875
0.22852265234375
0.228667140625
0.2289766953125
0.22906540625
0.2290049140625
0.22906402734375
0.2289424296875
0.22871633203125
0.22892225390625
0.22875769140625
0.22874820703125
0.22889015625
0.22900776171875
0.2289908046875
0.22891871484375
0.22903972265625
0.228899828125
0.2289052265625
0.22903187109375
0.22864973046875
