0.5555413203125
0.56991244140625
0.57827633984375
0.57915733203125
0.5777078046875
0.57708358203125
0.57709852734375
0.5775716796875
0.57721416796875
0.576572078125
0.57832211328125
0.57890662890625
0.57843016796875
0.5792128515625
0.57961934765625
0.58039682421875
0.58130598046875
0.5818273984375
0.58217866796875
0.58196976171875
0.5820159375
0.5815371875
0.5808138828125
0.5800543671875
0.5796879375
0.57988626953125
0.57993908984375
0.57958130078125
0.579219125
0.578948890625
0.5786476875
0.57827830078125
0.57826617578125
0.57865114453125
0.57847957421875
0.57869746484375
0.57894098828125
0.57871447265625
0.5786820625
0.57860016015625
0.57878698046875
0.579103203125
0.57933682421875
0.579454140625
0.5794315
0.57932046484375
0.57928359375
0.579581625
0.57988969921875
0.57951580078125
0.57932337109375
0.57923733203125
0.5794106171875
0.579132125
0.5792636171875
0.57948333984375
0.57960066796875
0.57947189453125
0.57952658984375
0.5794938671875
0.579455421875
0.579203234375
0.57926356640625
0.57907497265625
0.57917853515625
0.57924064453125
0.57932548828125
0.57937198046875
0.57953676953125
0.5796836171875
0.57960058984375
0.57965423828125
0.57949621875
0.5795010078125
0.5797070546875001
0.57982141015625
0.57994761328125
0.579815546875
0.58005004296875
0.5802474765625
0.58013011328125
0.57999702734375
0.5799452109375
0.5798961484375
0.57974978515625
0.579683703125
0.57962927734375
0.5797348125
0.57975007421875
0.579824921875
0.57998243359375
0.57980933984375
0.57963457421875
0.57967232421875
0.57956798046875
0.57957877734375
0.57973958984375
0.5796859375
0.579461453125
0.5794065625
0.579552765625
0.5794158046875
0.57945075390625
0.5795753984375001
0.5795079609375
0.57938776171875
0.579542390625
0.5795326640625
0.57961207421875
0.5795228945312499
0.57970124609375
0.57963102734375
0.57963196484375
0.5794965234375
0.5794255078125
0.5793863515625
0.579334078125
0.5793587265625
0.579323046875
0.57931890234375
0.57962082421875
0.57952925390625
0.57960570703125
0.5796308828125
0.57957872265625
0.579682203125
0.57982825390625
0.57981228125
