4.10723339453125
5.37253360546875
5.96777932421875
5.9890666953125
6.029988109375
6.00737736328125
6.027050625
6.09746453125
6.1169680078125
6.1998003984375
6.23739679296875
6.2546906796875
6.26612452734375
6.2895353203125
6.325909046875
6.3194075
6.35991101953125
6.3616181015625
6.37084984375
6.35141981640625
6.3305670625
6.324753171875
6.30866730859375
6.3376005703125
6.34153954296875
6.35173250390625
6.35497082421875
6.34606932421875
6.33505441796875
6.34960380078125
6.34803322265625
6.33531266796875
6.3254175
6.33118431640625
6.331069390625
6.344202796875
6.33740454296875
6.35411945703125
6.35698344921875
6.3560088046875
6.35555492578125
6.35282322265625
6.36632315625
6.37320305078125
6.37690499609375
6.37369424609375
6.37401876953125
6.3741905703125
6.388225796875
6.390083265625
6.38236880078125
6.3722579765625
6.3646403359375
6.374299265625
6.38498430859375
6.39192256640625
6.40229198046875
6.401180390625
6.39536835546875
6.39570253125
6.3916004609375
6.3941223671875
6.3856825078125
6.38007819140625
6.3769126015625
6.38325921875
6.38557240625
6.388885734375
6.3934654453125
6.39842554296875
6.39614282421875
6.39857429296875
6.40088635546875
6.39542196484375
6.39828166796875
6.3954856328125
6.403596703125
6.4004689375
6.41098859765625
6.418115859375
6.4235377734375
6.41461759375
6.421305203125
6.42207303515625
6.42181474609375
6.4253063203125
6.42916521875
6.42787755859375
6.42057888671875
6.42762787890625
6.42571658984375
6.42506042578125
6.42303871484375
6.42424240625
6.427071265625
6.426166375
6.43471221484375
6.43338845703125
6.429083890625
6.4273541171875
6.42828998828125
6.4271641796875
6.42988865234375
6.43308046875
6.4347786328125
6.43184596484375
6.43020796484375
6.4331805703125005
6.43746175
6.4430079375
6.4503553984375
6.44854323828125
6.44273581640625
6.43676315234375
6.43663541015625
6.4337069921875
6.434563234375
6.43181111328125
6.42799040625
6.4297586875
6.43343365234375
6.4320311796875
6.43422669921875
6.43591380859375
6.4395577734375
6.44096833984375
6.4388761640625
6.43208286328125
