26.798653
25.420779
27.911326
27.366768
25.865948
25.513091
27.445441
27.294836
32.326019
30.563489
27.865732
26.059138
31.723126
30.621120
25.307484
24.012558
32.203884
31.163323
27.123868
29.021515
25.005255
26.750859
25.273329
30.678440
26.425678
27.714973
27.934111
31.837161
28.852591
27.582853
31.603997
26.473281
26.062792
31.332805
29.750889
25.359687
25.475326
26.166697
27.407419
31.210591
25.908909
30.628221
32.137110
28.452815
25.967664
25.463879
24.979814
30.532536
24.527546
27.125551
28.365264
23.640255
24.211308
34.186783
28.336432
28.680949
27.302786
27.625828
26.388022
26.729082
28.979018
29.026724
24.844796
23.478816
24.968472
23.530070
28.566068
26.297016
23.231069
26.206472
23.959003
27.957587
30.259089
28.166952
23.496014
29.466137
30.348297
29.053103
25.990986
26.800925
25.772291
25.354380
28.569724
27.527099
24.608519
33.393174
26.036841
29.217906
26.245682
26.501345
25.838150
23.993057
23.947686
24.317848
28.809129
28.434942
24.688167
22.188433
26.709199
25.482611
29.214331
31.380078
31.633154
27.370783
26.710746
27.456342
26.783917
26.935606
24.580824
26.909904
24.423165
25.804767
25.817755
26.214000
25.205236
30.532467
26.918820
33.277109
28.093776
26.098856
34.433954
31.085928
27.549269
29.694972
33.743105
25.370763
24.034319
30.252857
30.335166
32.684408
26.572218
28.203098
26.145107
25.475849
27.960040
28.686449
28.479033
27.785141
26.098511
29.872042
27.629965
29.088813
25.732515
26.527352
29.417815
25.766296
33.948799
27.825057
26.230185
26.598105
26.697476
23.439866
27.208840
30.543997
28.189753
28.362657
27.055966
25.069336
27.493061
27.111364
28.225081
29.768628
30.194325
23.838516
30.485117
28.237656
27.818821
24.253865
24.083886
30.992001
29.220292
27.089083
30.469288
29.468786
27.664056
29.039833
28.720054
32.704907
29.873777
26.288898
29.067471
26.349740
25.902210
27.863401
34.788070
27.367561
27.798779
28.116453
33.887318
25.584106
26.434992
29.004767
26.538377
27.245490
25.428132
30.126678
33.079727
22.702337
23.954098
30.753412
30.773391
25.453063
26.827351
30.374991
27.515747
29.637645
24.198279
29.530437
30.435942
31.638719
26.764722
30.936245
24.075087
29.624871
31.175617
33.447580
26.771492
30.889953
31.269285
31.707240
25.666936
24.441944
26.443392
23.903436
27.287064
32.925052
26.038618
28.243105
26.322369
25.479776
25.862364
30.266238
32.823140
25.906837
28.705113
33.730607
27.529013
25.101584
25.888016
28.413730
26.761464
24.362023
25.263840
23.009799
31.247220
28.111096
35.535310
30.488149
33.252975
27.195219
27.376130
27.991453
26.654086
23.965397
25.808051
28.911755
