3.243648
3.398284
3.448436
3.327175
3.438984
3.237131
3.275972
3.405351
3.464914
3.194711
3.297735
3.251892
3.352600
3.366407
3.307706
3.213701
3.461043
3.365178
3.459295
3.291583
3.422788
3.247462
3.442908
3.401496
3.380263
3.336104
3.336977
3.290257
3.556273
3.354032
3.455324
3.420873
3.301987
3.163192
3.256238
3.242821
3.371096
3.307824
3.387387
3.310800
3.301417
3.300909
3.337761
3.371769
3.378503
3.270824
3.417241
3.337991
3.288641
3.328849
3.332200
3.304931
3.435334
3.285261
3.332083
3.237614
3.442763
3.407864
3.375147
3.224841
3.401571
3.289629
3.295140
3.374224
3.239992
3.327632
3.424410
3.295498
3.276854
3.420279
3.245051
3.201621
3.406862
3.202028
3.272486
3.177543
3.391248
3.378614
3.426288
3.341873
3.393045
3.325923
3.328122
3.392646
3.396096
3.388903
3.312938
3.325573
3.262380
3.351488
3.320152
3.261118
3.416963
3.386020
3.302628
3.335376
3.384306
3.354060
3.377626
3.315066
3.464150
3.297518
3.359987
3.334561
3.387706
3.424662
3.355646
3.278618
3.424940
3.328720
3.270993
3.339726
3.312038
3.330291
3.335018
3.202008
3.346873
3.235472
3.291665
3.305515
3.465356
3.342727
3.450315
3.429735
3.474596
3.339532
3.312747
3.227411
3.324564
3.570933
3.441746
3.285203
3.207089
3.297543
3.374705
3.507571
3.284885
3.324587
3.503858
3.324562
3.351209
3.311030
3.403481
3.324630
3.237019
3.343285
3.472436
3.325471
3.432847
3.336360
3.326629
3.289034
3.233742
3.348888
3.294576
3.416490
3.322453
3.397691
3.365999
3.378149
3.494802
3.287390
3.352613
3.305917
3.376627
3.357889
3.361949
3.310757
3.331736
3.325093
3.325155
3.260911
3.263026
3.376524
3.282033
3.270388
3.414540
3.469377
3.299889
3.363209
3.325370
3.446136
3.455737
3.351226
3.232230
3.363185
3.251786
3.370460
3.466108
3.374997
3.261559
3.339964
3.404213
3.337271
3.288944
3.200346
3.356271
3.237154
3.397355
3.379009
3.376721
3.361665
3.218709
3.381205
3.458583
3.302432
3.123043
3.357198
3.344262
3.443179
3.403671
3.398871
3.309197
3.390182
3.357851
3.347584
3.462488
3.349293
3.375891
3.442170
3.335046
3.334196
3.332369
3.369386
3.196352
3.386329
3.257334
3.329765
3.436076
3.230947
3.234537
3.368690
3.341565
3.335621
3.367771
3.305722
3.360429
3.331018
3.250232
3.400939
3.314671
3.325116
3.527162
3.378584
3.359960
3.420814
3.324601
3.325123
3.365902
3.338172
3.428169
3.317257
3.211403
3.253271
3.381848
3.260224
