32.875696
33.070412
32.498214
32.802782
32.648743
33.226598
32.917494
33.487040
32.353847
33.073745
33.408452
32.389917
33.284643
33.531964
33.094588
33.410629
33.199483
33.062264
32.814948
33.464449
33.296290
32.818339
33.556191
33.119064
33.227390
32.699154
33.360581
32.408180
33.613303
33.674746
32.731489
33.607128
33.140486
32.610295
33.979148
32.655728
33.451108
33.553449
33.204694
33.642527
32.307544
33.970984
32.418762
32.950410
32.668419
33.346299
32.393061
33.053182
32.665564
33.289850
32.994160
32.924469
33.157043
32.500608
32.678711
33.160377
33.296881
32.994366
33.551241
33.542172
34.020666
33.332324
32.983083
32.784361
33.402033
32.805590
33.981278
32.641667
33.395410
33.809547
32.918607
32.953631
32.728651
32.072571
32.845496
33.291210
33.278686
33.276784
32.560618
33.886179
32.842151
32.686097
34.042119
32.720066
32.554300
33.336005
33.913395
33.168457
33.119380
33.288224
33.423943
33.876603
32.667515
33.163478
33.174544
33.719008
32.902912
32.919058
33.831722
33.007131
34.058605
33.132471
32.880059
33.341792
33.966945
33.443600
33.279181
32.958023
32.998031
33.422508
33.559687
33.052766
32.594109
32.668460
33.070029
33.121176
33.081529
33.104762
33.548337
32.507321
33.770770
33.360636
33.705302
33.183882
33.394559
33.159671
33.359918
32.207117
33.791186
33.945713
32.458188
32.410601
33.002938
32.493270
33.397864
32.657667
33.796636
33.188615
33.461588
33.269276
34.252872
33.762776
33.800655
34.015813
33.460365
33.979466
33.292069
32.438029
32.457264
32.870058
32.848086
32.902643
33.417002
33.398686
32.312438
33.690776
33.235741
33.180035
33.141281
33.031439
33.334583
33.386473
32.968155
33.276788
33.176560
33.024269
34.057219
33.492474
33.074254
33.512594
33.473339
32.759550
32.857202
33.237409
32.681804
32.736923
32.697955
33.224348
32.951897
33.280113
33.261284
33.089944
33.426062
33.139340
32.762620
33.405231
32.991196
33.133270
32.701715
32.735928
32.763117
33.218789
32.495688
33.015459
33.284672
33.229191
33.532052
33.868640
33.153606
33.615537
32.607572
33.444251
33.198466
33.843371
33.131650
34.074714
32.752841
32.738773
33.737428
32.690865
33.133634
32.693082
32.794636
33.436216
32.838686
34.293597
32.415403
33.225500
33.234755
33.161323
34.198161
33.913749
33.303148
32.539789
32.951472
32.803636
33.394385
32.525300
32.881474
33.163607
33.829721
32.492358
33.410200
34.349958
32.581033
32.523960
33.679339
33.018720
33.095992
32.947808
33.290690
32.443242
33.066904
34.244805
32.964347
33.826701
33.878260
33.729199
33.487024
32.743277
32.773616
33.536666
33.003947
33.174586
33.760315
32.569179
