205.094041
213.210111
219.757776
258.817074
216.032299
191.016595
223.780435
203.159522
217.070174
216.387009
199.785677
230.370868
234.215296
222.050870
225.339085
205.581021
275.448401
237.785821
246.974777
230.832541
203.389404
196.768227
219.655463
195.408798
210.695136
221.278148
198.632910
241.785778
230.040019
197.027541
228.319238
216.694958
244.354545
204.548525
208.361991
208.779539
223.975229
195.261258
227.359373
203.312337
219.814743
250.575133
220.770333
222.776542
247.696783
196.594642
202.626565
201.749273
236.348376
215.720553
213.948650
199.518509
224.859334
202.269708
214.483454
222.909493
213.144092
225.184002
204.483972
207.542411
206.240079
209.859012
220.088157
212.273501
257.738231
195.753514
227.038387
210.064474
213.505295
203.272559
202.840779
203.357419
210.259493
228.666318
204.903890
206.131012
219.071895
241.825215
218.475142
215.767928
215.382634
216.173190
219.420452
209.170767
233.753488
246.965556
208.195410
209.862320
215.930539
206.493614
196.129146
234.979865
212.931835
205.458366
229.756803
237.966524
207.627225
219.562520
203.476307
232.900317
242.011215
206.876763
209.211050
194.082056
200.717523
218.682126
237.017563
200.510648
213.585366
208.386748
254.217082
211.810418
195.022636
193.821133
207.000868
228.746180
230.901763
200.250374
197.597295
199.646231
242.057662
231.127612
236.009534
259.534228
224.936813
216.655288
222.907797
219.768738
211.654595
215.614756
215.312633
255.490173
205.178867
193.418904
221.050864
213.790812
210.595513
219.797134
228.228257
230.057672
206.650344
198.324013
206.236015
230.931852
193.554526
203.308956
220.954723
198.239016
218.244630
232.200793
229.378824
206.942863
211.210496
227.343349
191.701829
245.278288
253.175154
221.267003
243.098771
214.023276
222.492610
199.599704
202.284384
204.395691
215.114603
198.160224
203.766698
249.389231
222.679021
205.362205
204.062832
233.459252
230.155068
228.004452
232.377155
218.894480
200.694154
225.882814
219.492686
231.132184
212.244309
217.502539
221.273862
210.950652
215.697589
217.282309
212.046665
213.246089
219.060456
208.300255
217.411102
215.884231
218.589263
220.780732
206.074264
208.437497
263.221987
222.433267
217.203069
228.521352
205.126984
231.784767
202.360608
231.549550
201.817288
203.142258
192.575070
208.105191
197.942292
213.119166
204.678105
232.254151
209.819798
229.545466
212.610885
237.820406
216.339486
212.220446
215.801121
229.975055
207.334784
222.126254
208.450640
221.195862
210.096450
215.328559
209.253026
234.727290
211.076332
209.721733
198.253328
211.892112
209.416713
226.758449
219.102720
227.245134
209.303325
199.825942
223.656273
210.875324
221.665445
196.237786
197.867654
203.687277
206.280954
266.283610
232.063020
212.418007
219.955907
215.480351
223.883562
232.791786
192.818097
200.004528
217.303258
230.235209
