20.301029
20.8374265
20.93021440234375
20.9569533203125
21.06857769921875
21.15428433203125
21.2349303828125
21.2851465859375
21.269474484375
21.2881001328125
21.31824911328125
21.3220674609375
21.3419072734375
21.3608413125
21.3635247109375
21.34645262890625
21.3494101171875
21.35765656640625
21.38678638671875
21.3834563359375
21.3742283828125
21.3855295703125
21.40456521875
21.411697328125
21.42048790234375
21.4201542578125
21.4140780078125
21.4146469921875
21.41046462109375
21.41258043359375
21.4212983671875
21.4299949609375
21.42734469921875
21.43367744921875
21.43446338671875
21.4399791796875
21.43706957421875
21.44135542578125
21.4397965625
21.43877146875
21.43778596875
21.441459078125
21.441122125
21.44437481640625
21.45065778125
21.44874509765625
21.4504094921875
21.4568146640625
21.45999274609375
21.461649296875
21.45668397265625
21.45615010546875
21.4643839140625
21.4610621640625
21.45890025
21.4634079921875
21.46672643359375
21.468168578125
21.469490984375
21.46824827734375
21.46975964453125
21.4751060703125
21.4774806953125
21.48201730078125
21.48729952734375
21.48677470703125
21.484435984375
21.48975059765625
21.4899124140625
21.48857616015625
21.48645955078125
21.48387030078125
21.47984196484375
21.47758025
21.48602352734375
21.49016076953125
21.48837872265625
21.4894364375
21.491429109375
21.492890421875
21.4928146171875
21.49690944140625
21.4999995390625
21.500293039062502
21.5026019453125
21.5023297890625
21.49846455859375
21.49730490234375
21.49309310546875
21.489929296875
21.49096903125
21.4913379296875
21.4906416640625
21.4857465078125
21.48534597265625
21.4864643203125
21.487188640625
21.48427163671875
21.48268016796875
21.48592021484375
21.48351103515625
21.48281730859375
21.4839649765625
21.4878181328125
21.4877105390625
21.48697567578125
21.48967028515625
21.49052341015625
21.49087325
21.4911757890625
21.4926751640625
21.49075662109375
21.4901403828125
21.48791860546875
21.4873848671875
21.48739426171875
21.485427671875
21.48608096484375
21.48634387109375
21.48722528125
21.488406265625
21.48796320703125
21.48752027734375
21.4859198046875
21.4855650625
21.48575326171875
21.4865824140625
21.46581338671875
