3.10232426953125
3.16718005859375
3.2068504609375
3.22981339453125
3.23954437890625
3.252333171875
3.2609501171875
3.25912378515625
3.25978754296875
3.25731951953125
3.2590196015625
3.25240865234375
3.2543813984375
3.2547575625
3.25569372265625
3.25533404296875
3.25905928515625
3.26361119921875
3.26336329296875
3.26781477734375
3.2745344609375
3.27788650390625
3.2768066328125
3.27494684375
3.27565071875
3.27808253125
3.27947394140625
3.280394765625
3.2779004140625
3.27600841796875
3.27716691796875
3.278007109375
3.27571283984375
3.27544580859375
3.27400096875
3.2735441171875
3.27227029296875
3.27127175
3.27101159765625
3.271590578125
3.2702365703125
3.2695992265625
3.26892168359375
3.269653671875
3.2695078203125
3.2687749765625
3.26751344921875
3.26927496484375
3.27139208203125
3.27160592578125
3.2730585625
3.2712046875
3.269756125
3.26891582421875
3.26866044921875
3.26841976171875
3.269614
3.27037069140625
3.27060136328125
3.27033995703125
3.26978083203125
3.2685270703125
3.26872307421875
3.268727671875
3.26819749609375
3.26872069140625
3.26883250390625
3.26854567578125
3.26855841015625
3.26860301171875
3.26986224609375
3.270260984375
3.2684679140625
3.2671458046875
3.2666584765625
3.26707133203125
3.26651452734375
3.266094484375
3.26641280859375
3.2664223046875
3.26673885546875
3.26582421484375
3.26602761328125
3.26536232421875
3.26439507421875
3.26496853125
3.26482378125
3.26483409765625
3.26469603515625
3.26502103515625
3.26449778125
3.2638601328125
3.26266113671875
3.2615790078125
3.261814921875
3.2616789765625
3.26191256640625
3.26210796484375
3.26118516015625
3.26143216796875
3.26209861328125
3.26229352734375
3.2618724140625
3.26208278125
3.26166072265625
3.2617280234375
3.26090178515625
3.2615608125
3.26146176171875
3.2607838984375
3.26042439453125
3.26081973828125
3.26098193359375
3.260581765625
3.26039386328125
3.2604406796875
3.26061933203125
3.26080750390625
3.26048448828125
3.26071755859375
3.26078112890625
3.2600137890625
3.25986549609375
3.2598116484375
3.26045825
3.25957513671875
3.26046090234375
3.2579498984375
