1.05760776171875
1.0977316640625001
1.13121830859375
1.1510821328125
1.161210109375
1.17179731640625
1.18061826953125
1.1800513984375
1.1819620078125
1.18005392578125
1.1818101171875
1.17724703515625
1.17790001171875
1.17831958984375
1.17875453515625
1.17735066796875
1.1796733515625
1.18347120703125
1.183022515625
1.187028828125
1.19214851953125
1.19504202734375
1.19381000390625
1.191879203125
1.19212282421875
1.19392834375
1.1951606953125
1.196197
1.1943036015625
1.19265358203125
1.1932875234375
1.19390978515625
1.192236171875
1.19199554296875
1.19081912109375
1.19027930078125
1.18900887890625
1.18801810546875
1.18802130859375
1.18844032421875
1.18728646875
1.186704875
1.18626684765625
1.1868392109374999
1.18655008984375
1.1859710390625
1.184867125
1.186242390625
1.18787123046875
1.1880138671875
1.18943169921875
1.1877255625
1.186536859375
1.18591332421875
1.18551750390625
1.18546996875
1.18654131640625
1.1870528671875
1.187348609375
1.187431828125
1.18693428515625
1.18588008203125
1.1860078984375
1.18607294921875
1.18560303515625
1.18616518359375
1.18647994140625
1.1862696171875
1.18624627734375
1.18621805859375
1.187315609375
1.18782461328125
1.1861987578125
1.185079640625
1.18459884375
1.1850791640625
1.184584484375
1.18423098828125
1.18463814453125
1.18466143359375
1.184965109375
1.18421819140625
1.18418864453125
1.1838219921875
1.18309253515625
1.1834682109375
1.18316021484375
1.18315728125
1.1830820625
1.18338456640625
1.1829761640625
1.18252059765625
1.181543640625
1.1807310859375
1.1810310703125
1.1809937421875
1.18118562109375
1.1813243828125
1.18043333203125
1.18066708984375
1.18115727734375
1.1812963828125
1.18097596875
1.18117022265625
1.18087299609375
1.18081652734375
1.18007284765625
1.18051896875
1.180420203125
1.17991937890625
1.17972125
1.1800387734375
1.1801103515625
1.1797361328125
1.179481953125
1.17953798828125
1.17960203515625
1.1796486171875
1.17936
1.17946408984375
1.179393375
1.17874965625
1.1785594296875
1.17847142578125
1.178956453125
1.17824441796875
1.17892419140625
1.1780295078125
