4.4774245
6.09924093359375
7.40883659375
8.2015701328125
8.7150041875
9.19003625390625
9.628231015625
9.935407753906249
10.1671745078125
10.3780200390625
10.639902296875
10.79875203125
10.84041097265625
10.90491988671875
10.9695198671875
11.07193617578125
11.17278080078125
11.2704431953125
11.34864416015625
11.40253357421875
11.44705607421875
11.47624821484375
11.489399410156249
11.46454539453125
11.47680166015625
11.5167017734375
11.50637543359375
11.492728875
11.52563748828125
11.58473041796875
11.6271759609375
11.63757648046875
11.648303609375
11.65233965234375
11.644191140625
11.62917216796875
11.6208743984375
11.6060401171875
11.6035881484375
11.5996422109375
11.6179458984375
11.62177310546875
11.6171941015625
11.61135663671875
11.60197442578125
11.61815694140625
11.64126567578125
11.66030773828125
11.67184673046875
11.68959228515625
11.705908046875
11.72632349609375
11.734504921875
11.74457418359375
11.75828632421875
11.782576859375
11.81644323828125
11.8296122734375
11.8381119765625
11.82658047265625
11.8128748203125
11.7995038515625
11.79027290625
11.78997667578125
11.8058547421875
11.81407759765625
11.807051265625
11.7917575546875
11.7757413359375
11.7630133671875
11.74923455078125
11.75061577734375
11.76244473046875
11.76205831640625
11.7634854296875
11.755998
11.75474004296875
11.76945809765625
11.7805843671875
11.8056223203125
11.82608224609375
11.831228796875
11.84233173828125
11.85077630859375
11.85100723828125
11.8533798125
11.8573082421875
11.85775110546875
11.84185251953125
11.8263785078125
11.81113101171875
11.7959209921875
11.77546836328125
11.75501215234375
11.739565140625
11.74338348828125
11.74061363671875
11.732076234375
11.723128296875
11.7198645703125
11.71807306640625
11.71448305859375
11.71332245703125
11.7194627578125
11.71962095703125
11.7148500859375
11.7088732265625
11.7002438828125
11.69591756640625
11.69258020703125
11.6779105625
11.67789346875
11.69078190625
11.69343103515625
11.68821963671875
11.6934262265625
11.70299176171875
11.70348953515625
11.70350212890625
11.7041839609375
11.70777308984375
11.71171069140625
11.71175310546875
11.71345625
11.7127276640625
11.712784546875
11.70662919140625
11.68567312890625
