30.268332
24.673025
30.362157
27.004365
26.028554
24.773487
26.734754
30.980078
31.198991
31.121373
29.601909
25.229576
35.699708
34.708374
23.632337
23.876952
34.704697
34.559130
34.073849
27.936690
21.003410
27.537337
23.412636
30.466718
27.702235
25.499871
27.663524
30.923599
26.963700
28.952036
38.849222
24.502291
23.659301
32.828440
33.658761
24.522746
23.050008
26.071456
26.394441
35.312788
26.647663
29.898804
42.091865
31.289530
27.524452
23.982715
26.375683
31.645674
26.905852
24.219389
31.676799
25.246218
23.311332
32.597955
27.675188
30.550350
29.437980
26.704918
23.960837
26.756115
29.692475
29.570019
29.855261
23.369513
26.484695
22.425237
29.091715
30.780845
21.245037
26.245627
26.419603
26.721248
36.506433
25.532154
22.906880
32.045998
31.940695
32.789836
29.800865
26.116457
25.788903
27.529813
30.028108
28.446445
27.533295
43.269415
25.573584
31.743317
25.316045
29.371195
28.134026
26.285596
23.296002
23.792931
28.327909
30.751156
25.641367
19.898126
25.873780
25.177649
30.912255
33.946791
38.084628
31.995521
26.820480
28.929466
26.436475
25.415745
23.067994
26.053993
24.043126
25.701480
25.743690
24.848057
22.695718
31.842863
28.093268
36.775858
28.857066
25.076944
38.676306
33.455205
26.369163
30.036977
32.755831
25.692526
23.330493
30.294217
31.314457
36.024641
32.104135
29.404635
27.127571
28.012608
37.616184
26.455802
28.574496
25.401141
25.211466
34.754568
27.882863
29.601493
25.364553
23.828820
29.624195
27.800383
43.555895
28.626981
25.265353
25.874279
27.184989
22.320346
27.273078
34.927055
29.273230
29.577742
27.631861
24.962282
26.167643
24.404182
27.591135
35.188946
31.651660
24.093972
33.118036
26.620783
26.766145
27.503490
25.404564
28.968975
33.819901
25.775960
32.683178
32.130543
27.219470
27.780629
30.267328
30.705009
32.767512
25.212130
33.211108
26.343694
27.554442
28.249112
42.805495
28.527039
26.144214
32.103607
40.000879
26.713216
25.110881
32.023137
27.334511
27.210933
23.514825
30.101652
35.672960
25.457912
22.645902
33.453541
33.521049
25.132634
28.639297
31.864550
25.763277
29.967691
20.862073
30.633456
30.604672
31.133602
32.644831
33.730244
24.473175
32.955130
34.970942
38.197917
29.353001
32.907652
33.655676
30.137805
26.010689
26.664621
27.698179
22.511890
28.454414
39.021510
24.144233
35.263167
26.810907
23.274996
24.572975
34.861839
35.480331
24.057514
32.205770
34.556439
30.924232
26.144986
27.945883
28.766397
25.160494
23.779882
26.437340
21.777361
31.910177
32.984809
32.919996
27.816960
31.492060
31.886666
26.776643
27.771126
25.076223
26.036662
27.174999
31.474419
