30.069185
31.615803
30.847109
30.440039
30.799461
32.175079
30.632500
31.329922
30.528118
30.938372
30.958711
30.734850
32.260751
32.072956
31.385644
31.387077
30.796880
31.480877
31.105342
30.768761
31.352560
30.615049
31.625749
31.573320
31.023196
30.710813
31.380331
29.626886
32.537066
31.475645
31.119313
31.335345
32.278882
30.854999
32.019201
30.596716
30.758765
31.540034
30.944286
31.557290
31.051119
32.201602
30.107777
31.758495
31.743551
30.965720
30.734523
31.991232
31.823269
31.738080
30.979500
31.832018
31.127614
30.741406
29.838490
30.848072
32.856721
31.051539
32.179999
31.449498
32.323225
31.920396
32.249074
30.879825
31.623811
30.900965
32.260697
31.773315
30.515103
31.545180
30.859817
31.167568
31.541644
29.833606
30.982836
30.765553
31.707649
31.817603
31.240556
31.598691
30.545902
29.819244
31.897624
31.011614
30.818277
31.409609
30.939567
31.826197
31.803026
30.393054
31.996858
31.649969
31.328770
31.453391
31.834555
31.947123
30.985305
30.973790
31.960303
30.417809
33.379638
31.403851
31.762122
31.498390
32.606297
32.083505
31.545658
32.144347
31.261512
31.385618
31.992918
30.522167
30.451585
30.818556
30.795439
32.142269
30.466663
31.611452
32.003368
30.175827
32.110494
31.272822
32.001478
30.748063
30.668379
30.896698
33.117210
30.828953
31.541431
32.231452
31.106825
30.738056
31.498219
31.280278
31.503072
30.530752
30.849685
30.896861
30.826841
32.367578
32.522100
31.350622
32.071484
31.219804
31.367739
31.708875
31.783357
30.516035
29.829623
31.975297
30.211991
31.119857
32.231396
32.316739
30.766877
31.916933
30.565118
30.971137
31.687567
31.437244
31.289696
31.123856
31.097005
30.657544
31.146768
30.598550
31.578125
31.795319
31.362708
31.553362
32.816895
32.555439
31.047368
30.844258
31.121275
32.206559
30.319454
31.006643
30.942366
30.392686
30.868607
30.008996
30.967327
31.563990
31.490874
32.212820
31.256117
31.283050
31.154468
31.407141
30.737698
30.706914
30.843108
30.232157
30.765450
31.062216
30.682966
31.141600
30.741326
31.493251
31.158965
31.119721
32.098994
31.846980
30.611183
30.850160
30.366681
31.248888
31.515034
30.964391
31.424809
31.388492
30.008558
32.229654
31.334251
32.338265
32.349218
30.893857
31.462317
31.862704
32.363123
32.491126
30.696014
30.974074
32.419931
30.631703
30.927017
31.177897
29.975270
30.814914
31.754670
30.208405
31.264535
30.588925
30.406033
31.430897
31.808684
31.226912
31.165254
31.220431
31.712397
31.501602
31.050305
31.583387
30.976066
32.668740
32.251401
31.503519
32.495208
31.285382
31.431012
31.947526
32.546097
31.378719
31.091116
31.536201
