366.80662980078125
383.8952870273437
397.57851172265623
403.69619869140627
407.86324341796876
411.84942960546874
415.7174754179687
418.6351266484375
420.40956969921876
422.305578484375
424.69247781640627
425.8730516484375
426.2860837851562
426.99887088671875
427.6412510625
428.2306677890625
429.150929609375
430.19965325
431.03535475
431.49835222656253
431.8017452578125
432.12361480078124
432.2032977890625
432.16247232421875
432.32361111328123
432.65386991796873
432.54946982421876
432.38750532421875
432.570863234375
433.0397302617188
433.39395411328127
433.42478227343753
433.4490223359375
433.4380829726563
433.31053952734374
433.25955971875
433.1566934609375
433.094879796875
433.138548703125
433.1517653828125
433.3129854101563
433.35029215625
433.3685203359375
433.37304043359376
433.37965703515624
433.47682366015624
433.6563698515625
433.84628471875
434.01160119140627
434.2161131640625
434.3751153554688
434.4986085546875
434.52583479296874
434.56146010546877
434.6619640234375
434.88793883203124
435.2612749921875
435.37956458203126
435.4759160859375
435.381418140625
435.23195922265626
435.1413297148438
435.07063664453125
435.0700756328125
435.190760703125
435.28033781640625
435.255320703125
435.17091771484377
435.0439990859375
434.937233625
434.8325307773438
434.82974453125
434.8962657265625
434.845725265625
434.910095046875
434.86896559765626
434.8655072148438
434.97133383984374
435.09280003125
435.3239756015625
435.507743375
435.5198200664062
435.6253842421875
435.71521076171877
435.74586076171875
435.790733171875
435.83346524609374
435.8123536875
435.6266705273438
435.506980203125
435.38836805859376
435.27399290625
435.0812273046875
434.86812921484375
434.76036435546877
434.77582325
434.75572399609376
434.67564259765624
434.5654769765625
434.539434109375
434.5264056796875
434.4877106953125
434.48393294140624
434.54690056640624
434.54618675
434.48064871875
434.42493242578126
434.39883943359376
434.3984037460938
434.40065718359375
434.3317872851562
434.34242078515626
434.4115918203125
434.3835527890625
434.32479681640626
434.3616023242187
434.42522878515626
434.4137963984375
434.392899265625
434.391696828125
434.4150650859375
434.42308190234377
434.4256712265625
434.439181546875
434.4606951914063
434.4624943828125
434.42720923046875
434.29575814453125
