2.2634040234375
2.29353541015625
2.3085833671875
2.31030899609375
2.30854745703125
2.30858090625
2.30902466015625
2.3099752578125
2.3090726328125
2.30912923046875
2.3117932578125
2.31243798046875
2.31194298046875
2.31318192578125
2.31384861328125
2.31493778125
2.316329296875
2.31707951171875
2.31766010546875
2.31712678125
2.3173146953125
2.31689140234375
2.31588062109375
2.31498125
2.3145098984375
2.3150122421875
2.315040296875
2.31441792578125
2.31392228515625
2.31358865625
2.31322166796875
2.31266443359375
2.3128343203125
2.3135203046875
2.3133881640625
2.31378772265625
2.3140025390625
2.3136917109375
2.3136901171875
2.31355044921875
2.31385503515625
2.31434176953125
2.314692125
2.31483789453125
2.314775515625
2.31468428125
2.31465166796875
2.3148838515625
2.3152447421875
2.31455121875
2.3142552734375
2.314074796875
2.31432248828125
2.31392739453125
2.31404743359375
2.3144508515625
2.314695546875
2.31449998046875
2.31463144140625
2.31461928515625
2.3144796875
2.31414794921875
2.314213109375
2.31403475390625
2.3141969453125
2.314325609375
2.314379796875
2.3144572890625
2.3146194335937498
2.31489060546875
2.3148739609375
2.31500876171875
2.314737390625
2.31485261328125
2.31512816796875
2.315224390625
2.31543220703125
2.31527165625
2.31564823828125
2.315900296875
2.3157290078125
2.31555157421875
2.315368359375
2.315291328125
2.31516154296875
2.31510710546875
2.31510669140625
2.3151745546875
2.3150607890625
2.315208421875
2.31544460546875
2.315208140625
2.31499379296875
2.31504604296875
2.31495092578125
2.31499286328125
2.315298828125
2.3151830078125
2.3148277734375
2.31475755078125
2.31492975
2.31466980078125
2.3148164765625
2.315036984375
2.31494135546875
2.31480914453125
2.31506086328125
2.31502033203125
2.3151708828125
2.315004609375
2.31524608203125
2.315125546875
2.315080375
2.31490548046875
2.31478479296875
2.31476266015625
2.3147405390625
2.3147567890625
2.31470544921875
2.314769421875
2.31525153125
2.3152034375
2.31529803515625
2.31532076171875
2.3152585078125
2.3153555859375
2.315580609375
2.3144731640625
