1.8867831953125
1.8875586015624999
1.901673875
1.9053238828125
1.90485596875
1.91128709765625
1.91882475
1.9204188671875
1.91942630859375
1.9172805625
1.9188026171875001
1.91983514453125
1.92154123046875
1.921450875
1.92305390234375
1.9247019921875
1.923906234375
1.92432228515625
1.92525304296875
1.9257551171875
1.926896515625
1.92631973828125
1.92603354296875
1.92644284765625
1.9263328203125
1.9245846328125
1.92416819140625
1.9237845390625
1.9226713671875
1.92257939453125
1.92312873046875
1.92300166015625
1.92195062109375
1.92121341796875
1.9216826015625
1.92149519921875
1.92154551171875
1.9224392226562501
1.9222163125
1.9225568203125
1.9225407734375
1.92231144140625
1.92292260546875
1.92327583203125
1.92272228125
1.92327516796875
1.922833921875
1.92303851953125
1.92304166015625
1.92365508203125
1.92308473046875
1.9226509765625
1.92233701953125
1.92297348828125
1.9227689140625
1.9228665703125
1.9223659609375
1.9224455625
1.922465328125
1.92220261328125
1.922243640625
1.92188903515625
1.9222965703125
1.9226557578125
1.921949796875
1.9217674140625
1.921542640625
1.9209043671875
1.920952078125
1.9208879296874999
1.921427765625
1.9214515390625
1.9216305859375
1.9205243203125
1.9202055078125
1.9197464296875
1.9196562734375
1.919663421875
1.91966367578125
1.9198751328125
1.9198437109375
1.919733921875
1.920290375
1.92019323828125
1.92001207421875
1.920132296875
1.9200776171875
1.92015001171875
1.9202183359375
1.9200584296875
1.92006271484375
1.9197201015625
1.91932353515625
1.9192741484375
1.919490234375
1.91963519140625
1.92007071875
1.92012212890625
1.91998458203125
1.9200252421875
1.9200216484375
1.91978649609375
1.91981448046875
1.91986940234375
1.9198261328125
1.91985103125
1.91996994921875
1.9202244375
1.920224078125
1.920048171875
1.92004834765625
1.91977973046875
1.919608953125
1.9195183046875
1.91973004296875
1.9197615
1.9198163359375
1.91988046484375
1.91966551953125
1.91985241796875
1.92016578125
1.9202863515625
1.9201910625
1.9199403359375
1.919896484375
1.92027428515625
1.91991962890625
1.91920830078125
