6.218849609375
6.76988213671875
7.0627233671875
7.06875442578125
7.09306557421875
7.098996703125
7.0997318359375
7.0938154765625
7.112918453125
7.11233722265625
7.14535168359375
7.15023083203125
7.1402680078125
7.13754067578125
7.1365098359375
7.1515884765625
7.15163903515625
7.175851609375
7.19551229296875
7.21977870703125
7.235296328125
7.240532
7.2501965234375
7.240743109375
7.24370833984375
7.242603875
7.24503523828125
7.24764366796875
7.2539920546875
7.2636079375
7.25915942578125
7.250689
7.2536084296875
7.2534076953125
7.2484698046875
7.2460610859375
7.245729671875
7.24509064453125
7.2533511328125
7.251140796875
7.2550622265625
7.25429153125
7.25410226171875
7.2509197890625
7.260773109375
7.2632326640625
7.26694193359375
7.26936080859375
7.27125265234375
7.2719445078125
7.27480040625
7.269591421875
7.2713734375
7.27328178125
7.27671692578125
7.27749787109375
7.27615945703125
7.2671231640625
7.2699269140625
7.26706371484375
7.26452901953125
7.26650783203125
7.2664223828125
7.26742855078125
7.2646372578125
7.2653357734375
7.26398001953125
7.261684921875
7.26230053515625
7.26454171875
7.26340376953125
7.26284715234375
7.26042180859375
7.25527738671875
7.25036909375
7.250978203125
7.25172635546875
7.256953234375
7.25598897265625
7.26212655859375
7.2652378828125
7.263228484375
7.26362166015625
7.2630324921875005
7.26462657421875
7.26775540234375
7.26477380078125
7.26432520703125
7.26327685546875
7.26545641015625
7.2632263046875
7.2593513359375
7.259093296875
7.257747
7.25381304296875
7.2500802265625
7.24861320703125
7.24697884765625
7.24959179296875
7.2521935234375
7.24999537890625
7.244716765625
7.24525831640625
7.2450567734375
7.24338684765625
7.24082883984375
7.2401108515625
7.23918856640625
7.23649509375
7.23319134375
7.23432062890625
7.23216508984375
7.23101978125
7.2329153046875
7.233045578125
7.23542484765625
7.235704171875
7.2357923828125
7.2360961953125
7.23757005078125
7.23859943359375
7.24076796484375
7.2417172734375
7.2425562109375
7.2446408203125
7.244133921875
7.2454261640625
7.24149279296875
