4.44040040625
4.49957051171875
4.52666689453125
4.53833797265625
4.5397223359375
4.54315719921875
4.54913610546875
4.55032100390625
4.55472928125
4.5584959453125
4.55776982421875
4.5603186328125
4.56296566796875
4.5646827109375
4.5643780546875
4.567379375
4.56698144140625
4.56833327734375
4.5704333125
4.569003984375
4.57086912109375
4.57046125
4.57009341796875
4.5711682421875
4.570513984375
4.56942216796875
4.5699160546875
4.56920731640625
4.5686316640625
4.5684836640625
4.56910427734375
4.56769709375
4.56638987890625
4.56648257421875
4.56708340625
4.56742092578125
4.56720359765625
4.56829805078125
4.568108671875
4.56816959765625
4.56777803515625
4.568113203125
4.5682048671875
4.56899745703125
4.5687401484375
4.56958202734375
4.5695264140625
4.57011250390625
4.57074776953125
4.57097467578125
4.5701528671875
4.5700122421875005
4.56954611328125
4.57023240625
4.5698604375
4.5702103359375
4.5698494140625
4.57033018359375
4.5702418984375
4.5707030703125
4.57111472265625
4.57130909765625
4.57062024609375
4.57052503515625
4.57048721484375
4.571000359375
4.57106918359375
4.5711048984375
4.5704207890625
4.5700927890625
4.57066325390625
4.57043726953125
4.570440953125
4.56985209765625
4.5695721953125
4.56922796875
4.5700591796875
4.57024773828125
4.570063875
4.57067516015625
4.570477859375
4.57010479296875
4.5704400078125
4.57077544140625
4.57077402734375
4.570752796875
4.57066369140625
4.5706899609375
4.57054560546875
4.5702050078125
4.56978815625
4.56954606640625
4.56930762109375
4.56915253125
4.56892127734375
4.568904546875
4.5695829453125
4.5696164609375
4.56936140625
4.56949508203125
4.5691155234375
4.56910111328125
4.569115328125
4.56928037109375
4.56908071875
4.56933676953125
4.569389359375
4.56962601953125
4.56968238671875
4.57005399609375
4.57036477734375
4.57025070703125
4.57028239453125
4.5702989453125
4.57032749609375
4.56993969140625
4.57028441015625
4.5701249375
4.5702950625
4.57051316796875
4.5705556015625
4.57044862109375
4.5703005703125
4.57061799609375
4.57060630859375
4.570635265625
4.57035719140625
4.567888984375
