0.73881177734375
0.73754325390625
0.74830537109375
0.7516659765625
0.751509203125
0.75740966796875
0.76298195703125
0.7644115859375
0.76288969921875
0.76069309375
0.76137181640625
0.762058859375
0.76392689453125
0.763580515625
0.76465040625
0.766045015625
0.7655340234375
0.76577603125
0.76624483984375
0.76702682421875
0.7678006953125
0.7674466875
0.7674353359375
0.76777259375
0.7676771757812499
0.76632684765625
0.766155859375
0.76590174609375
0.76486600390625
0.76454080078125
0.764925484375
0.76485658203125
0.7642546484375
0.763552484375
0.76396420703125
0.763759046875
0.76385825390625
0.76457697265625
0.7644607421875
0.76476452734375
0.7648760078125
0.76463205078125
0.7651876328125
0.76550391015625
0.76501276171875
0.76527567578125
0.76500796484375
0.7650794765625
0.76503255859375
0.76549484765625
0.76504690625
0.76470006640625
0.76442414453125
0.76484348828125
0.76472385546875
0.764823953125
0.76448001953125
0.76447134375
0.76458054296875
0.76431224609375
0.76430819921875
0.76396358203125
0.76439258203125
0.76465997265625
0.76409419140625
0.76389403515625
0.76374255859375
0.763228125
0.76334771875
0.76321305859375
0.76362683984375
0.7636838828125
0.7639216953125
0.76306092578125
0.76288924609375
0.76252176171875
0.76232498046875
0.762292140625
0.7622982421875
0.76247956640625
0.7624404453125
0.7623843203125
0.762863765625
0.76281830078125
0.76271094921875
0.76277771484375
0.76271865625
0.76275897265625
0.76281703125
0.7627583671875
0.7627914453125
0.76258519921875
0.76230177734375
0.7623110625
0.7624666640625
0.76266230078125
0.76295484375
0.76303457421875
0.76293634765625
0.76293058984375
0.762958671875
0.76276023828125
0.7627684140625
0.76276976171875
0.76284865234375
0.76283148828125
0.762940078125
0.76315340625
0.763135046875
0.76294640625
0.7629331015625
0.7627537578125
0.7625890078125
0.7625269453125
0.76271153515625
0.7627563671875
0.76273515625
0.7627737734375
0.7625831328125
0.76271953515625
0.7629315703125
0.76303412890625
0.76298006640625
0.76271052734375
0.76267551171875
0.7630030078125
0.76278627734375
0.76261766015625
