2.2655692734375
2.713683625
2.95816054296875
2.95294570703125
2.97251315234375
2.96966095703125
2.966526265625
2.9606804453125
2.97773321875
2.97738551953125
3.004506328125
3.00667425390625
2.99594668359375
2.99261783984375
2.99063101953125
3.00436635546875
3.00339714453125
3.02564753125
3.0439499609375
3.06549290625
3.0795165234375
3.0842072109375
3.09368966796875
3.08480951953125
3.08657320703125
3.085159125
3.08728308984375
3.0891442265625
3.0941590078125
3.1029084921875
3.09975926953125
3.09236921484375
3.09523795703125
3.09436620703125
3.09021347265625
3.0878775703125
3.087583796875
3.0870471640625
3.09490181640625
3.09250915625
3.09611103515625
3.0950914140625
3.09509247265625
3.091929921875
3.1012011171875
3.1031570703125
3.10641369921875
3.10859551953125
3.10991675
3.110691484375
3.1131764765625
3.10828221484375
3.1096378671875
3.11125823828125
3.1144026796875
3.11472071484375
3.113116390625
3.10484869140625
3.10739546484375
3.10448105078125
3.1022883828125
3.10393323046875
3.103842484375
3.10468671875
3.10231512890625
3.1024630625
3.10170059765625
3.09963774609375
3.09998541796875
3.10219656640625
3.10083091015625
3.100181984375
3.0978909140625
3.09320733203125
3.0887190078125
3.0892941953125
3.08972823046875
3.09444019921875
3.09343035546875
3.09910212890625
3.10240778515625
3.10030687890625
3.1004425234375
3.1001561171875
3.1014080859375
3.10414955078125
3.10131093359375
3.100907875
3.09987225390625
3.101957796875
3.1003262421875
3.0965170781249998
3.0961994921875
3.09487244140625
3.09099371484375
3.0875703203125
3.08630458203125
3.084986859375
3.08739980078125
3.08995815234375
3.0879115078125
3.08305007421875
3.08345840234375
3.08324461328125
3.081742609375
3.079426796875
3.07856034765625
3.07771049609375
3.07528305078125
3.0722187734375
3.0728612734375
3.0708273046875
3.06973544921875
3.07161686328125
3.07171317578125
3.07393649609375
3.074327609375
3.07442678515625
3.07481305078125
3.0760870546875
3.07689975390625
3.07897466796875
3.07987623828125
3.0808210546875
3.0825988359375
3.0821299375
3.0834490234375
3.08171514453125
