5.60075753125
7.36525516796875
7.9689705
7.93017130859375
8.14088793359375
8.30682319921875
8.5817479765625
8.74412000390625
8.7337681015625
8.62622729296875
8.57891126171875
8.5871671484375
8.6840330390625
8.75546298046875
8.7992676484375
8.85377003515625
8.9186960078125
9.0188650625
9.09228028125
9.0779543046875
9.07176420703125
9.04187098046875
9.04706412109375
9.0403875703125
8.991304765625
8.98484571875
8.98654748046875
8.968289
8.959689046875
8.96301964453125
8.9531328828125
8.9805300234375
9.003332546875
9.001968
8.97054654296875
8.94829789453125
8.92483824609375
8.91985944921875
8.92336946484375
8.91917476953125
8.9335803359375
8.95683323828125
8.97196712109375
8.9773222109375
8.98618106640625
8.99135078515625
8.9888499765625
8.97728776171875
8.970359
8.9601868984375
8.9801042109375
8.98941671875
9.006933140625
9.031987328125
9.031562390625
9.034883625
9.04080853515625
9.048860171875
9.06735826171875
9.080819609375
9.08492577734375
9.0812018671875
9.078670625
9.07863158203125
9.07692296484375
9.08345878125
9.09240387109375
9.0975449609375
9.11287215234375
9.11958189453125
9.12489216015625
9.1191694921875
9.10336134375
9.09662171875
9.097566375
9.10409230078125
9.1145090546875
9.12472037109375
9.127322
9.1333173671875
9.12852064453125
9.1230656328125
9.11201815234375
9.103507484375
9.09886084375
9.09236104296875
9.095184859375
9.093206132812501
9.08973484765625
9.0868949296875
9.0762077890625
9.069263953125
9.059957640625
9.0501679375
9.038151328125
9.0317486171875
9.01923323046875
9.0089167265625
9.00353984765625
9.01628716796875
9.023217078125
9.02321502734375
9.0222506484375
9.023129046875
9.02782288671875
9.03412619140625
9.0359237421875
9.037298515625
9.03466964453125
9.03498744140625
9.02981298046875
9.03138719140625
9.03392965625
9.033939941406251
9.02946495703125
9.0249792265625
9.0242927734375
9.02262778515625
9.022613796875
9.01896508984375
9.0179657890625
9.01866217578125
9.01645222265625
9.0165085078125
9.016905703125
9.0050966640625
8.99486612890625
8.9924793828125
