3.064184484375
3.45761138671875
3.6430661796875
3.77334348046875
3.79685221875
3.79675458203125
3.8367489921875
3.86482248046875
3.85550476171875
3.900001734375
3.8772201015625
3.91234065625
3.94617919140625
3.9498811953125
3.908266015625
3.9450282734375
3.95475354296875
3.94120336328125
3.947139546875
3.9377081679687502
3.95123470703125
3.950373171875
3.9528590859375
3.958606671875
3.95642480078125
3.9614128671875
3.97439394140625
3.9640564140625
3.9533794296875
3.9478079296875
3.94902237890625
3.92235803515625
3.9156494960937502
3.90865712109375
3.914620734375
3.9156513671875
3.914533734375
3.91906473046875
3.92111576953125
3.9144290546875
3.91473380078125
3.92221005078125
3.93393265625
3.93529910546875
3.93043334765625
3.9356696015625
3.93471219140625
3.940983546875
3.9426117265625
3.94130462890625
3.93553766796875
3.93362960546875
3.9296039140625
3.93470473828125
3.929429890625
3.93290309375
3.92760182421875
3.93558001953125
3.93585862890625
3.9415770390625
3.94464616015625
3.94730708203125
3.940431796875
3.9389258515625
3.94159690625
3.94428744140625
3.94532745703125
3.94582918359375
3.94445987890625
3.93589332421875
3.9408001953125
3.93840054296875
3.94131538671875
3.94218212109375
3.93839670703125
3.9412570859375
3.9455906953125
3.94662659375
3.946753734375
3.95354434765625
3.952784859375
3.95256506640625
3.9536805585937502
3.95477444140625
3.95314186328125
3.950605390625
3.9451753828125
3.9448598828125
3.9445002890625
3.94483458984375
3.9423350625
3.94354346484375
3.9441444609375
3.940706265625
3.93893696875
3.9408842890624998
3.94508920703125
3.94729770703125
3.94576240625
3.9449908671875
3.944787390625
3.94554684765625
3.94405808984375
3.94408430859375
3.94577894140625
3.94701332421875
3.9474381875
3.9499393828125
3.94928135546875
3.9516903671875
3.95708053125
3.95872992578125
3.95747156640625
3.958495
3.95633272265625
3.95237476171875
3.95579741015625
3.9529193046875
3.95265316796875
3.95488680859375
3.9567596484375
3.95643587890625
3.9551973515625
3.9570918125
3.9545701015625
3.95459205078125
3.9571390234375
3.9527245859375
