13.105043
13.182988
12.600366
13.007803
12.723981
13.095517
12.943678
13.410087
12.595490
13.083187
13.364455
12.574028
13.141599
13.461090
13.101685
13.373380
13.136709
13.252404
12.847648
13.477484
13.131439
12.899623
13.378963
13.079401
13.182284
12.739250
13.413014
12.794336
13.414918
13.749661
12.773805
13.554098
13.057976
12.689136
13.904207
12.819595
13.397840
13.544136
13.179716
13.555105
12.486457
14.031439
12.503387
13.063664
12.724316
13.445723
12.551155
13.101417
12.674025
13.339251
12.976554
12.893695
13.148652
12.555770
12.750271
13.044200
13.218674
13.023777
13.550699
13.476645
13.865902
13.191469
12.924058
12.801700
13.457928
12.963862
13.737660
12.746425
13.468580
13.653718
12.836229
13.025282
12.704117
12.497301
12.980995
13.438459
13.229028
13.214987
12.606613
13.825321
12.905306
12.830486
13.932672
12.713932
12.600539
13.418439
13.730200
13.064818
13.282151
13.439670
13.365776
13.819409
12.632956
12.980657
13.174281
13.591231
12.890972
13.034863
13.560737
13.100907
13.796618
13.345161
12.757985
13.315251
13.841871
13.374555
13.217639
12.894885
13.018628
13.453642
13.459078
13.127066
12.757206
12.827476
13.081614
13.062427
13.131689
13.117975
13.416224
12.563319
13.729813
13.208958
13.629504
13.174938
13.484991
13.171256
13.190362
12.365988
13.728641
13.767384
12.600333
12.580823
13.005653
12.497313
13.441955
12.784889
13.780008
13.241727
13.462924
13.126654
14.128967
13.731798
13.600232
13.898421
13.342511
13.912533
13.301009
12.545851
12.665550
12.858010
12.819713
12.846354
13.295755
13.461053
12.355725
13.643390
13.401541
13.126454
13.045803
13.263608
13.367082
13.288294
12.965036
13.268315
13.139630
13.067316
13.912465
13.406407
13.192363
13.539759
13.269869
12.879100
12.995194
13.229966
12.847796
12.704001
12.888626
13.212382
13.113388
13.397916
13.487393
13.181386
13.479710
13.094279
12.636769
13.253304
13.036925
13.223916
12.826192
12.747738
12.830136
13.215194
12.761514
12.976412
13.378991
13.195573
13.652349
13.967489
13.279346
13.408170
12.603056
13.389672
13.160013
13.698862
13.237438
14.081714
12.907566
12.885800
13.666591
12.700565
13.035642
12.826707
12.867317
13.346654
12.922671
14.231824
12.532226
13.227871
13.223282
13.232721
14.055214
13.772708
13.420319
12.605461
12.990070
13.013918
13.374254
12.652185
13.009460
13.122553
13.827807
12.656372
13.439730
14.222284
12.657068
12.560576
13.712470
13.024419
13.154164
13.046375
13.309644
12.631818
13.227818
14.023138
12.964301
13.825654
13.692176
13.664629
13.437345
12.739293
12.873140
13.513422
12.862819
13.115911
13.717611
12.596366
