41.160582
41.721851
46.012056
47.759161
41.865420
39.974186
45.969364
44.432084
42.375628
46.704123
33.752057
42.463268
44.512363
49.980385
37.981076
42.530548
41.950445
45.721457
43.908890
42.892611
39.203965
44.476966
43.990623
45.384576
37.825896
45.574877
43.733955
49.869933
46.866802
48.757146
48.108803
49.775826
46.853385
41.873149
46.389058
46.583143
48.156732
45.553876
46.145712
41.760720
40.176087
43.758187
58.487261
46.932932
51.639520
43.522351
39.439681
48.090676
41.115361
46.738547
37.583370
45.432826
48.986156
43.343198
47.960907
42.131364
44.030447
39.663626
44.493701
40.511003
56.908986
40.461787
43.465372
45.073710
44.225577
49.522820
41.705397
41.839494
42.962378
49.376403
44.795345
47.021092
47.344396
40.720283
41.316896
43.811359
41.611158
43.447949
51.698533
43.335076
41.343514
43.059126
39.897295
50.244484
47.240534
54.323718
44.222881
48.216231
48.405143
42.560870
41.915729
39.860972
40.529635
49.030782
43.860523
39.108742
38.932242
37.206667
46.020962
36.714696
45.714498
53.511999
44.086592
44.113663
43.553267
50.189510
47.022814
45.213706
47.303265
47.879321
44.101243
44.644636
39.608778
49.647669
58.275912
47.197882
45.602689
41.911677
44.817979
41.612230
46.686382
48.548687
50.353183
47.001153
40.564921
48.653328
42.677844
54.944928
52.576566
44.046648
44.068903
43.971113
42.303353
48.508375
43.114722
42.911198
38.207536
40.861225
43.000837
41.092744
41.663858
45.877783
36.320724
39.251306
42.135243
40.777359
41.503538
43.670212
41.747913
39.268778
43.529698
42.818667
42.856041
43.487619
42.406704
41.883565
42.591148
43.493679
42.119500
39.133540
48.130005
58.628821
40.621467
44.072079
47.250265
44.965729
46.718719
45.812372
42.334628
43.510249
47.618012
52.758955
44.761600
39.601773
43.347249
50.027590
41.605888
41.752038
41.370273
41.770158
49.016039
42.705390
48.997793
50.205839
46.975428
43.333462
39.097860
47.285317
42.667154
49.900413
40.638141
40.841510
39.498932
46.358987
44.887348
40.187727
47.961058
46.760012
39.913740
43.954662
44.858898
41.625624
46.477405
51.872159
43.448923
47.234211
40.292890
43.759968
45.016039
45.487323
47.697334
48.239988
38.360870
44.581436
43.391180
41.885479
40.079174
44.556009
43.764039
49.339055
42.526660
39.269014
42.924462
42.981143
43.815613
46.845534
45.500937
40.153799
45.971724
43.160282
50.502191
43.454531
49.134967
42.933388
45.303800
49.726731
44.340658
39.377431
40.686801
47.832788
41.384854
41.960572
41.561543
45.668396
47.314964
45.799578
41.424787
45.119195
42.506602
40.860629
40.285334
43.164181
38.064808
40.520107
49.304804
45.912832
