24.014238984375
30.7628182578125
33.786396234375
33.8083666015625
34.00423218359375
33.84325724609375
33.9230805078125
34.27512828515625
34.3864738203125
34.8331648984375
35.03609390625
35.11365206640625
35.16944476171875
35.29643533984375
35.51596107421875
35.4625756328125
35.68007497265625
35.68792403515625
35.736983890625
35.62811478515625
35.50211962109375
35.46507700390625
35.3745627109375
35.53738894921875
35.55433698046875
35.60673080078125
35.61959859765625
35.57132345703125
35.51322394921875
35.601193277343754
35.59039618359375
35.52830080078125
35.46885722265625
35.50325662109375
35.49797582421875
35.56937797265625
35.53297592578125
35.62942826171875
35.64282471484375
35.6410211875
35.63433539453125
35.6161661015625
35.68892205078125
35.72775375
35.74681254296875
35.72675377734375
35.72722680078125
35.72680376171875
35.8069258984375
35.81764040234375
35.77491593359375
35.7203783828125
35.67631812890625
35.73137077734375
35.79312171875
35.83068249609375
35.89103928515625
35.8835562890625
35.849206015625
35.8483094765625
35.82692843359375
35.8397184375
35.79299724609375
35.7620761875
35.74379716015625
35.77854130859375
35.79345230078125
35.81167333203125
35.83762939453125
35.86683216796875
35.85251560546875
35.86575607421875
35.8805494921875
35.848354890625
35.86557577734375
35.84734895703125
35.89183096875
35.87277326171875
35.9319645703125
35.96999029296875
35.99944964453125
35.95009545703125
35.98874228125
35.99386646484375
35.9932492890625
36.01343692578125
36.03636965625
36.02973699609375
35.9894137578125
36.02782840625
36.0166911796875
36.01309601953125
36.0006627890625
36.0107125390625
36.02597655859375
36.01987659765625
36.06667826953125
36.05984947265625
36.0362892265625
36.02675108984375
36.03174613671875
36.02643604296875
36.04052850390625
36.059465828125
36.0673447421875
36.0512733515625
36.04099194921875
36.05757526171875
36.08193598828125
36.1128333515625
36.15223432421875
36.1414772109375
36.1087621640625
36.07445158984375
36.07522890234375
36.0580824765625
36.06195710546875
36.04620819140625
36.02502076953125
36.0335314609375
36.051260921875
36.04297362109375
36.05512987890625
36.06454678515625
36.08546173828125
36.09263719921875
36.07894315234375
36.0542413671875
