85.301491
93.529763
99.788344
137.910640
94.911128
72.534834
103.030899
83.668515
97.627321
95.851249
80.557601
109.844810
113.218177
102.350334
105.725237
85.316858
155.068244
116.679417
126.673123
110.853525
83.328983
77.465534
99.548738
76.620413
90.406743
101.165776
78.412480
121.393038
109.917699
77.717794
107.690736
97.374633
124.087613
85.037763
88.445216
88.928201
104.755117
75.678423
107.624338
83.475592
100.091928
130.227041
100.809136
103.608535
126.232565
76.547660
82.378275
82.173745
116.275663
95.794516
94.893375
80.055073
103.671644
82.532368
94.248450
102.982042
93.295276
104.629973
84.988750
87.373144
86.313943
89.699759
99.819542
91.834775
137.346004
76.094614
107.154281
90.766365
92.835120
83.355549
82.837870
83.255577
90.087912
108.335682
84.297857
87.882532
98.491449
121.494552
98.504997
95.724051
95.542147
95.311075
99.373055
88.883025
113.392545
125.867246
88.462425
88.911241
95.546074
86.228110
76.298829
114.974461
93.017392
85.628678
110.021995
117.820568
87.473208
98.646699
83.547328
112.442988
122.006210
86.859615
89.552297
74.658231
81.655074
98.971799
117.114834
80.863674
93.717610
87.819798
133.931297
92.359330
74.677485
74.788546
86.610768
109.514445
110.646560
81.262170
77.496766
79.661191
122.247206
110.668040
114.816036
138.335600
104.407942
96.017086
102.226818
99.620600
92.205896
95.934888
95.926182
134.596948
85.955476
73.883288
101.189325
93.887917
90.384195
99.724566
108.202946
109.422726
87.302306
79.400080
87.613825
111.109925
74.099762
84.364941
100.552802
78.939472
98.196106
112.370296
108.598319
87.670723
91.048608
107.414197
72.647152
123.895754
132.381295
101.590471
122.067168
94.041709
103.186117
80.642354
82.204323
84.348845
95.149691
78.818591
83.925237
128.827881
102.929167
84.754104
85.124952
113.335616
109.863632
107.246054
111.761266
99.359968
82.307703
105.489366
99.618278
110.674842
92.425171
97.895163
101.176880
90.872972
95.607333
98.025278
92.696243
93.505067
99.929153
88.522475
97.647182
95.533922
98.780979
101.077009
85.714813
88.389637
142.850834
101.489314
96.637636
108.756448
85.658446
111.399453
82.328926
111.040929
82.309287
84.812853
73.075352
88.335685
77.826987
92.864860
85.115267
111.994615
90.229736
109.052519
92.333005
118.542409
96.247916
91.603188
95.558541
109.190136
87.792754
101.514740
87.781286
101.303831
89.303141
95.257135
88.667318
114.858456
90.992140
90.530481
78.849949
91.748788
89.711135
106.202539
99.273671
106.447910
89.124041
80.398958
102.678484
91.558343
100.878968
77.400190
77.897095
83.909204
86.924643
146.041429
111.740966
91.931443
98.993049
94.877367
103.493369
113.029753
73.479734
80.042212
96.630122
110.367948
