100.2401705
106.40520660546875
109.2161385
109.13381751953125
109.2316373984375
109.0332901484375
109.091694328125
109.4252776875
109.5337092578125
109.98427730078124
110.1770286171875
110.240349359375
110.29116593359375
110.4219577265625
110.6475554296875
110.57188040625
110.77378814453125
110.78345419140625
110.82931893359375
110.7058979609375
110.56770573828125
110.5328646796875
110.4383917734375
110.60294170703125
110.6175918515625
110.65915945703125
110.6750047421875
110.6226310625
110.56500494921875
110.65108752734375
110.641877359375
110.5775369765625
110.5096085625
110.5398472578125
110.532495765625
110.60931153125
110.5690446328125
110.66591121484375
110.6773626953125
110.67945826953125
110.6666603203125
110.65091353515625
110.72089222265625
110.76319768359375
110.782098109375
110.7640745234375
110.763701859375
110.7633980625
110.84507159375
110.8578750859375
110.81340647265625
110.7609301171875
110.71349644921875
110.7649182265625
110.8261154765625
110.8595284296875
110.91925648828125
110.91323096484375
110.87613969921875
110.87630026953126
110.854744046875
110.86923545703125
110.81907809765625
110.78478597265625
110.76398425
110.8009904765625
110.8192411484375
110.837200625
110.86194253125
110.89199700390625
110.8770734140625
110.8900146015625
110.90337424609375
110.86850537109375
110.887100046875
110.86859339453125
110.9144758984375
110.893979765625
110.9535228203125
110.99033433984376
111.01728234375
110.96638216015624
111.00377406640625
111.01230355859374
111.014113453125
111.0340897578125
111.0584482734375
111.04896238671876
111.008867015625
111.04848564453125
111.0355983203125
111.033910453125
111.02282616015626
111.03499417578125
111.04876725390625
111.04125888671875
111.087470109375
111.08133118359375
111.055257671875
111.04601716796876
111.047743703125
111.043518640625
111.055935390625
111.075438171875
111.08184167578125
111.0660796015625
111.057550640625
111.075287234375
111.1016706640625
111.13477594140625
111.17486431640624
111.16331281640625
111.12868896484375
111.09343409375
111.096148734375
111.0760055703125
111.07997304296875
111.06328058984376
111.0427835078125
111.04909542578125
111.06215164453126
111.0520071640625
111.0635717265625
111.0731207578125
111.093732734375
111.100569828125
111.08677319921875
111.06198348046875
