100.822018
101.403553
105.656434
107.771032
101.919012
99.687101
105.889746
104.476301
102.196192
106.813403
93.399196
102.349848
104.772796
109.938488
97.792791
102.898395
101.348346
106.076546
103.999294
103.214238
98.903926
104.346664
104.088185
105.217174
96.959229
105.549461
103.567309
110.227384
107.189369
108.831186
107.962178
110.406404
106.802346
101.586300
106.293068
106.296285
108.277226
105.459891
106.209121
102.238434
99.981034
103.455379
118.740829
106.970896
112.503336
103.706685
99.454634
107.612026
100.648660
106.924106
96.986599
105.353047
109.466467
102.786369
108.171918
101.775122
104.247193
99.528715
104.584862
100.557195
116.955992
100.269295
103.085132
105.139708
103.952117
109.581515
101.935153
101.359766
102.704510
110.003048
104.763572
107.076562
107.522825
100.551165
101.560736
103.997239
101.253133
103.051336
112.140470
103.264024
101.357108
102.861493
99.436380
110.334035
107.333882
114.220183
104.130778
108.856086
108.389749
101.954391
101.795568
99.312504
100.211090
109.367357
103.783324
98.697446
98.676405
96.626893
106.280184
96.356048
106.136188
113.452273
104.133983
103.856847
103.248521
110.248583
107.392545
105.039263
107.678765
107.770391
103.802457
104.178690
99.604602
110.008337
119.053656
106.499858
105.875903
101.991452
104.951595
101.081033
106.958639
108.623948
110.514073
107.297051
100.597524
108.987705
102.896923
115.292035
112.878513
104.041496
104.223901
103.935396
102.126916
108.687959
102.759605
103.159422
97.951763
100.667213
103.110466
100.936889
101.571686
106.096224
95.780451
99.078631
102.057275
100.209112
101.075874
103.084977
101.582704
99.403469
103.475351
102.860656
102.831339
102.959177
102.574135
101.588387
102.479116
103.214913
102.482787
98.582337
107.860860
119.155940
100.706828
104.297626
107.416287
105.284063
106.689153
106.063781
102.427688
103.583996
107.077944
112.629909
104.945041
99.726105
103.268059
110.336708
101.385355
101.806778
101.376746
101.565453
109.486105
103.374715
109.312027
110.524287
107.184257
102.833894
99.058209
107.503050
102.644790
110.520767
100.854836
100.416965
99.473337
106.324962
104.781462
99.566185
108.040823
106.594968
99.969062
103.989610
105.038905
101.574737
106.475116
111.962464
103.085236
106.949753
100.213483
103.669205
104.882128
105.642598
107.717740
108.313106
98.172691
104.621900
103.265769
101.461057
100.377078
104.303108
103.662034
109.995564
102.571808
98.892963
102.756381
102.953232
103.561459
106.941443
105.985437
99.710857
105.817701
102.720076
110.308740
103.232535
109.316836
102.999377
105.301327
110.130300
104.173047
99.131089
100.883289
107.757494
101.805924
101.682177
101.884059
105.889561
107.273215
105.504154
101.353644
105.507973
102.208241
101.009671
100.628464
102.623258
97.466277
100.217606
109.599269
105.873807
