101.857663
100.179180
102.902558
102.428074
100.492761
100.785813
102.551693
102.289468
107.577689
105.786576
103.146327
101.048139
107.008802
105.658174
100.377141
99.161986
107.204394
106.459568
102.161569
104.010370
99.770804
101.946975
99.647769
105.761785
101.411944
102.582174
102.766852
106.863336
103.671577
102.715881
106.697915
101.403915
101.066965
107.068086
104.874109
100.117200
100.089026
101.136462
102.195102
106.669427
100.923852
105.802787
107.624199
103.649532
100.870513
100.663947
99.816170
105.770013
99.398510
101.450987
103.539123
98.674820
99.058304
109.404068
103.539792
103.552100
102.355184
102.823393
101.239869
101.816413
103.952239
104.314338
99.881300
98.376965
99.636235
98.371179
103.599765
101.233612
98.086396
101.426542
98.778310
102.631031
105.432822
103.304618
98.386307
104.623341
105.278377
104.406207
100.638887
101.583187
100.831791
100.478647
103.300248
102.520989
99.517747
108.504362
100.954447
104.299973
101.080490
101.459351
100.681082
98.783037
98.653016
99.156914
103.923950
103.381638
99.604174
97.188549
101.893924
100.336876
104.424955
106.651899
106.907716
102.353652
101.569378
102.443449
101.506912
101.503564
99.324476
101.828652
99.158477
100.783343
100.969421
101.436160
100.194660
105.469991
101.998406
108.330205
103.638472
100.980731
109.775665
105.962745
102.315199
104.684115
108.798606
100.058437
99.116906
105.092734
105.244285
107.896135
101.287131
103.330530
100.727202
100.459846
102.975780
103.879539
103.630907
102.621481
101.219395
104.457088
102.558973
104.186771
100.730467
101.576393
104.494323
100.715357
109.312257
102.936310
101.162296
101.579324
101.503836
98.138357
102.375899
105.653218
103.457688
103.440172
102.055705
100.139439
102.593962
101.882507
103.213173
104.730617
105.463332
98.427671
105.561777
103.279713
102.679104
99.128641
98.656449
106.293261
104.437198
101.848156
105.170489
104.636051
102.456241
103.986703
103.704851
107.881842
104.888366
101.244442
104.102763
101.254895
100.758319
102.975072
109.722138
102.117188
102.970720
103.047335
109.166219
100.503770
101.409015
104.014214
101.909286
102.382136
100.215123
105.182139
108.029697
97.522984
98.764125
105.681934
106.174898
100.706531
102.003206
105.613108
102.338438
104.705742
99.262035
104.970306
105.572917
106.759241
101.981701
106.069634
98.864381
104.871411
106.319000
108.648650
101.712658
106.025711
106.638612
106.858634
100.551008
99.424301
101.615587
98.604460
102.405567
108.289293
100.623552
103.101604
101.305846
100.118980
100.517772
105.341947
108.086443
100.609510
103.926337
108.559337
102.758963
99.917790
100.987342
103.493710
101.360251
99.380007
100.360856
97.917337
106.053253
102.926381
110.785350
105.531865
108.296724
102.043345
102.033852
102.771032
101.350453
99.048761
100.625784
103.856957
