79.2901160234375
79.09999978515626
79.07280847265625
79.09879437890625
79.02425744921875
78.9867875078125
79.00536278125
79.014971828125
79.00274019921875
79.05111412109375
79.018154828125
79.03903797265625
79.06790038671875
79.0754035546875
79.0398604296875
79.0543329921875
79.04846667578126
79.0367335234375
79.03947461328124
79.0154913515625
79.01682087109376
79.0181609375
79.016688171875
79.02415938671875
79.019679671875
79.01384143359375
79.02980011328125
79.01536404296876
79.00516042578126
78.99770215625
79.00050359375
78.97159423046875
78.956400890625
78.9452477578125
78.94914066015625
78.95558496484375
78.9506024453125
78.955547734375
78.955653765625
78.952866109375
78.9470587109375
78.95695754296875
78.96590284765625
78.9707430625
78.96571883984375
78.9729903515625
78.97118725390625
78.97757785546875
78.98075743359375
78.98153934375
78.9740281875
78.97418137890625
78.966782296875
78.96825215625
78.96242362109375
78.9617490546875
78.95581896484374
78.9652546328125
78.9627923125
78.96956787890625
78.97246171875
78.97682416796874
78.96651261328125
78.96163565625
78.96178398046875
78.96673659765625
78.9711162734375
78.97135650390625
78.9687730390625
78.96105819140625
78.96535801171875
78.9626589921875
78.964140125
78.96233255859374
78.95992094140625
78.962501546875
78.96823554296876
78.96783311328124
78.96831201171875
78.97388841015625
78.97061762109375
78.96885177734374
78.96871230859375
78.9732115234375
78.9740060859375
78.9712582109375
78.9672540234375
78.96408528515624
78.9639535
78.96549179296875
78.96124215234374
78.96435787109375
78.966307890625
78.9649879296875
78.961727734375
78.96226656640626
78.965881140625
78.96877939453125
78.96473082421875
78.96425698046875
78.9607849140625
78.962629453125
78.959465
78.9600566640625
78.960275890625
78.96181960546875
78.963996875
78.9676513125
78.96901603515624
78.97363296484374
78.97971054296875
78.98056552734376
78.977398359375
78.97747746484374
78.97725258203126
78.9702978671875
78.9738133828125
78.9699916640625
78.970415859375
78.97045073046876
78.967650359375
78.965469453125
78.963639125
78.96566578125
78.9628410703125
78.96252466796875
78.964969109375
78.960466703125
