422.3590961015625
448.43986118359373
458.71121575
457.67620298046876
459.9059448828125
461.1958356992188
464.1760513515625
466.0935459453125
466.12270507421874
465.31441135546874
465.354794375
465.47789598828126
466.43918860546876
467.21049374609373
467.74402082421875
468.4133923515625
469.2139477851562
470.543742625
471.5779469960938
471.6286459375
471.65792671875
471.3773406875
471.48743687109373
471.41127433984377
470.89949096875
470.83301281640627
470.87296456640627
470.63704519921873
470.550052078125
470.8096862265625
470.65837612890624
470.75690503125
470.966308828125
470.89373732421876
470.491255578125
470.2795165078125
470.0050639609375
470.02308865625
470.1687081171875
470.107864125
470.2981235546875
470.502172078125
470.7317853164063
470.7678803046875
471.01907212890626
471.08631894140626
471.09982151953125
471.0126405703125
470.99468740234374
470.91149629296876
471.131504984375
471.1288047890625
471.30373190234377
471.64693495703125
471.72927521484377
471.7905517421875
471.86579391015624
471.8411359453125
472.06333156640625
472.1611751796875
472.156897
472.14364790234373
472.0920309335938
472.08417789453125
471.98939580078127
472.0746146757813
472.193142609375
472.2155206953125
472.418304
472.52279395703124
472.5513734453125
472.48050655078123
472.3080377890625
472.1345247421875
472.094090734375
472.15650860546873
472.30773633984376
472.4524620703125
472.5134136445312
472.688316421875
472.6918310429688
472.5625218164063
472.4703066328125
472.38842324609374
472.3607162460938
472.35387235546875
472.3509873046875
472.30817587890624
472.23700124609377
472.249942609375
472.09184533984376
471.968732140625
471.8494114101562
471.7386674140625
471.555270171875
471.42313385546873
471.29074537890625
471.1623702890625
471.1219051328125
471.29214753515623
471.3423494492188
471.2624388125
471.2642711015625
471.2877602109375
471.317777203125
471.33549328515625
471.34046124609375
471.35450071484377
471.30668453124997
471.2860016914062
471.27180359375
471.24191223828126
471.2263317734375
471.2196588984375
471.1781628867187
471.1369002734375
471.142042953125
471.10404329296875
471.09924684375
471.0853219140625
471.082768578125
471.1148324296875
471.1040545546875
471.1141977890625
471.14859026953127
471.0128595703125
470.910623078125
470.8820750625
