13.255075
13.423097
13.467564
13.319800
13.459107
13.208377
13.240780
13.436930
13.528414
13.187770
13.285585
13.208895
13.357123
13.373168
13.343056
13.182171
13.512882
13.387393
13.494561
13.346019
13.443946
13.212024
13.483916
13.413997
13.341527
13.327714
13.328639
13.211900
13.661164
13.320654
13.483905
13.439691
13.265748
13.145849
13.200296
13.232388
13.370532
13.322980
13.382488
13.333051
13.351999
13.319470
13.388022
13.363290
13.386995
13.239415
13.447828
13.340921
13.249997
13.343978
13.341787
13.305118
13.442465
13.270649
13.340610
13.210098
13.459242
13.396076
13.376058
13.224251
13.422404
13.315142
13.300177
13.416251
13.248723
13.329514
13.430082
13.304353
13.278790
13.466018
13.216873
13.164583
13.362080
13.171271
13.254841
13.164760
13.427774
13.361211
13.418966
13.334714
13.351607
13.370560
13.371224
13.409150
13.393084
13.355260
13.281528
13.341927
13.282707
13.359710
13.274681
13.201257
13.472970
13.425982
13.274097
13.360218
13.411900
13.401897
13.409221
13.326891
13.457811
13.328849
13.372864
13.347571
13.404683
13.465467
13.344891
13.253530
13.481487
13.355848
13.275043
13.318118
13.311825
13.289308
13.297235
13.204131
13.364703
13.197887
13.299818
13.278774
13.428809
13.345209
13.451083
13.409333
13.513436
13.322005
13.336883
13.208850
13.325232
13.635639
13.500214
13.321066
13.167054
13.238999
13.341611
13.525736
13.251654
13.337664
13.612700
13.255581
13.392232
13.311144
13.513084
13.346318
13.224444
13.350377
13.473558
13.327638
13.449585
13.319657
13.287589
13.238593
13.228278
13.348797
13.296921
13.416539
13.342189
13.428084
13.369268
13.374637
13.491298
13.312062
13.358303
13.302484
13.397992
13.317088
13.405941
13.311138
13.354716
13.347475
13.261798
13.233033
13.235531
13.375451
13.264328
13.258201
13.419642
13.490052
13.289325
13.320526
13.297339
13.483016
13.489644
13.329199
13.221580
13.356433
13.255402
13.406611
13.522321
13.313371
13.226791
13.328557
13.410863
13.339688
13.286510
13.161238
13.365603
13.184492
13.454660
13.368549
13.381114
13.366779
13.196569
13.365855
13.464979
13.322179
13.046217
13.340284
13.297595
13.426876
13.411724
13.385883
13.314518
13.403772
13.317473
13.364428
13.473138
13.337994
13.398605
13.469185
13.374963
13.381472
13.335705
13.386899
13.150023
13.373503
13.261132
13.260440
13.391265
13.186544
13.220180
13.359619
13.318928
13.318563
13.358576
13.343200
13.385274
13.345129
13.217798
13.417591
13.321570
13.322734
13.573445
13.439736
13.338649
13.449433
13.345440
13.299212
13.344476
13.318589
13.438171
13.322203
13.153115
13.243743
13.403116
13.245021
