20.298451
15.749603
28.112245
15.965648
12.458725
27.818770
19.579301
14.259916
17.890738
16.506027
19.327561
28.129531
21.197885
20.191408
23.453914
18.658875
18.975489
23.247381
31.786182
23.449435
26.543727
20.031723
13.251921
28.187865
13.838736
28.339621
32.117374
21.575530
28.399996
22.189666
25.983454
24.440573
24.811825
17.012467
16.605998
14.161421
17.381038
13.884818
23.074018
12.894326
13.265078
17.907015
22.774961
18.915339
15.237823
33.617309
22.777340
19.371108
20.167974
20.944710
19.758797
22.252715
17.889827
47.078790
13.451850
25.383093
14.248623
14.514616
37.431723
26.637879
11.542412
17.152569
16.377416
19.532181
19.922544
30.048170
20.542216
13.572184
17.996206
14.512221
16.559633
32.823678
18.203829
24.523858
13.412359
20.722625
12.526477
20.609584
17.672310
18.932254
21.748089
39.177596
20.820972
36.230551
32.825323
22.336809
25.161396
19.551322
17.356290
18.006070
22.141391
17.602495
20.610939
13.072322
25.660589
13.617011
21.575951
13.900196
21.886092
18.634247
13.992630
23.243901
40.071697
24.265604
28.177712
18.446555
13.431914
34.075494
19.704235
20.395273
28.429031
13.285766
20.299394
21.867387
29.688473
30.606932
13.760399
13.471855
17.250159
16.376456
15.209492
27.535830
16.084111
38.244353
23.757731
26.327032
20.994618
14.687364
18.969536
21.664411
39.923618
31.145101
18.294034
12.010646
15.233262
23.593000
15.408195
27.290529
20.269734
17.743031
26.319205
13.840752
16.543630
28.531360
13.158769
29.515935
32.976746
17.631693
14.498734
26.661062
28.128958
29.287770
21.035046
19.162369
20.610230
24.757124
30.878009
21.929266
16.638748
12.663205
17.604858
30.687792
19.228164
27.669383
28.602051
21.821732
32.484219
24.171396
22.160964
22.048200
29.036383
14.094542
19.274209
23.072937
15.418482
23.590774
19.456210
26.411406
33.002983
22.943235
25.481679
12.285751
28.857382
22.014217
29.192409
22.149114
25.909432
16.731484
24.315880
29.342216
16.580406
19.600301
16.716480
10.411990
23.468647
16.547328
26.514942
37.341679
19.246803
13.761230
24.328490
15.992719
26.775956
17.071197
17.763471
17.793660
25.591091
34.831229
23.731077
31.895548
22.501730
18.238415
14.582687
12.758440
27.552729
28.428796
17.081110
17.119793
15.796426
23.458665
17.547896
22.592453
13.910462
16.963194
23.272050
26.643263
13.821466
14.970550
16.423386
15.577430
26.415243
29.214484
17.900802
12.759782
13.377915
20.505218
15.548367
26.372652
17.390357
19.668957
22.062830
17.832214
19.658246
21.934236
17.562721
18.394810
27.408368
21.110197
46.091193
17.759774
19.727472
26.328669
15.091684
33.295627
18.955812
14.980186
