79.838002
75.205627
88.442667
75.206010
71.593541
87.540861
79.660059
73.796790
76.219784
76.591372
80.009692
88.087385
81.016829
79.144191
84.249259
77.707066
78.169356
81.973507
92.154683
83.980864
87.151184
79.959630
72.754438
88.820550
73.154027
87.881922
92.307058
81.622352
89.036862
81.690729
85.953497
83.670205
85.314125
76.377324
76.254923
73.032622
77.031874
74.072396
83.763482
72.143943
72.931451
77.875386
83.273139
78.822365
74.928353
94.240146
82.257827
79.584085
79.641051
81.175913
80.278232
82.817426
78.529442
106.664268
73.657460
85.516975
73.233356
73.249155
98.040914
87.156630
71.232725
76.971309
76.748756
80.068877
79.052179
90.372582
80.780668
72.514788
79.025285
73.330782
75.969468
92.586736
77.985130
85.214652
73.632745
79.774571
72.218516
80.566599
77.257877
79.071393
80.928786
99.692319
81.812164
96.214651
93.914952
81.876015
85.089912
79.676198
78.042654
77.939180
82.185241
76.619922
79.993527
72.058348
86.672169
74.097037
81.212090
73.382653
82.297332
78.265882
73.761309
83.832061
101.657853
84.485179
87.391918
78.647249
72.883082
94.216001
79.461255
79.692637
86.847330
73.494801
79.999655
82.922691
91.193242
90.957546
73.235097
73.752494
75.452187
77.652469
74.378253
87.952822
77.084144
98.332519
83.633673
86.076785
82.120240
75.518964
79.519076
81.723731
100.080224
90.605152
78.663703
71.628933
74.553438
84.192226
73.489019
87.621841
80.502708
77.437206
86.944499
72.908746
75.884819
89.083255
73.787605
89.700292
92.784676
76.977844
75.290352
85.819131
88.789193
90.130058
81.588126
78.910495
79.041001
84.271071
90.219249
80.016628
76.282728
71.473715
77.304581
89.211292
78.882645
87.956288
88.173206
81.532458
92.116990
84.297695
82.542008
82.015639
89.807362
73.242091
79.587255
82.863481
76.028127
82.566497
79.743850
86.447240
93.708678
83.347702
85.975493
71.753842
89.318380
82.527616
89.721800
82.906894
85.786550
75.768435
85.620939
89.597053
76.810614
78.956520
77.405315
68.880289
84.304222
77.201643
86.700849
98.148740
77.809584
73.166395
84.519393
75.312782
88.195797
78.131331
77.429152
77.873811
85.734878
95.824857
85.095205
93.089194
82.215902
78.194601
72.898767
71.730813
88.553719
89.093834
76.948456
76.345585
75.136542
83.495277
77.093855
82.677210
73.511887
76.747145
83.819930
86.145787
73.394986
75.615588
76.271264
75.473443
86.379904
89.677710
78.415454
71.154002
72.437611
80.659774
75.005142
85.975777
77.340370
79.988536
83.417573
77.506417
79.351488
81.972932
77.884633
77.661597
86.599513
80.799314
106.050912
78.024958
79.949774
87.886499
74.507667
93.633536
78.688424
75.457819
