0.89562548828125
2.4396304375
3.4909567890625
4.4181861953125
5.1722351640625
5.80546125
6.299209234375
6.7564158046875
7.17269428515625
7.5421824765625
7.90454574609375
8.24893853125
8.554180390625
8.85980144140625
9.144947773437499
9.3909957578125
9.61652341796875
9.808897296875
9.9952446640625
10.1966015
10.38251550390625
10.57261983203125
10.74234355859375
10.8870277890625
11.01207344921875
11.13464872265625
11.25097766796875
11.378440796875
11.4894265390625
11.6050056875
11.7191054296875
11.8287569140625
11.936787328125
12.0422425703125
12.14850506640625
12.25002046875
12.3568492109375
12.45946122265625
12.5559439296875
12.64488565234375
12.72774500390625
12.8091627734375
12.888827109375
12.9635053984375
13.036802125
13.10498506640625
13.17754554296875
13.25799539453125
13.33077280859375
13.4053739609375
13.48244940234375
13.552109859375
13.6189737578125
13.67796569921875
13.73247459375
13.7877447109375
13.83797190234375
13.8842095703125
13.925871234375
13.96315319921875
13.993992390625
14.02851736328125
14.0656811640625
14.102150796875
14.135727328125
14.1758616953125
14.2117854140625
14.24698996484375
14.28257060546875
14.3199463046875
14.3577269609375
14.390130046875
14.41887255859375
14.4503753125
14.48482840234375
14.524037546875
14.56369339453125
14.6052345
14.641459625
14.6741311328125
14.7061216875
14.73784665234375
14.77224296875
14.8019354140625
14.82905001171875
14.85791337109375
14.8880615703125
14.91753403125
14.9424883203125
14.967893390625001
14.9945442578125
15.0206686953125
15.04563501171875
15.0699592265625
15.090178125
15.11197123046875
15.13088625
15.154041640625
15.18371364453125
15.21987749609375
15.256262046875
15.29013807421875
15.3217062890625
15.3524300390625
15.38575103515625
15.420781546875
15.4571446953125
15.4940965625
15.532475421875
15.57176681640625
15.60574679296875
15.6372219375
15.671205015625
15.7014541171875
15.72759897265625
15.751304625
15.77169373046875
15.79066301171875
15.8111866875
15.831018984375
15.85198935546875
15.87113878515625
15.88983583203125
15.9081761171875
15.92989178125
15.95269569921875
15.972861125
15.99358173046875
16.01371265234375
16.035558875
16.0565641484375
16.07508239453125
16.0939738671875
16.11411182421875
16.13064981640625
16.145532625
16.15966712890625
16.17440179296875
16.18784576171875
16.19806147265625
16.20879161328125
16.21813481640625
16.2274651953125
16.23497605078125
16.24507836328125
16.25801958203125
16.27069846484375
16.28327015234375
16.2975455390625
16.31250364453125
16.32602121875
16.34044758203125
16.35527501953125
16.36801382421875
16.37725997265625
16.38470005859375
16.39325916015625
16.401979953125
16.41107813671875
16.41825526171875
16.423068671875
16.43115896484375
16.43753969921875
16.4446989765625
16.4516671875
16.458446078125
16.465616265625
16.47379561328125
16.47981926171875
16.48615013671875
16.4924290234375
16.4966522421875
16.50121869921875
16.50557220703125
16.51057501171875
16.51390453125
16.51706523046875
16.52269976171875
16.52996622265625
16.53761764453125
16.5440719921875
16.55051287109375
16.55746473828125
16.56515444921875
16.5756578984375
16.5855732109375
16.59547123828125
16.60472078125
16.6141619765625
16.62377555078125
16.634064359375
16.64316529296875
16.6512692578125
16.6593617734375
16.665991015625
16.67287838671875
16.67978612109375
16.68711144140625
16.6964833359375
16.7058560078125
16.7161568671875
16.72575606640625
16.736641078125
16.74740812109375
16.7590381484375
16.77013340625
16.78028646875
16.792268828125
16.804065890625
16.8164167265625
16.828602214843748
16.84197246875
16.857055515625
16.87202994921875
16.88623743359375
16.89963024609375
16.91335781640625
16.92724410546875
16.94179803125
16.9559361484375
16.970409609375
16.982955
16.99537948046875
17.00745379296875
17.02109160546875
17.03477466015625
17.047262390625
17.05733286328125
17.0649345
17.07259383984375
17.07971845703125
17.08754138671875
17.09512853125
17.10519116015625
17.1133828046875
17.12099086328125
17.12960207421875
17.13863602734375
17.1483580625
17.15870901171875
17.169204546875
17.1795019453125
17.18900840234375
17.1984862578125
17.207580328125
17.2151751875
17.22094537890625
17.227826296875
17.235274765625
17.24394261328125
17.25124620703125
17.2569924375
17.26195400390625
17.26625928515625
17.269795609375
17.274689109375
17.2800738046875
17.28602139453125
17.29202972265625
17.29942944140625
17.30797422265625
17.31651224609375
17.3249069765625
17.335432125
17.345554375
17.35575104296875
17.36581024609375
17.37515540625
17.383828015625
17.39135986328125
17.3975842734375
17.4044378359375
17.41209895703125
17.4188356484375
17.42461890234375
17.43025323046875
17.43662506640625
17.4426856328125
17.4492126328125
17.45625004296875
17.462797328125
17.47046159375
17.478993078125
17.48831212890625
17.49684969140625
17.5043771015625
17.51251579296875
17.52138824609375
17.5289331640625
17.536369546875
17.54392153515625
17.54948107421875
17.55341875
17.55797538671875
17.5622348671875
17.566885828125
17.57304946484375
17.5772655
17.581530625
17.58622663671875
17.59178961328125
17.59721233203125
17.60340080078125
17.6102498984375
17.6177260078125
17.6248828359375
17.63187369921875
17.63878016796875
17.6458466328125
17.653667640625
17.66089578125
17.6670057265625
17.67403840625
17.6807566484375
17.68756863671875
17.695274148437502
17.7011059375
17.70608908984375
17.7106668125
17.71574959765625
17.72193497265625
17.72824923046875
17.733364890625
17.74031166015625
17.74641490234375
17.75276053515625
17.76043394140625
17.76709065625
17.7748264296875
17.78238066796875
17.789501546875
17.795650015625
17.80179136328125
17.80881321484375
17.81580284765625
17.82236766796875
17.8289367421875
17.83493090234375
17.84187285546875
17.849270734375
17.85700362890625
17.86435966015625
17.8715075234375
17.878571453125
17.8860402421875
17.894070890625
17.90113419921875
17.90646221484375
17.91177590234375
17.91644897265625
17.921545109375
17.9262261015625
17.93063342578125
17.93484755078125
17.93887765625
17.94244490234375
17.94642917578125
17.95070991796875
17.95579450390625
17.9622901171875
17.9680986328125
17.97333969921875
17.976756953125
17.97881133203125
17.97822421875
17.97565016796875
17.968877765625
17.958699140625
17.94595803515625
17.9301263046875
17.91158234765625
17.89094673046875
17.8687442734375
17.8444906953125
17.81890253515625
17.79226033984375
17.76418650390625
17.73534046484375
17.70636919921875
17.67711537890625
17.6466005859375
17.6166973515625
17.5858963671875
17.556365875
17.52591055859375
17.4957834140625
17.46574580859375
17.43601708203125
17.4069399609375
17.37778849609375
17.34857458984375
17.31938536328125
17.2902873828125
17.2613774921875
17.23210139453125
17.20298228515625
17.17412126171875
17.1453446328125
17.1162591953125
17.086987035156252
17.05743723046875
17.02861194140625
16.99972967578125
16.97141942578125
16.94300821484375
16.91415311328125
16.885925609375
16.8581504921875
16.830076546875
16.8029837890625
16.7758057578125
16.74955780859375
16.72317148046875
16.69595225390625
16.66867620703125
16.64158714453125
16.61445372265625
16.58852624609375
16.56269320703125
16.5364746171875
16.509952921875
16.48443814453125
16.4589587578125
16.4328989296875
16.40729171484375
16.3822980859375
16.3576365546875
16.33256025390625
16.30774937109375
16.2828330078125
16.2575853203125
16.2332793046875
16.20881975
16.184665859375
16.1615550078125
16.13779769921875
16.1141938515625
16.09077896484375
16.0673635703125
16.04349620703125
16.01942926171875
15.99651232421875
15.9743543203125
15.95139102734375
15.928660121093749
15.9060706953125
15.8838233359375
15.86187331640625
15.8396713828125
15.81769867578125
15.79536297265625
15.77345715625
15.7513292421875
15.72940300390625
15.70719134375
15.6856163359375
15.66385742578125
15.6419470546875
15.62048428125
15.5989248828125
15.577460609375
15.55602985546875
15.5344381015625
15.5132979375
15.49208855859375
15.47186177734375
15.45150679296875
15.431150296875
15.41082542578125
15.390200328125
15.36950194140625
15.34975231640625
15.3303721171875
15.31099019921875
15.29128802734375
15.27228369140625
15.2529508515625
15.2338928671875
15.214523578125
15.1956981328125
15.17737756640625
15.1591009921875
15.14091195703125
15.12252534765625
15.10413431640625
15.08541409375
15.066580007812501
15.047324753906251
15.027573578125
15.0076923203125
14.9887599921875
14.97050212109375
14.95261677734375
14.93485779296875
14.91764596875
14.89928434375
14.88152448046875
14.8636988671875
14.84664285546875
14.8296612890625
14.81241371484375
14.79453504296875
14.77696574609375
14.7596198671875
14.74246494140625
14.72587573828125
14.70887115625
14.69263016796875
14.67591090625
14.66009570703125
14.64468473828125
14.62895947265625
14.61299526953125
14.59689136328125
14.58076600390625
14.5647207578125
14.549052234375
14.53384916796875
14.5184408203125
14.50282176171875
14.487368046875
14.472069292968749
14.4569041640625
14.44132372265625
14.42569418359375
14.410354546875
14.39516123828125
14.380234671875
14.3658331796875
14.351147125
14.33629535546875
14.32117603515625
14.3066778125
14.2921256875
14.2772699140625
14.2620233984375
14.24744827734375
14.23233633984375
14.21756562109375
14.203016453125
14.18906047265625
14.17523291015625
14.16160748046875
14.1480592734375
14.133697390625
14.1193959453125
14.10545619140625
14.0916524921875
14.07789139453125
14.06381163671875
14.050075890625
14.036762984375
14.02307784765625
14.00950283984375
13.9959893984375
13.9826317421875
13.9692996796875
13.955619484375
13.942047296875
13.92848154296875
13.91496459765625
13.90166300390625
13.88881528515625
13.87593182421875
13.8636046328125
13.85101695703125
13.8379959921875
13.824582421875
13.81180628515625
13.79891309765625
13.786163796875
13.77339780859375
13.760737640625
13.7477884375
13.73559958984375
13.7232622734375
