16.214331
15.624586
15.846848
15.277911
17.017508
16.210097
16.748741
15.694064
16.409723
15.495058
17.143612
16.484525
16.638655
15.910181
16.273455
15.448581
16.436601
15.752817
17.103363
16.431424
15.944774
15.584207
15.961715
15.333333
15.727947
15.375631
15.115923
14.625074
19.366981
17.867300
16.018713
15.399308
16.616677
15.694780
18.223784
16.958868
16.250525
15.510694
15.535094
14.992577
18.113035
16.936218
15.936341
15.358980
16.378876
15.664917
16.805567
16.228866
16.541068
15.799980
15.606572
15.058519
16.983068
15.876675
17.940663
16.999172
16.259083
15.634823
17.325240
16.492482
15.743561
15.129459
15.398647
21.500491
17.511107
16.654203
15.640387
14.831122
16.586164
16.033920
15.385688
14.737780
15.547106
22.608118
16.129700
15.380990
15.965849
15.299235
16.759605
15.852202
16.238940
15.425316
14.895730
14.386933
16.637589
15.888445
16.543622
15.604554
15.997173
15.367475
16.632731
15.905775
17.562662
16.652450
14.947461
14.370188
17.235992
16.026554
16.452115
15.783906
16.364500
15.367717
17.953821
16.770920
15.851417
15.324608
16.601767
22.505230
17.547058
16.541310
15.585251
22.033433
17.264852
16.344175
19.098666
17.749229
17.104120
16.300920
16.673860
15.885380
16.188400
15.474036
17.091051
16.050190
16.476511
15.788850
18.283857
17.113497
18.147989
28.237395
15.942029
15.362511
14.530155
14.197698
15.950482
15.545363
16.205282
15.709632
16.766573
22.667429
15.526547
14.997561
19.362297
17.792260
16.712721
15.809423
14.347659
14.074790
16.583768
15.867993
16.256738
15.550880
16.686141
15.695304
16.995121
16.265388
15.350815
14.818064
15.414496
24.799248
16.697586
16.042734
16.135653
15.355505
16.307634
22.490986
17.158168
21.381718
16.765701
16.049073
17.006735
16.017658
18.510734
17.107535
16.893278
15.852265
15.614457
15.196382
15.926842
24.759128
18.005174
16.852032
16.472620
15.839252
16.306178
15.549583
16.783056
15.795869
15.717567
15.153848
16.507980
15.805154
16.198333
15.537712
16.518973
15.847000
16.228151
15.480461
16.872148
15.889571
18.008396
16.825188
16.329346
15.673981
15.720179
15.057643
16.995762
16.045237
15.215737
14.846378
17.183386
16.196337
16.876941
15.999714
16.697414
16.176150
16.619361
15.732109
16.578936
15.791734
16.177312
26.478977
16.398265
15.815605
16.998554
16.052878
16.302620
15.580209
17.014193
16.208332
16.817433
15.998696
15.743041
15.130743
15.867542
15.334429
17.381091
16.341301
18.681500
17.601146
16.192852
15.628773
15.813360
15.033466
18.603859
17.183349
16.968673
15.936467
16.206294
15.506820
15.179878
14.833610
15.420861
14.966965
15.664565
15.187316
17.999878
17.078390
17.130961
16.205511
16.769247
15.939667
16.244629
22.717626
16.102724
15.490117
16.092732
15.532479
16.365817
15.491591
17.304707
16.491734
16.162787
15.491058
16.676205
15.815878
15.207173
14.500165
16.365663
15.851415
16.498838
25.818582
16.255889
15.521724
15.877883
15.195238
16.394119
15.823876
16.188595
23.418140
16.020722
15.480689
15.624616
15.380543
16.393097
22.546895
16.043696
15.255985
20.219803
18.526890
18.108378
16.989375
15.471452
14.953486
16.602899
15.644368
15.850025
15.047150
16.040344
15.403810
17.714182
27.490191
15.284983
23.344895
17.490329
16.469464
17.002034
16.084859
16.167509
15.349928
18.112377
17.043630
16.488045
15.701179
16.055792
15.336017
15.474858
14.928395
17.440829
16.517942
16.932888
16.063054
16.439404
15.710992
16.551444
15.780764
16.819107
15.967663
16.349390
15.405383
16.840145
15.892259
17.905589
21.993842
17.472148
16.395552
17.494175
16.323673
17.641156
16.652301
16.063416
15.491248
15.786591
15.123512
16.345820
15.458170
16.248430
15.555156
16.554664
15.689592
15.627794
15.010092
16.628986
15.915135
16.229785
15.426276
16.809039
15.964498
16.021825
15.432715
16.702717
15.937534
17.336841
16.476886
16.850375
16.084897
16.950896
16.080058
16.149514
15.400814
15.882837
15.329408
15.572141
14.848850
15.660937
15.121280
16.940573
16.060416
16.430758
15.623827
16.528043
15.774086
16.689413
16.052317
15.796664
15.035008
16.386429
15.566158
17.265835
16.452806
17.771360
16.641789
15.674905
15.018880
17.056241
15.985561
15.220071
14.661368
16.015288
15.205853
16.416823
15.641994
16.809005
16.066329
15.352552
14.896380
18.736350
17.255734
17.269722
16.412826
15.740355
15.251995
16.712454
15.868343
15.933574
15.276777
16.539611
15.601404
16.105533
31.335327
17.033096
16.303082
15.080961
14.548876
15.624426
15.097894
15.180267
14.854249
17.308811
16.286769
14.885562
14.332103
16.863817
15.787268
16.845911
26.997486
17.183820
16.163128
17.567508
16.734072
17.467365
16.305077
16.336374
15.558297
15.777101
14.946937
15.667415
15.066046
16.106401
15.367516
15.947501
15.142884
17.070829
16.013174
16.105940
15.457456
15.125499
14.799738
15.658758
15.065976
17.338244
16.338005
16.707739
15.899513
16.974977
15.951298
16.155431
15.375307
15.962912
15.390444
18.926258
17.695529
15.955738
15.247469
17.407746
16.516317
15.121603
14.625283
16.287347
15.686982
15.611679
14.905293
15.452918
14.902158
16.253907
15.782791
16.672392
15.779634
16.379296
15.802794
15.315916
14.835626
17.751409
16.725780
18.366943
17.021459
17.791626
16.902440
15.921050
15.239426
16.313011
15.627794
