23.218577
23.467020
22.244365
23.112596
22.574789
23.226443
22.389414
23.140149
22.907024
23.356697
22.850545
23.033768
23.228523
23.473939
22.901334
23.470363
21.017890
22.125961
23.611228
24.279348
23.344827
23.914871
23.139006
23.482790
23.102264
23.421402
23.004235
23.699668
22.839912
23.149632
22.355664
23.042315
22.541554
23.149406
22.787212
23.684305
22.740475
23.630303
23.094810
23.353139
22.620869
23.193364
22.528305
22.906323
22.841614
23.222903
23.066309
30.200209
23.082773
23.793185
22.782901
23.259324
22.973500
23.882860
23.019449
23.569818
23.141776
23.703537
22.160801
22.803090
23.244433
23.663257
23.326754
30.652168
23.537297
24.059241
23.366802
23.855812
23.716363
24.152927
23.233298
23.653963
23.983117
24.365964
24.465732
24.684908
22.576534
23.250396
23.303343
23.745265
23.440730
23.832011
22.658084
23.338817
22.504195
23.010879
22.622220
23.378139
23.001380
23.521951
23.352913
23.879428
23.114894
29.794002
23.173258
23.674317
24.068971
23.982263
23.019169
23.882422
22.972562
23.463094
22.473088
23.280051
24.183527
24.711494
22.710215
23.790118
22.403411
23.113127
22.869712
23.082040
23.158497
23.457777
22.591173
23.082148
22.931999
29.463989
23.353601
23.842715
23.148678
23.642543
24.357211
24.530864
22.934338
23.176296
22.652047
23.178306
23.815032
24.424072
22.573930
29.549985
23.588969
24.113256
23.498269
24.119788
23.277224
23.553057
22.671960
23.258887
22.971528
23.800966
23.023318
23.393451
23.669270
23.938509
23.244912
23.672630
22.974278
29.325171
22.929188
23.572621
22.532392
23.383146
22.699832
23.770084
22.138720
23.113946
23.807985
24.202154
24.078717
24.435196
24.490400
24.650786
23.242755
23.676792
23.223502
23.858482
23.937484
24.157499
24.286621
24.483547
23.678971
24.384792
23.061861
23.624830
23.120141
23.576592
22.871740
23.556063
24.113452
24.474104
22.651851
23.373915
23.452432
23.848886
22.964637
23.689437
23.171650
23.572053
23.579665
24.417816
22.417695
22.908291
23.896071
24.086748
22.609547
23.179831
24.978740
25.256887
22.869085
23.827574
23.314188
23.894623
23.367588
23.865638
22.491897
21.214077
23.081147
23.708878
22.536882
23.187301
22.860649
23.528457
23.283342
24.010800
23.089245
23.640800
23.915804
24.174585
22.779760
23.532284
22.766779
23.003986
23.642312
23.901981
22.520765
23.229323
22.746047
23.106410
22.918604
23.272974
23.354558
23.593556
23.457085
23.790597
23.325346
23.731648
23.043063
23.339612
23.074929
23.736621
21.679681
22.569178
23.082528
23.622738
23.536224
24.138880
23.710060
24.157690
23.168316
23.891211
23.173467
23.376730
23.912806
24.244095
23.527121
23.650364
22.684769
23.078670
22.525681
23.581948
23.232967
30.527114
24.411026
24.060279
23.658882
24.180523
23.132403
24.058286
22.791719
23.390214
23.333349
23.165108
22.431406
22.936861
23.750021
24.223110
21.776115
22.493860
23.248233
23.866427
23.041893
23.405338
23.292966
23.744703
23.528595
24.070930
22.518762
23.247872
24.013623
24.526009
23.548682
23.906815
23.061485
23.361384
23.480127
24.064250
24.040717
24.900606
23.279981
23.667503
23.096705
22.918528
23.685312
24.140856
23.406039
23.624402
22.480334
23.253422
24.126186
24.147804
23.413188
23.951653
23.545446
30.786304
23.192032
23.878369
23.058064
31.791589
22.318491
23.015858
23.124476
23.650485
22.507756
22.966948
22.944541
23.504286
23.241676
23.819501
23.066947
24.056494
23.161222
23.530363
22.956784
23.785619
22.356391
23.254624
23.141425
23.838575
23.099548
23.653199
23.733269
24.392992
22.910405
23.675991
23.224241
24.023855
22.624366
23.401624
22.574452
23.414728
22.550202
23.173938
22.832254
23.399279
23.352662
23.417901
22.553021
23.231721
22.435356
23.140670
22.585693
23.024363
22.626701
23.108373
22.915634
23.534804
23.586579
23.947641
23.222240
23.969455
23.905755
24.616439
22.838796
23.729936
23.512743
23.871981
23.182038
23.342538
23.638366
23.987961
22.738028
23.402963
23.111650
23.675932
22.973322
23.671873
22.876495
21.673434
22.726390
23.301874
23.138634
23.635211
22.933851
23.378451
23.158255
23.664430
22.869430
23.620180
23.708564
23.997762
23.587059
24.093693
22.642022
23.541189
23.410810
23.736637
23.864320
30.840909
23.041761
23.352443
22.986163
23.515714
23.500160
30.698432
22.602050
23.030395
23.093699
23.989009
22.601625
23.469627
23.157524
24.071502
23.548565
24.221567
22.300534
23.268162
23.172593
23.795346
23.692209
24.003749
22.741005
23.577046
22.635755
23.206145
23.310248
23.776770
22.892268
23.272349
23.166382
23.470637
23.094756
23.796191
22.189213
22.707274
23.680800
23.892555
23.099696
23.953890
23.456200
23.757466
22.402787
22.883391
23.241707
23.939279
23.737909
24.349832
23.875689
24.078727
23.272613
22.643657
22.373953
22.923710
22.953175
23.440818
22.656035
23.301543
22.862058
23.116984
22.762462
23.471020
23.186920
23.584646
22.823358
23.647881
22.598579
23.296596
22.776395
23.334714
23.482218
24.001170
23.037722
23.708716
23.208600
24.025201
23.283450
23.887752
22.600824
23.225639
23.448183
23.629921
23.823787
24.420227
23.709905
24.201713
22.602740
23.613574
22.756167
23.129980
22.239523
23.266752
22.875771
23.472948
23.491813
24.108694
23.345363
24.252972
23.447377
23.962989
23.254780
23.836129
