8.06722551953125
14.1449499765625
18.319061484375
21.02757596484375
22.97760594921875
24.5177081015625
25.72081367578125
26.85015676953125
27.85625189453125
28.76778285546875
29.541052390625
30.2356381953125
30.86471804296875
31.40841725390625
31.8533742265625
32.2786549921875
32.67932249609375
33.05821618359375
33.39225219140625
33.67722020703125
33.94754003515625
34.20688532421875
34.469935734375
34.73036756640625
35.00600574609375
35.2662958671875
35.49559434375
35.691684453125
35.88249751953125
36.03870726953125
36.18619173828125
36.34060263671875
36.48598348828125
36.623828988281254
36.767359328125
36.9025364765625
37.0381373515625
37.16523802734375
37.28771941015625
37.3967458671875
37.5018823125
37.60763289453125
37.7091782578125
37.80904184765625
37.8963048359375
37.96621089453125
38.02962872265625
38.077533640625
38.12620701171875
38.17693165625
38.21235526953125
38.26133003515625
38.33418650390625
38.41050065625
38.48419401953125
38.565358953125
38.65019014453125
38.7368450703125
38.82446173046875
38.91481897265625
38.99644127734375
39.0834069453125
39.1670156328125
39.2436526953125
39.3080019609375
39.36832202734375
39.43440194921875
39.5037872421875
39.56713652734375
39.62588187109375
39.681320015625
39.73162416796875
39.7847446640625
39.83719463671875
39.88655444140625
39.926834046875
39.970996546875
40.00749780078125
40.046989578125
40.0798140078125
40.10586705078125
40.12642390625
40.14902303515625
40.17727298828125
40.206854828125
40.2361161953125
40.26427709765625
40.2993822734375
40.33281859765625
40.36393382421875
40.3910165546875
40.42002721875
40.44971716015625
40.47776225
40.504785484375
40.533438765625
40.56410262890625
40.5956619375
40.6208621796875
40.639693359375
40.6563713671875
40.6761932421875
40.6906653828125
40.709287203125
40.72508518359375
40.74451179296875
40.76851669140625
40.79378490234375
40.81986566015625
40.84656340234375
40.87201721875
40.898348484375
40.9254419375
40.94998134375
40.97134373828125
40.98957617578125
41.003321109375
41.0193857109375
41.03565750390625
41.05101214453125
41.065136703125
41.0806765625
41.09557887109375
41.1092826171875
41.118068765625
41.1228330390625
41.12948690625
41.1332663046875
41.13877498046875
41.1468190703125
41.15274321875
41.16473667578125
41.179504484375
41.19477505859375
41.21134996484375
41.23085971484375
41.247630484375
41.25746034765625
41.26183762109375
41.2725579296875
41.2788115078125
41.2797100546875
41.2868819765625
41.29827284765625
41.30781358984375
41.31548512109375
41.323771515625
41.3323881015625
41.33878902734375
41.3427785
41.34587837109375
41.35107336328125
41.3569250234375
41.35803364453125
41.3607733359375
41.36607353125
41.36943101171875
41.37450135546875
41.37433317578125
41.37386341796875
41.37359925
41.37758212890625
41.3820735234375
41.3869592265625
41.39223997265625
41.39997701171875
41.4096524140625
41.41804587109375
41.43006593359375
41.446363484375
41.46141784375
41.47633327734375
41.4900416015625
41.50298645703125
41.51349648828125
41.52196607421875
41.53368764453125
41.54886383984375
41.56311488671875
41.57909128515625
41.59628711328125
41.6131309296875
41.6295803203125
41.64612261328125
41.66187098046875
41.67870662109375
41.6922559140625
41.7037920859375
41.71733301171875
41.73553606640625
41.752186484375
41.76654008984375
41.77735326953125
41.78854469140625
41.79949440234375
41.80981292578125
41.81987841015625
41.8283580390625
41.83647084765625
41.8405481328125
41.8443720703125
41.84834010546875
41.8512623515625
41.85333589453125
41.85865599609375
41.8657168359375
41.87289572265625
41.879244203125
41.88742558984375
41.895459125
41.90488191015625
41.91370409765625
41.9217801953125
41.9303122734375
41.93952478125
41.947677078125
41.9549973515625
41.96273052734375
41.97030942578125
41.9753735078125
41.9781488359375
41.98160081640625
41.98374084765625
41.9833659765625
41.981354875
41.97825546875
41.97499688671875
41.972240625
41.9704844765625
41.9663114765625
41.96382007421875
41.96437398046875
41.96584070703125
41.96803131640625
41.96988108203125
41.97080117578125
41.9721733359375
41.97250870703125
41.97008811328125
41.967845875
41.966718875
41.966985078125
41.967221843749996
41.9684518828125
41.97235525390625
41.97639273046875
41.97845008984375
41.98000661328125
41.98042565625
41.9797062265625
41.98055769140625
41.98457021484375
41.99239453515625
42.00360098046875
42.01379420703125
42.02273762890625
42.03001684765625
42.0374746328125
42.04293696875
42.04520947265625
42.04654661328125
42.04630741796875
42.04663172265625
42.04737173046875
42.04750636328125
42.04813386328125
42.0483483515625
42.050090828125
42.05278407421875
42.0577879296875
42.0629551875
42.071079828125
42.0802334765625
42.08863740625
42.0958825078125
42.1014426875
42.10946925390625
42.115779296875
42.1231409140625
42.1308902421875
42.138708890625
42.1481486328125
42.157511859375
42.165356109375
42.17389820703125
42.1828686171875
42.1923455859375
42.20161508984375
42.21121520703125
42.222276921875
42.23284629296875
42.24628128125
42.25893011328125
42.26936221875
42.27814919140625
42.2847478984375
42.2911185
42.29839312109375
42.30614459375
42.31428955078125
42.32275276953125
42.3320768828125
42.340170796875
42.347149796875
42.3532339375
42.3578633125
42.36170169140625
42.36587841015625
42.36907493359375
42.3733819765625
42.3774237109375
42.38074556640625
42.3847303203125
42.39031302734375
42.39573998828125
42.399763515625
42.40268622265625
42.40550596484375
42.4072320703125
42.4070895234375
42.40632733203125
42.4065245546875
42.40880646484375
42.4112542265625
42.412248984375
42.413509640625
42.41355612890625
42.41218788671875
42.4104425859375
42.40956272265625
42.408396875
42.40909838671875
42.40945125
42.40911365625
42.406545328125
42.4044173515625
42.4019123046875
42.4005923125
42.39795910546875
42.39650082421875
42.3973557578125
42.39914974609375
42.40369291796875
42.4099376640625
42.41644309765625
42.42028494921875
42.42279318359375
42.4258434296875
42.4286543046875
42.43138209765625
42.4315292109375
42.4297056875
42.42840619921875
42.423488671875
42.418282734375
42.41304010546875
42.4073952265625
42.40266758984375
42.39826785546875
42.39397589453125
42.38537721875
42.3664679375
42.33964754296875
42.30560925
42.26471050390625
42.21755194140625
42.16689387109375
42.113913964843746
42.05950775390625
42.00420191796875
41.94922708984375
41.89388919921875
41.83823078125
41.7821059140625
41.72575616015625
41.66885991015625
41.6129279765625
41.55750406640625
41.50335491015625
41.44990048046875
41.39620176953125
41.343316859375
41.29059344921875
41.238234046875
41.187361890625
41.13658437890625
41.0857168203125
41.0352159765625
40.9854195234375
40.93534005078125
40.88561764453125
40.836087
40.78733125390625
40.7384336171875
40.69023755078125
40.64200478125
40.59291830859375
40.54374824609375
40.4948698984375
40.44736228515625
40.39996916015625
40.3546135546875
40.30988003515625
40.265381640625
40.22080532421875
40.17679159765625
40.132764257812504
40.08764530859375
40.04307936328125
39.99972233203125
39.957312703125
39.9151100859375
39.8734733828125
39.8323102421875
39.7922130625
39.7518414921875
39.71171871484375
39.67198767578125
39.63195477734375
39.59290810546875
39.554705046875
39.5171252734375
39.48043676171875
39.44536708984375
39.4105613671875
39.3757314609375
39.340833078125
39.30663383984375
39.2720645
39.23697690625
39.20270175390625
39.16899044140625
39.13515357421875
39.101987984375
39.06866654296875
39.0348386171875
39.0012736328125
38.96774546484375
38.934416578125
38.90150808984375
38.87029017578125
38.83942889453125
38.807610703125
38.77656310546875
38.74523318359375
38.71400045703125
38.68323040234375
38.65114391796875
38.6191046953125
38.58700909375
38.555857
38.52551086328125
38.494921796875
38.4648536171875
38.4351925078125
38.40634421484375
38.37786974609375
38.349493390625
38.321732078125
38.2938616875
38.266533078125
38.23906705078125
38.2119889609375
38.1844553828125
38.15853988671875
38.13284472265625
38.107823921875
38.08249090234375
38.05848822265625
38.0349379140625
38.01175085546875
37.9882566796875
37.9658571328125
37.94261798046875
37.9198425390625
37.89666005859375
37.8736157734375
37.8512781484375
37.82840555859375
37.8066835625
37.7850046328125
37.764461484375
37.74388435546875
37.72385338671875
37.70348685546875
37.68281437890625
37.6622336484375
37.6435273828125
37.624172640625
37.6047109609375
37.58562928515625
37.56768344140625
37.5488003671875
37.53067114453125
37.51232459375
37.49455367578125
37.47619803515625
37.458745890625
37.44166968359375
37.42505876953125
37.40838079296875
37.3914907265625
37.37494051953125
37.35998461328125
37.34503896875
37.329744546875
37.31430284375
37.2989198125
37.28397709375
37.27024723828125
37.25564926953125
37.2405655703125
37.22582411328125
37.21051234375
37.19655678515625
37.1823187578125
37.16902332421875
37.15560379296875
37.14179743359375
37.12747692578125
37.11369279296875
37.100342640625
37.087245578125
37.07496042578125
37.06280039453125
37.0515380859375
37.04135765234375
37.031119875
37.020734609375
37.00985616796875
36.999857609375
36.99047137890625
36.9791673984375
36.96804297265625
36.9574264140625
36.94749841015625
36.937196671875
36.92667930078125
36.91582597265625
36.9055499921875
36.89456001953125
36.88419485546875
36.87369329296875
36.862512546875
36.851965535156246
36.84161932421875
36.8317480859375
36.8214523203125
36.81131527734375
36.801015453125
36.7908448515625
36.78064402734375
36.77136874609375
36.7621487734375
36.75369495703125
36.7448510703125
36.736237453125
36.72824548828125
36.7193908671875
36.71177126953125
36.70404333984375
36.696547796875
36.689212875
36.68275443359375
36.6761734921875
36.669790515625
36.66357803515625
36.65769744921875
36.651507359375
36.644953125
36.6383304765625
36.63174375
36.62624858984375
36.62021605859375
36.6138198671875
36.6077651015625
