1.5585409609375
1.84914033203125
1.98164295703125
2.0426742734375
2.08825266015625
2.1197551328125
2.17356821484375
2.20723164453125
2.2279209296875
2.24827987109375
2.251526890625
2.2591776015625
2.26493669921875
2.26863477734375
2.2764146640625
2.2796513046875
2.28906268359375
2.30069885546875
2.30197748828125
2.30810953125
2.3153376796875
2.31487268359375
2.3193987890625
2.32303678125
2.33257744921875
2.33501355078125
2.3369228671875
2.3376583593749998
2.33715246484375
2.33921935546875
2.34157135546875
2.34233603515625
2.346084984375
2.35072557421875
2.35710515625
2.35856805078125
2.3602788046875
2.35995860546875
2.362140265625
2.366758578125
2.36869851953125
2.37212062890625
2.3719642265625
2.37266353125
2.37344734765625
2.3740370546875
2.37439833203125
2.37389139453125
2.37388678515625
2.37244784765625
2.37179171484375
2.3736236875
2.3752611953125
2.37569087109375
2.37853611328125
2.3787106015625
2.3787319921875
2.38025162109375
2.38282670703125
2.38352112109375
2.38383059375
2.3832689375
2.382445484375
2.38120671484375
2.38138543359375
2.3816771953125
2.379525765625
2.37841688671875
2.37721783984375
2.376833609375
2.3755471015625
2.3756549765625
2.3766464609375
2.37911384765625
2.37913401171875
2.37975644921875
2.3788770546875
2.37948948828125
2.37875125390625
2.3786708515625
2.37823658984375
2.37877888671875
2.37770681640625
2.377886625
2.37788980859375
2.378503484375
2.3799322109375
2.38124112109375
2.38118033984375
2.38170111328125
2.38224681640625
2.38133587109375
2.3815557109375
2.38184667578125
2.38133773828125
2.381601203125
2.381528
2.38115015234375
2.38223897265625
2.3825232890625
2.382591484375
2.38263308203125
2.385044953125
2.38563103515625
2.3859333984375
2.38563882421875
2.385819328125
2.38764684765625
2.38785854296875
2.3885072890625
2.38948941015625
2.38991058984375
2.39066245703125
2.3912074765625
2.39130919140625
2.39088321484375
2.39201573828125
2.392494046875
2.3934131328125
2.3937117734375
2.3945008359375
2.39495855078125
2.39406259375
2.3938965078125
2.393939265625
2.39412557421875
2.39343595703125
2.39362908984375
2.39490228125
2.3959621171875
2.3963391484375
2.3957005390625
2.39638835546875
2.39769698828125
2.3974933906249998
2.39679477734375
2.39661990625
2.39651032421875
2.3968055546875
2.3968326953125
2.3966811796875
2.3976086328125
2.39891489453125
2.39966630078125
2.39987637109375
2.40055061328125
2.40077741796875
2.40052902734375
2.399602921875
2.400054625
2.39970156640625
2.39971772265625
2.4002611875
2.39996076171875
2.4006163046875
2.40040304296875
2.40070780859375
2.40081909375
2.40105949609375
2.400763578125
2.4011992890625
2.40108912890625
2.401154625
2.40111146875
2.40056808984375
2.40077970703125
2.40079084375
2.40112810546875
2.40110706640625
2.4009048125
2.40066950390625
2.40022865234375
2.3997940546875
2.39968580859375
2.4001082734375
2.39975996875
2.39934801171875
2.3985455859375002
2.3982486875
2.39735280078125
2.39699453125
2.39713346484375
2.39744625390625
2.3978201015625
2.39818023046875
2.39838032421875
2.3983648828125
2.39855003125
2.398867015625
2.3988950546875
2.39850387890625
2.39888251953125
2.39907769921875
2.39898502734375
2.3986815703125
2.3991371796875
2.39941101171875
2.39977630078125
2.3996045
2.3996865078125
2.400394515625
2.40077925
2.40072681640625
2.40095451171875
2.401681890625
2.40243980078125
2.40307191796875
2.40282469140625
2.402542484375
2.40243859765625
2.4026373828125
2.4027724296875
2.40320931640625
2.40259572265625
2.4024948828125
2.40231733984375
2.40262391015625
2.4028770546875
2.40306575390625
2.40335890625
2.40360844921875
2.4034920625
2.40285150390625
2.40253909375
2.4021209453125
2.40191449609375
2.40221814453125
2.40182850390625
2.40152943359375
2.40228362890625
2.40244768359375
2.40235808203125
2.4023079140625
2.402695328125
2.40249991015625
2.4029863359375
2.40289261328125
2.402790671875
2.40276732421875
2.40338374609375
2.40346446875
2.40312176171875
2.40281898828125
2.40312253125
2.40340441015625
2.40353419140625
2.4035216796875
2.40338485546875
2.403216171875
2.4031946015625
2.40257444921875
2.40254834375
2.40301068359375
2.4028867109375
2.40274918359375
2.40249193359375
2.4025003125
2.40282649609375
2.40262143359375
2.4030085078125
2.40300160546875
2.4031333046875
2.403080796875
2.40300359765625
2.4032965703125
2.4031386953125
2.4032418515625
2.402819171875
2.4028913828125
2.40275386328125
2.4033594375
2.40313812890625
2.4027670859375
2.40252476953125
2.40235845703125
2.4023729296875
2.4021995859375
2.4021627265625
2.4024164609375
2.40242875390625
2.4027713671875
2.40255676953125
2.40239737109375
2.40244687890625
2.4023688046875
2.4024759375
2.4023406953125
2.4020715507812502
2.4018775703125
2.40167694921875
2.40187084375
2.402044015625
2.401626015625
2.4014509453125
2.401282171875
2.40154055859375
2.4013884609375
2.401395203125
2.40105728125
2.4011644140625
2.401408921875
2.4017125859375
2.4020647734375
2.40208825390625
2.401851953125
2.40186622265625
2.4013456640625
2.4013101953125
2.40149955859375
2.40157528515625
2.40181227734375
2.40205345703125
2.4022608125
2.402630515625
2.40303704296875
2.40282210546875
2.40281737890625
2.40301017578125
2.403026265625
2.402976953125
2.40266017578125
2.40247015234375
2.40244933203125
2.40244109765625
2.4024964453125
2.40254928125
2.40224985546875
2.4021870625
2.402106359375
2.40182844921875
2.401553796875
2.40167058203125
2.40197546875
2.4018863398437498
2.40175066015625
2.40178923828125
2.40206698046875
2.40231887890625
2.40229359765625
2.402308765625
2.4023689375
2.40227696484375
2.402315546875
2.4022115625
2.40272708203125
2.4027172578125
2.40265868359375
2.40271757421875
2.402733296875
2.40261980078125
2.4023274296875
2.40230953125
2.40232426953125
2.40201130078125
2.40198406640625
2.401803125
2.401532265625
2.401324640625
2.4011178125
2.401107171875
2.39975261328125
2.3976602265625
2.39557712890625
2.3933515390625
2.39104889453125
2.38877355078125
2.38633283984375
2.38388578515625
2.38142620703125
2.378982875
2.376793140625
2.3743635625
2.37189157421875
2.36955916796875
2.36752235546875
2.36493897265625
2.36278629296875
2.3607930390625
2.35845817578125
2.35632400390625
2.3543022578125
2.35197984375
2.34956982421875
2.34722613671875
2.34513416015625
2.34307201953125
2.3409371171875
2.3388744296875
2.336746859375
2.3346528984375
2.33253309375
2.33074201953125
2.32860054296875
2.32668340625
2.32473333203125
2.32267899609375
2.32079428515625
2.31880080859375
2.3167229140625
2.3146549921875
2.3126933125
2.31085495703125
2.3088920390625
2.30702777734375
2.30501400390625
2.30298943359375
2.3007573203125
2.29863623046875
2.2967331484375
2.29479330859375
2.293029546875
2.29121055859375
2.28940280859375
2.2875165234375
2.285630234375
2.28382244921875
2.2820848046875
2.2802476953125
2.27833508984375
2.27647046875
2.274423875
2.27258842578125
2.2707991171875
2.26901848828125
2.26719337109375
2.26549042578125
2.26385710546875
2.262265
2.2604940703125
2.2588583828125
2.2572147578125
2.25557235546875
2.25384601171875
2.252192703125
2.2505360625
2.24900094140625
2.24745312109375
2.24575767578125
2.244188046875
2.24257899609375
2.24088166796875
2.2391800703125
2.237592953125
2.23606954296875
2.2345609296875
2.23305884375
2.23134409765625
2.2295641328125
2.2278330390625
2.22619607421875
2.22478033984375
2.22331751953125
2.22171256640625
2.22018848828125
2.2186971328125
2.217076609375
2.21557944140625
2.213968546875
2.21243562890625
2.2107787734375
2.209130734375
2.2074917734375
2.2060996328125
2.204516875
2.20306591015625
2.20156796875
2.19999354296875
2.1984011875
2.19686744921875
2.19537291796875
2.19406237890625
2.19263930859375
2.1911388671875
2.1897795625
2.18828998046875
2.186746390625
2.18533520703125
2.18401233203125
2.1825234375
2.1811388046875
2.17970734765625
2.1781795859375
2.17679919140625
2.17548940625
2.17413226953125
2.17275330078125
2.17154569921875
2.1702081875
2.16898610546875
2.16764211328125
2.166335765625
2.16506547265625
2.1638358984375
2.16267653515625
2.16133686328125
2.16001295703125
2.15880388671875
2.15762831640625
2.15639815625
2.15534928125
2.15406120703125
2.152746203125
2.151553359375
2.15047983203125
2.1494288359375
2.1483223984375
2.14697259375
2.145627796875
2.1442975390625
2.14306609375
2.1419125859375
2.140710921875
2.1395456328125
2.13838861328125
2.13737837890625
2.1361774140625
2.13496329296875
2.133822484375
2.1324104609375
2.1311316328125
2.12998341796875
2.12892052734375
2.127716875
2.1265805234375
2.1254254296875
2.12414196484375
2.1229051640625
2.12172434765625
2.1205564921875
2.11945434375
2.11821326171875
2.1171582890625
2.1158937890625
2.11487403515625
2.1137494140625
2.11278846484375
2.11176489453125
2.1106006875
2.1094976875
2.10850882421875
2.10727462890625
2.106178390625
2.104970671875
2.1038669453125
2.1028462734375
2.10171787890625
2.10057276171875
2.09958944140625
2.0984695
2.09724530859375
2.09628296484375
2.09515678125
2.09401871875
2.0931201484375
2.09216926953125
2.0910682578125
2.090059125
2.0890473125
2.08797062109375
2.086972734375
2.08585999609375
2.08487285546875
2.0839750078125
2.0831157734375
2.08222572265625
2.08116729296875
2.0802491953125
2.07939940234375
2.07834877734375
2.0774025156250002
2.076453796875
2.075528078125
2.07441670703125
2.0736520078125
2.07281175390625
2.072092984375
