6.80063409375
10.61266728125
12.87895777734375
14.292418484375
15.29767240234375
16.057400453125
16.71408263671875
17.2087310234375
17.58577177734375
17.88719164453125
18.12337441015625
18.3532731796875
18.56109232421875
18.72423123046875
18.86569197265625
18.9889400859375
19.08685108203125
19.176409359375
19.255487921875
19.33055625
19.41864224609375
19.51926725390625
19.6190596015625
19.7071658984375
19.78513366796875
19.84176339453125
19.8963762890625
19.94680752734375
19.990740625
20.0292822890625
20.07224621484375
20.11592863671875
20.164656296875
20.2170209921875
20.25945615625
20.298221296875
20.332380296875
20.359823328125
20.3922608671875
20.41921408984375
20.4499925546875
20.4858751015625
20.522492203125
20.5443677109375
20.56204202734375
20.57799650390625
20.5942403046875
20.60823251953125
20.6188660703125
20.6321195
20.65077210546875
20.6667107265625
20.68082818359375
20.69639865625
20.7131658515625
20.72659498046875
20.73795945703125
20.7454145703125
20.753784500000002
20.761354390625
20.7662691640625
20.77476167578125
20.78754657421875
20.80691512109375
20.82257600390625
20.8368880703125
20.8456036171875
20.84929831640625
20.8569287109375
20.8641998984375
20.877626390625
20.89690044140625
20.91378065234375
20.93066978515625
20.947281421875
20.96340289453125
20.97409854296875
20.984803804687502
20.99460577734375
21.00706118359375
21.0201509140625
21.03604721484375
21.05461493359375
21.06897396875
21.080867109375
21.0932639921875
21.10573786328125
21.11455294921875
21.1197089140625
21.13154162890625
21.143194015625
21.1547298359375
21.16468559765625
21.1719357421875
21.17847097265625
21.1892818046875
21.19798115234375
21.202767515625
21.20722116015625
21.21136140625
21.219293265625
21.22356258203125
21.22761039453125
21.2330852265625
21.2403485546875
21.241293546875
21.2439055
21.24652389453125
21.248636328125
21.24927884375
21.2492908515625
21.2513549140625
21.2520209765625
21.2506829921875
21.2483569921875
21.24629947265625
21.2457552578125
21.24506882421875
21.24570492578125
21.244777140625
21.24814240234375
21.25375006640625
21.254089984375
21.25440825390625
21.255047046875
21.2569587890625
21.257257375
21.26014524609375
21.2659345078125
21.2703077109375
21.27345814453125
21.27403574609375
21.27485437890625
21.27572452734375
21.2728553203125
21.26881259375
21.2648046875
21.26312687109375
21.2632105625
21.2625578203125
21.2596265390625
21.25893569921875
21.25735899609375
21.25419980078125
21.2537384375
21.2529205703125
21.255192359375
21.25754593359375
21.25827353515625
21.25875341796875
21.26111301953125
21.26319754296875
21.2651323515625
21.2689350703125
21.27032137890625
21.27099526953125
21.2730992578125
21.27556915234375
21.278938609375
21.2817654140625
21.284716984375
21.2878573125
21.28860053125
21.28988864453125
21.2897709375
21.28842752734375
21.2887522890625
21.2906055390625
21.29021793359375
21.29046016796875
21.29429476171875
21.297180203125
21.29724868359375
21.29585924609375
21.29519391015625
21.29484741796875
21.29474578515625
21.29622433203125
21.29699816015625
21.29919241015625
21.30137666015625
21.30332997265625
21.30477990234375
21.307818546875
21.3117007109375
21.31292931640625
21.31197140234375
21.3133160703125
21.31490515234375
21.3142445078125
21.3135565859375
21.31275880078125
21.313829296875
21.31507455859375
21.31758285546875
21.32212994140625
21.325290375
21.3278959609375
21.32901215625
21.329991953125
21.330031015625
21.33142333984375
21.33297465625
21.3350060234375
21.33552966796875
21.33517456640625
21.33499611328125
21.33486661328125
21.3347927734375
21.33526488671875
21.3341788984375
21.33451644140625
21.3350993203125
21.33315924609375
21.33130005859375
21.32897639453125
21.328143328125
21.3280516484375
21.32729843359375
21.32567666796875
21.3241580859375
21.32270876953125
21.32256829296875
21.32279132421875
21.322491375
21.32292978125
21.3214142265625
21.318264390625
21.31648948828125
21.31724872265625
21.31853843359375
21.3203830546875
21.32193418359375
21.32355416015625
21.32604257421875
21.32736984375
21.32756528515625
21.32796246875
21.32872691015625
21.32988762890625
21.329702734375
21.3287903828125
21.32960794921875
21.3293936484375
21.32922901953125
21.3286173125
21.33017952734375
21.33220669921875
21.33294459375
21.33429269921875
21.33502596875
21.3354283359375
21.33462831640625
21.3332980625
21.33399184765625
21.334427484375
21.3335603125
21.331193234375
21.3301171015625
21.3290118046875
21.3280854296875
21.32841382421875
21.329839058593752
21.33008458203125
21.33220454296875
21.334955796875
21.33824457421875
21.33984589453125
21.34013482421875
21.34038497265625
21.340118890625
21.33898477734375
21.33734423828125
21.33740430859375
21.3379051171875
21.33821651953125
21.33993621484375
21.34224815234375
21.345138203125
21.34691334765625
21.34709088671875
21.34704119140625
21.34720953515625
21.34813490625
21.34851261328125
21.35095238671875
21.35243524609375
21.35428309375
21.3574500390625
21.36075359765625
21.3629094609375
21.36314094140625
21.3629563046875
21.363249375
21.36403272265625
21.36520338671875
21.36727002734375
21.36797126953125
21.36787096875
21.36826202734375
21.36804441015625
21.368373484375
21.368447953125
21.368402046875
21.3684564375
21.367442625
21.36659288671875
21.3673204765625
21.367582671875
21.36790690234375
21.3681511640625
21.368773046875
21.36975580078125
21.37125676171875
21.37313768359375
21.3759626953125
21.37771387109375
21.37835568359375
21.37867934375
21.37990532421875
21.3798715390625
21.38076315625
21.38292918359375
21.3852011328125
21.386894808593752
21.38801088671875
21.3880000390625
21.3881386640625
21.38826175
21.38744340234375
21.3878484609375
21.38934661328125
21.39068625
21.3920283125
21.39382686328125
21.395316171875
21.39721475
21.398136578125
21.39857898046875
21.399119703125
21.40017121484375
21.40087941015625
21.4005869609375
21.3996968984375
21.39861438671875
21.39900871484375
21.39995415625
21.401084046875
21.401357875
21.40091619140625
21.40045353515625
21.39988080859375
21.3995225390625
21.3997268984375
21.39969543359375
21.39957744921875
21.4005604765625
21.40177973046875
21.40157503515625
21.4020721875
21.39491317578125
21.376848671875
21.35310844921875
21.32726974609375
21.30003353125
21.272063203125
21.24484568359375
21.21657619921875
21.189254015625
21.16241512890625
21.135622359375
21.1081916171875
21.08042141015625
21.05380780859375
21.02727589453125
21.00172229296875
20.97578580078125
20.94972405859375
20.9246481640625
20.899219234375
20.874907359375
20.8512062578125
20.8275302734375
20.80389419140625
20.78024703125
20.75628347265625
20.732825984375
20.70998383203125
20.68716377734375
20.66547748046875
20.6428727109375
20.620650265625
20.598916328125
20.5773018203125
20.55596321484375
20.53478925390625
20.5140230859375
20.4928059921875
20.4709876171875
20.4493240625
20.42770094140625
20.40686476171875
20.386223796875
20.36487646875
20.343489265625
20.322785109375
20.30259925390625
20.2832378125
20.26384166015625
20.244384640625
20.2245359453125
20.2044165
20.1846698828125
20.1656939453125
20.14591098046875
20.12607529296875
20.10660474609375
20.08642512109375
20.0670507265625
20.04873294921875
20.030826546875
20.01266463671875
19.99509141796875
19.977422515625
19.95978023828125
19.94280730859375
19.92592327734375
19.9084965234375
19.89089874609375
19.87311904296875
19.85560484765625
19.83814194140625
19.82041852734375
19.8029829609375
19.78539931640625
19.76842435546875
19.75150381640625
19.7349255
19.71802800390625
19.70142540234375
19.684843828125
19.66797976171875
19.65070609765625
19.63364631640625
19.61640648828125
19.5992281328125
19.58176183984375
19.56472848046875
19.5482211875
19.53190112890625
19.51532509375
19.49863933203125
19.4824567578125
19.46578656640625
19.4486686875
19.4320226953125
19.41564319921875
19.39973400390625
19.38337212109375
19.36812130078125
19.35287891015625
19.338009953125
19.3234346015625
19.308469109375
19.29364496875
19.2789188671875
19.26455131640625
19.2500998046875
19.23595249609375
19.22190693359375
19.20752644140625
19.19350544140625
19.178840359375
19.164416046875
19.15007168359375
19.13671073046875
19.1231798984375
19.1091904140625
19.09577045703125
19.08226164453125
19.069103953125
19.056098875
19.04325215625
19.0301761171875
19.016869859375
19.0038953359375
18.99095263671875
18.97816640234375
18.96490349609375
18.95148977734375
18.93840820703125
18.9247487890625
18.911810203125
18.898771421875
18.8856674921875
18.87294871875
18.860436859375
18.84785058984375
18.8353823203125
18.822978734375
18.81059961328125
18.7982217109375
18.7852365234375
18.77255384765625
18.75998297265625
18.7468909140625
18.734227421875
18.72203119921875
18.71009996484375
18.698476921875
18.6866519296875
18.67459616796875
18.6626054765625
18.65045894140625
18.63831101953125
18.62607926953125
18.6138701953125
18.60148083203125
18.589244640625
18.57689441796875
18.56485440234375
18.55273774609375
18.541314625000002
18.52966805859375
18.518635640625
18.50754246875
18.496985328125
18.4859822109375
18.47528750390625
18.46460399609375
18.45358288671875
18.44262819921875
18.43188055078125
18.42105326953125
18.40999891796875
18.39840787109375
18.38748683984375
18.3763917890625
18.3657771640625
18.35519746875
18.34474146484375
18.33442668359375
18.32415376953125
18.3139796484375
18.3042675859375
18.29473248046875
18.28511020703125
18.27538057421875
18.2655054296875
18.25503328515625
18.244452734375
18.23502709765625
18.22566692578125
18.21599584375
18.205506859375
18.194852859375
18.18417729296875
18.17358468359375
18.16318705859375
18.1533204375
18.14380387109375
18.13426982421875
18.12476849609375
18.11511904296875
18.1056989609375
18.09619203515625
18.08684467578125
18.07774690234375
18.06852003515625
18.05939373046875
18.0502047265625
18.04038558203125
18.030447765625
18.02023280078125
18.0103474765625
18.00119196484375
