20.52656408984375
20.964078953125
21.136168765625
21.16994539453125
21.263364546875
21.29558521875
21.3561289921875
21.3631604296875
21.3709626015625
21.38439348828125
21.39974581640625
21.40662470703125
21.41402396875
21.452085671875
21.45851378125
21.4463695859375
21.441452703124998
21.447671171875
21.44890390234375
21.43128041015625
21.43602698046875
21.42489215625
21.448013265625
21.45335080078125
21.45684021484375
21.4579253671875
21.46270141015625
21.47061123046875
21.4694785625
21.46997315625
21.46802608203125
21.47630126171875
21.47379015625
21.47539928515625
21.46751875
21.46833631640625
21.46844750390625
21.47195723828125
21.4678149453125
21.469316234375
21.4760792421875
21.4745705390625
21.47138760546875
21.467487578125
21.47053042578125
21.46929505078125
21.46745912890625
21.46922142578125
21.4680674765625
21.4702202109375
21.47001111328125
21.4628892578125
21.46822094921875
21.47113526953125
21.46679011328125
21.468418984375
21.4715036875
21.47220561328125
21.4777910546875
21.4865109296875
21.4865988515625
21.4862312421875
21.4850136640625
21.4857931484375
21.494023640625
21.49121685546875
21.4875956171875
21.4893960078125
21.49130440234375
21.4968898125
21.496494703125
21.4986341875
21.4951461796875
21.4955204921875
21.49457399609375
21.494441265625
21.49701371875
21.50019194140625
21.5015255078125
21.50469779296875
21.5037141640625
21.4992169140625
21.49740072265625
21.49383494140625
21.49657129296875
21.4974079453125
21.49650163671875
21.496822484375
21.4947212734375
21.49350540625
21.49283666015625
21.49351465234375
21.4913753828125
21.48864920703125
21.48905388671875
21.49057546875
21.49185853515625
21.48744815625
21.4830013359375
21.483075265625
21.4821750703125
21.4846742578125
21.48706875390625
21.48727819140625
21.4892322578125
21.48965176171875
21.49104343359375
21.48985013671875
21.4886754140625
21.48765573046875
21.48806440625
21.49006327734375
21.4893471484375
21.490659609375
21.48872650390625
21.48798803515625
21.48660380859375
21.48719089453125
21.4868527734375
21.4893666484375
21.491321078125
21.4903007578125
21.4918438984375
21.493570734374998
21.49526860546875
21.49727403125
21.49518077734375
21.47211619921875
