35.78486128515625
39.1906846796875
41.10478037890625
41.443454625
41.6982021171875
41.7704347109375
41.911966890625
42.1231984453125
42.1686756953125
42.3680688515625
42.51463426953125
42.578569390625
42.5983833359375
42.71036133203125
42.78304201171875
42.773483609375
42.81423577734375
42.9012643359375
42.97191750390625
42.97280159765625
42.986642265625
43.02790224609375
43.0181348203125
43.08657057421875
43.088315625
43.10997237890625
43.11978733203125
43.10118334375
43.07955020703125
43.0777196875
43.066397203125
43.03923386328125
43.02285015625
42.9982594453125
42.981972984375
42.98504782421875
42.980172203125
43.0044066171875
43.03519094140625
43.03166523828125
43.052813703125
43.06077289453125
43.0781540859375
43.095506921875
43.123138609375
43.12849388671875
43.13359755859375
43.13132221484375
43.1595150078125
43.18388653125
43.2023397265625
43.1845573515625
43.16339478515625
43.15887614453125
43.1648693046875
43.17410980859375
43.202973234375
43.20753608203125
43.20157217578125
43.1983623125
43.18246707421875
43.1868406484375
43.17943243359375
43.16434976953125
43.1506815625
43.1757669375
43.1871723671875
43.19347401171875
43.190487578125
43.19041334375
43.2011388046875
43.200804734375
43.189921203125
43.17631962109375
43.18432386328125
43.18419809375
43.19643376171875
43.19506576953125
43.20710280078125
43.22396807421875
43.23522454296875
43.21716672265625
43.21349807421875
43.22723820703125
43.23454051953125
43.2432682265625
43.25729448828125
43.2544243125
43.23988221484375
43.2497742890625
43.2466098671875
43.24782378515625
43.24328596875
43.2415056484375
43.247966390625
43.24670403515625
43.25344786328125
43.25437062890625
43.24454635546875
43.24059146875
43.23778323046875
43.23264991796875
43.23919549609375
43.24402662109375
43.24383353515625
43.23330580859375
43.23402047265625
43.247818578125
43.263000519531246
43.28021632421875
43.297432609375
43.29951787109375
43.28837913671875
43.2790227890625
43.2731739609375
43.27477134765625
43.27577604296875
43.271454125
43.26139750390625
43.259111515625
43.26574923046875
43.26779219140625
43.2704433515625
43.2732332578125
43.2840863671875
43.2908977734375
43.2935165390625
43.23295347265625
