4.929621
5.1110312265625
5.16044265625
5.13127243359375
5.15244745703125
5.14646821875
5.17217375390625
5.17317137109375
5.1718584140625
5.176220296875
5.18757265234375
5.18698694921875
5.18707984765625
5.18952502734375
5.18620652734375
5.1906458203125
5.1939904296875
5.19317875
5.1963253984375
5.19356816015625
5.18790367578125
5.1848331054687495
5.17938465234375
5.1775433671875
5.1770953828125
5.18428857421875
5.18293892578125
5.18203521484375
5.178954234375
5.18133074609375
5.180237703125
5.1839117695312495
5.18413326171875
5.18508686328125
5.18761341015625
5.188889421875
5.18896494921875
5.190777046875
5.1900932109374995
5.19041624609375
5.18893178515625
5.1897855859375
5.19093851953125
5.1944333515625
5.19505796875
5.19260989453125
5.19089212109375
5.189467171875
5.18822628515625
5.1872822421875
5.18940402734375
5.1885770859375
5.190231734375
5.1913441796875
5.19360801953125
5.19298309375
5.19312517578125
5.19276875
5.19257755078125
5.19289008203125
5.19211395703125
5.19246268359375
5.19330373046875
5.19326943359375
5.19443158203125
5.1933284609375
5.19346589453125
5.1937690703125
5.19336673046875
5.195224625
5.19573270703125
5.19571912890625
5.19512174609375
5.19565878125
5.195714421875
5.19587483984375
5.19797958203125
5.1974689375
5.197078015625
5.196586421875
5.1965443828125
5.19630494140625
5.19671605859375
5.19588497265625
5.19542392578125
5.1955116015625
5.19588769921875
5.1959276328125
5.19471740234375
5.19339174609375
5.19281991796875
5.1910842578125
5.1914855
5.19165909375
5.19216901953125
5.192780203125
5.1928243671875
5.1926031796875
5.1919902421875
5.19187939453125
5.19186231640625
5.19181410546875
5.19241122265625
5.192750265625
5.19217008203125
5.19219547265625
5.1928756328125
5.1924201171875
5.192797828125
5.1924908984375
5.19144599609375
5.191573859375
5.19134460546875
5.19036836328125
5.19066078125
5.19055939453125
5.1909484609375
5.19064855078125
5.190663859375
5.19095115625
5.191856640625
5.19162580078125
5.19101632421875
5.19157398046875
5.1916701171875
5.19263202734375
5.19274157421875
5.1883151953125
