3.209616328125
3.2315014140625
3.263171890625
3.27453808203125
3.27119981640625
3.2810081171875
3.29078743359375
3.2851482109375
3.27561605078125
3.2767119453125
3.28042884375
3.28241596875
3.280532140625
3.2805693359375
3.28294413671875
3.29294210546875
3.29357207421875
3.29560118359375
3.29686563671875
3.29791226171875
3.30208634375
3.29901502734375
3.30144222265625
3.30122594921875
3.2995817421875
3.2998396328125
3.29633332421875
3.29678053515625
3.29502032421875
3.296305671875
3.29459446484375
3.29417951171875
3.29400105078125
3.293338171875
3.2897705390625
3.29024702734375
3.2902656640625
3.2885749921875
3.2883761640625
3.28891755859375
3.28946132421875
3.28989066015625
3.28848548828125
3.287240015625
3.28670385546875
3.28600157421875
3.2886795078125
3.28923703125
3.2886675
3.28856665234375
3.2888736875
3.2869488984375
3.2863601953125
3.2869306484375
3.28662490234375
3.2860788671875
3.28611399609375
3.285567859375
3.285612625
3.28404047265625
3.28364808984375
3.28248365625
3.28309201171875
3.28348323046875
3.2832563320312502
3.2841422421875
3.28532665625
3.28466858984375
3.28329374609375
3.283536015625
3.28388592578125
3.28395458203125
3.28340977734375
3.28367817578125
3.2833344296875002
3.2823186171875
3.281672015625
3.2818270859375
3.2821123125
3.2826317734375
3.28339046484375
3.28305890234375
3.2828460703125
3.28189878125
3.28286819140625
3.28359286328125
3.28406121484375
3.283051265625
3.2829505
3.28285804296875
3.282534
3.2822393671875
3.28286305859375
3.2829207304687498
3.2824691484375
3.28313537890625
3.283240109375
3.2827779453125
3.28229210546875
3.2823105585937498
3.281826640625
3.28212990625
3.282614703125
3.2831167421875
3.28424505078125
3.28461815234375
3.28456471875
3.28415373828125
3.28486875390625
3.28440976171875
3.28513383984375
3.28457495703125
3.28458633984375
3.2856938828125
3.28580668359375
3.28593445703125
3.2856607578125
3.28515809375
3.2854541953125
3.28557851953125
3.28575955078125
3.28564030859375
3.28573576171875
3.28526581640625
3.2856844296875
3.2854161796875
3.28509603125
3.28288685546875
