5.64019432421875
8.41575925390625
10.0704269609375
10.328211859375
10.52397324609375
10.550963421875
10.6517304765625
10.83179043359375
10.8704389453125
11.0441615859375
11.16938726953125
11.22585673046875
11.24215846875
11.34082885546875
11.40008552734375
11.3890335546875
11.43043971875
11.5099295390625
11.57646126171875
11.57665209765625
11.58909255859375
11.62961255859375
11.61987368359375
11.6860079140625
11.68723321484375
11.70731085546875
11.7151359296875
11.6964467109375
11.674509546874999
11.67165380078125
11.6588737421875
11.63129668359375
11.6142975625
11.59084242578125
11.5724684140625
11.5688293125
11.564043859375
11.58781795703125
11.61788462890625
11.61168161328125
11.63129878125
11.63740830078125
11.65474343359375
11.66971793359375
11.69272314453125
11.6965080546875
11.69992269140625
11.6977065
11.72517340625
11.7487698046875
11.7670799140625
11.750393992187501
11.729385984375
11.72579297265625
11.73125240234375
11.7410651015625
11.7692203359375
11.77301735546875
11.76666215625
11.76287113671875
11.7489415078125
11.75232185546875
11.74443373046875
11.73109416015625
11.718762796875
11.7407713203125
11.75224042578125
11.75746685546875
11.75445928125
11.75222586328125
11.76130309375
11.76084744140625
11.751676734375
11.73932655078125
11.746522203125
11.7468768046875
11.75689716796875
11.755446703125
11.7670481953125
11.78329864453125
11.7942889296875
11.77710732421875
11.77475303125
11.78743937890625
11.79348988671875
11.801790179687499
11.8135883359375
11.811953796875
11.79777240625
11.806921265625
11.80499671484375
11.8055714375
11.80089062890625
11.79885012109375
11.8049195703125
11.80423434375
11.81060178515625
11.8114663125
11.803542765625
11.7992381953125
11.7977988359375
11.7942912890625
11.80018401953125
11.80406825390625
11.80381352734375
11.7936302265625
11.79343830859375
11.807656066406249
11.82128672265625
11.8372389609375
11.85340936328125
11.85518703515625
11.84454698046875
11.83567587109375
11.8299800546875
11.8314099375
11.8322958203125
11.82791075390625
11.81806255859375
11.81601405859375
11.8219071953125
11.8243076796875
11.826988374999999
11.829381546875
11.84007704296875
11.84629414453125
11.848945265625
11.8329930078125
