0.02819064453125
0.12521307812500002
0.17862284375
0.18500942578125
0.1962794453125
0.2102368046875
0.21637280859375
0.2212428515625
0.2211089609375
0.2238279140625
0.2220000859375
0.22053603515625
0.22337452734375
0.22092683984375
0.222449375
0.2213854765625
0.22057056640625
0.21877226953125
0.2189646796875
0.2214709375
0.22421791015625
0.22347330859375
0.22298046484375
0.222197140625
0.22220027734375
0.2225711796875
0.22183653515625
0.22260671484375
0.22230366796875
0.22240633984375
0.22198696875
0.22240058203125
0.223730078125
0.22387503125
0.22408683203125
0.22652644921875
0.226787015625
0.22707198828125
0.226480015625
0.22736445703125
0.2272449765625
0.22757964453125
0.2284454453125
0.22861242578125
0.2290069453125
0.2298153828125
0.23010760546875
0.230621171875
0.22973460546875
0.22930173828125
0.22947426171875
0.22977930859375
0.2293174453125
0.22962681640625
0.229524640625
0.22989940625
0.22934773046875
0.2300277109375
0.2305413125
0.230154328125
0.22995659765625
0.2295841015625
0.2299727421875
0.2302398359375
0.23000869921875
0.230745296875
0.23063130859375
0.23098042578125
0.23116111328125
0.2322842421875
0.23258359765625
0.23216963671875
0.232693125
0.232431671875
0.23236763671875
0.23147197265625
0.23189483203125
0.23197762890625
0.23242996875
0.2324391328125
0.23239208203125
0.232465875
0.23228918359375
0.23250294921875
0.23281219921875
0.232651640625
0.23300269140625
0.2328782421875
0.233287765625
0.2336448515625
0.23321788671875
0.23336697265625
0.23327167578125
0.23347705078125
0.23385209375
0.23314823828125
0.233132296875
0.2328945078125
0.2325581015625
0.23216520703125
0.2320920234375
0.23173294921875
0.2319765625
0.23187397265625
0.2319111484375
0.23223080078125
0.23199121875
0.23170426953125
0.23172255859375
0.23191771484375
0.232171234375
0.23227618359375
0.23250591015625
0.23271981640625
0.23280400390625
0.2328907890625
0.232718828125
0.23265437890625
0.232398984375
0.2324493125
0.23290553125
0.23280515234375
0.23227288671875
0.232423875
0.232295578125
0.2325831328125
0.23258364453125
0.23186565234375
