5.56345523828125
8.47768511328125
10.1974426875
10.4672996875
10.68271714453125
10.72347603125
10.83063138671875
11.0159955078125
11.05759843359375
11.2337552421875
11.358078824218751
11.41363394140625
11.43441166796875
11.53017266796875
11.5924975078125
11.5798442890625
11.621259984375
11.6986317734375
11.76530757421875
11.76841448046875
11.78426508984375
11.823344453125
11.81369268359375
11.87852519921875
11.88023467578125
11.9003331015625
11.907972296875
11.89005709375
11.867425
11.8649743203125
11.85208468359375
11.82480902734375
11.80938000390625
11.78591459765625
11.7682540078125
11.76703583984375
11.7628256875
11.78689341015625
11.8163989453125
11.81108593359375
11.83055038671875
11.83705812890625
11.8553219453125
11.87004966796875
11.89417541796875
11.89859938671875
11.90268346875
11.90068950390625
11.92722494921875
11.9505678828125
11.96913483984375
11.95268604296875
11.9310897890625
11.9278551796875
11.933332921875
11.9433862734375
11.9709534921875
11.9753206171875
11.969741828125
11.96554372265625
11.95125433203125
11.9539298046875
11.94690165234375
11.93359170703125
11.9211418359375
11.943831765625
11.955278796875
11.96086301171875
11.9580901484375
11.95697656640625
11.96647042578125
11.96557284765625
11.95693045703125
11.94433487109375
11.95167531640625
11.95109434375
11.96140748828125
11.9601984453125
11.97202039453125
11.98849409765625
11.99947350390625
11.9822073203125
11.97986976953125
11.99276897265625
11.99908794140625
12.00719776953125
12.01925096875
12.0176033515625
12.00359599609375
12.013202769531249
12.0109948046875
12.01149284765625
12.00669162109375
12.00493041796875
12.011528609375
12.01010839453125
12.01628542578125
12.01701669140625
12.0087401171875
12.00389812890625
12.0025145703125
11.9983985078125
12.0045621484375
12.00832498046875
12.0083046171875
11.99843196484375
11.99788089453125
12.01183183203125
12.0253984765625
12.04158983984375
12.05797715625
12.06002824609375
12.04966220703125
12.04090770703125
12.0351940703125
12.036849984375
12.03763189453125
12.03316662109375
12.0229646328125
12.02104497265625
12.0272797578125
12.02963365234375
12.03179009765625
12.03428394921875
12.04484039453125
12.05145493359375
12.05413891796875
12.040551015625
