1.8659239453125
2.0132046484375
2.051192078125
2.02651816796875
2.04394475
2.03706970703125
2.05909802734375
2.05873106640625
2.0564663125
2.060276328125
2.06882370703125
2.06747934375
2.06764253515625
2.06907636328125
2.06547570703125
2.06886184765625
2.07146594140625
2.07051459375
2.07276178125
2.0702836328125
2.06526566796875
2.0624150390625
2.0574300390625
2.05568966015625
2.05520258984375
2.06176014453125
2.06085343359375
2.06003626953125
2.05724879296875
2.05941953515625
2.058410125
2.06158528515625
2.06164673828125
2.06206445703125
2.06446390625
2.065565234375
2.0656769609375
2.06723273828125
2.06670610546875
2.06696351171875
2.06542375390625
2.066189421875
2.0672986171875
2.07046762109375
2.07087784765625
2.0688616953125
2.06734721875
2.06610509765625
2.0648884375
2.063920890625
2.06590503515625
2.06518793359375
2.06673043359375
2.067570203125
2.06969992578125
2.069068984375
2.06903844140625
2.0687731015625
2.06860594921875
2.06889428125
2.06824944921875
2.068584453125
2.0692673125
2.0693526640625
2.070383625
2.069453546875
2.06959269921875
2.06974153515625
2.0693485078125
2.07106182421875
2.07132140625
2.07115816015625
2.070722921875
2.07129775390625
2.0713091171875
2.07134491796875
2.0731862890625
2.072760171875
2.07238077734375
2.072117734375
2.07206845703125
2.0718011015625
2.07212595703125
2.07134465234375
2.07095028125
2.07104605078125
2.07133203125
2.07139030078125
2.070301328125
2.06903254296875
2.06856805859375
2.066920484375
2.067292546875
2.06747846875
2.0679021484375
2.06846318359375
2.068473921875
2.06826243359375
2.0677968203125
2.06765988671875
2.06764629296875
2.067603046875
2.06801645703125
2.06831524609375
2.0678596875
2.06793412890625
2.06846740625
2.06819634375
2.0685065
2.06819659765625
2.06716309765625
2.067358296875
2.067159609375
2.0663047421875
2.06654191015625
2.06645092578125
2.06670837109375
2.06645159375
2.06648167578125
2.06665584765625
2.06730008984375
2.06711641015625
2.06655287890625
2.0670252890625
2.06704884765625
2.0678406640625
2.0679154609375
2.06710116015625
