4.40806057421875
7.0330929765625
8.65325341796875
9.52016532421875
9.8857638828125
10.04775848828125
10.1942172890625
10.3500722421875
10.5164709140625
10.58802987890625
10.76313149609375
10.81293523828125
10.8549247734375
10.869578015625
10.95440990625
11.01216344140625
11.0782090625
11.2068602265625
11.3773508359375
11.47745101953125
11.5382739140625
11.560623703125
11.536359296875
11.53807358203125
11.51262649609375
11.51378829296875
11.513721984375
11.496464734375
11.472084375
11.4899345703125
11.5112952265625
11.53515103515625
11.5534543359375
11.59333785546875
11.60314031640625
11.630255953125
11.65007546875
11.7010235546875
11.75035383203125
11.774637796875
11.79603428125
11.821777359375
11.833594046875
11.8487337109375
11.8726016484375
11.8938112109375
11.92703975390625
11.9496369296875
11.98340925390625
12.01316222265625
12.02819234765625
12.01823064453125
12.01426146484375
12.00974397265625
12.00752746484375
12.02530828125
12.03582485546875
12.03528726171875
12.0105351328125
11.97729250390625
11.944783625
11.92108497265625
11.91746459765625
11.91869237109375
11.92222867578125
11.922843390625
11.9212328515625
11.92335348828125
11.9369682421875
11.944237265625
11.97823693359375
12.0031205234375
12.01708989453125
12.0245036171875
12.0248690078125
12.01200587109375
12.015452796875
12.03207403515625
12.0477555234375
12.0682587578125
12.08189481640625
12.08059975390625
12.07151084765625
12.06360533203125
12.05407512109375
12.0510969765625
12.049523796875
12.04283496484375
12.02715935546875
12.01073858203125
12.00363175
11.9905937734375
11.96893448046875
11.95627245703125
11.94510836328125
11.93651526953125
11.93132331640625
11.92323374609375
11.90698430859375
11.895011546875
11.8834517265625
11.86676625
11.85730055078125
11.8557191875
11.85768341015625
11.8500970859375
11.84954231640625
11.85220250390625
11.85470206640625
11.85949216796875
11.86383123046875
11.8734721875
11.87907675390625
11.888021253906249
11.89510378515625
11.895292328125
11.8975187734375
11.89992615234375
11.904997828125
11.9069174375
11.91722721484375
11.92184646484375
11.91618184375
11.9104698828125
11.912663921875
11.9162287890625
11.91831555078125
11.91140150390625
