19.1938328125
27.79354625390625
32.813278671875
33.490029078125
33.99005117578125
34.0501917578125
34.33114559765625
34.86914088671875
34.98731214453125
35.53131316015625
35.89554831640625
36.0671681640625
36.10920564453125
36.41313919140625
36.5892148515625
36.54181152734375
36.67218497265625
36.916572234375
37.1261068984375
37.12299529296875
37.16466908203125
37.29180178125
37.25743358984375
37.46402640234375
37.464868527343754
37.52060175390625
37.54137534375
37.481301453125
37.414565875
37.40644716796875
37.36616592578125
37.2776523203125
37.217796890625
37.14272300390625
37.08004128515625
37.0649093203125
37.0494395625
37.12716859375
37.21854003515625
37.20095897265625
37.25822730859375
37.27679416015625
37.33130115625
37.3785716328125
37.44648001171875
37.4613688828125
37.47092980078125
37.46641830078125
37.55286959375
37.62708686328125
37.68359909375
37.632683515625
37.5628312578125
37.5509798984375
37.56772033984375
37.5981242578125
37.68730127734375
37.69869712109375
37.67714726171875
37.6650226953125
37.62200096875
37.63199551171875
37.60443005078125
37.56428774609375
37.52507433984375
37.5952344609375
37.63399123046875
37.6488386171875
37.63840394140625
37.6308086875
37.65908119140625
37.65664182421875
37.630467859375
37.5906531875
37.6135043671875
37.61443068359375
37.644943109375
37.63952162109375
37.6765828515625
37.7273803046875
37.76075419140625
37.7057352578125
37.69961565234375
37.74114711328125
37.7606207734375
37.78691141015625
37.82254404296875
37.81720690625
37.772492375
37.802520421875
37.7957578515625
37.79888925390625
37.78472344921875
37.779672828125
37.79758036328125
37.79425670703125
37.814627875
37.8175092421875
37.7913934921875
37.7771695234375
37.77246580078125
37.76416158203125
37.7814469921875
37.79364648046875
37.7919982578125
37.76103222265625
37.76019961328125
37.80629734765625
37.84857391015625
37.899426953125
37.95070963671875
37.9556016953125
37.92147448046875
37.89416083984375
37.87761588671875
37.8805647109375
37.88267758984375
37.86805721484375
37.83701461328125
37.82980789453125
37.84689887890625
37.85381753515625
37.86208932421875
37.869404953125
37.9031746484375
37.921629734375
37.92962284765625
37.91109191796875
