90.618677
87.853617
70.818862
97.413244
120.905413
83.885773
92.947525
76.917109
114.610291
99.241442
82.638124
77.239578
97.113972
98.344868
73.349439
103.147560
92.150862
108.496657
92.598803
108.115494
75.344164
91.947964
102.185775
137.733761
77.698009
89.744640
80.413204
106.851648
99.846138
106.053084
109.074369
117.443216
81.295232
78.867900
115.031709
90.949861
124.055809
90.804335
106.131432
92.070826
71.707724
134.856938
119.032709
72.266157
113.659589
89.901785
74.169018
86.013931
79.659373
96.788848
78.266811
82.010879
139.869022
88.077080
122.529000
82.989947
98.517960
80.443173
105.436812
127.128291
119.405984
80.987177
79.490375
93.190862
88.497988
89.144698
116.632026
78.918730
86.650889
123.117659
95.384615
106.431766
109.740248
95.364247
92.476532
111.738179
108.240990
80.778654
115.994519
97.449496
74.443934
67.754360
141.523077
117.093440
108.736840
100.612262
97.551494
74.391020
118.555699
78.571134
95.976321
89.277427
95.490182
135.081152
97.192285
77.712359
79.720060
69.259390
87.550360
97.219016
107.554050
111.516340
92.410035
87.859331
105.551317
97.349835
93.662079
90.313421
99.591620
100.903911
66.749335
75.056330
91.950352
100.159568
131.261956
71.779322
114.146855
102.632503
95.669979
78.255857
96.583433
86.151328
128.789782
93.569377
80.653382
87.816701
76.742546
111.195851
128.347115
89.610429
107.011982
95.076988
82.074263
96.010457
82.913876
96.595343
99.609187
85.054838
88.854767
104.562501
98.733115
97.612157
62.889492
84.264813
87.936163
69.410345
100.399557
87.052581
86.858668
87.090789
82.024717
79.333548
109.158259
85.102840
98.046062
90.370429
77.717979
97.869231
91.138989
104.272239
90.332275
97.857526
82.459594
85.142657
117.367445
89.056614
85.881356
117.691109
108.951245
95.098069
88.469137
82.298146
108.692878
94.631984
95.213216
79.699889
82.462795
111.067028
82.719000
97.701482
121.299854
95.685669
111.454818
91.906602
114.735761
72.206792
91.541385
119.646493
77.990555
115.143238
77.430011
67.580015
109.885987
85.379690
102.676463
75.752557
109.416958
101.722851
121.092369
102.904825
74.539997
84.960428
120.672662
107.566496
84.687964
77.855296
84.229152
113.024984
84.526860
69.336142
107.391899
114.769749
110.765627
95.730770
79.179171
58.930910
106.074448
93.796861
92.996085
118.624057
92.672299
70.736448
78.004281
84.783064
82.477358
91.666447
76.086538
124.805857
116.869017
62.748960
103.539555
89.630842
99.623308
161.277479
86.782516
120.344558
81.273839
79.098803
69.558524
114.507797
107.927795
91.141597
101.862714
99.369046
116.527871
82.815704
94.305871
99.627864
84.011549
99.740331
104.831850
94.154730
68.682046
75.056599
106.255528
105.693516
