0.28403202734375
1.23236891796875
1.74203368359375
1.7915730078125
1.89930866015625
2.03063306640625
2.0897419960937498
2.1372341796875
2.13572548046875
2.16086167578125
2.14264208984375
2.1261639921875
2.15306916796875
2.128797796875
2.14301262890625
2.132311703125
2.123500703125
2.1050657734375
2.106134453125
2.13055944140625
2.1554762265625
2.14843591015625
2.14319226171875
2.13539865625
2.1361495390625
2.1392892890625
2.13246063671875
2.1395992265625
2.13680934375
2.137445953125
2.1332931640625
2.13734769921875
2.1504143046875
2.151757515625
2.153935953125
2.1775025546875
2.1799044453125
2.18264128515625
2.17674303515625
2.185398703125
2.1841079140625
2.18732535546875
2.19582540234375
2.1973411796875
2.2009435390625
2.20833688671875
2.2110715
2.21576688671875
2.2074430078125
2.20344276171875
2.20531658984375
2.2083831796875
2.20381255859375
2.20681208203125
2.20580516796875
2.20941707421875
2.20402821875
2.21058760546875
2.21548358203125
2.21152471484375
2.209659109375
2.20616205859375
2.2099052578125
2.2122968203125
2.21011516796875
2.2168925625
2.21569590625
2.21910823828125
2.22107699609375
2.23188066015625
2.23475110546875
2.23076143359375
2.23586625
2.2334734609375
2.2327843984375
2.22418246484375
2.22816361328125
2.22891053515625
2.23324602734375
2.23327294140625
2.23282733984375
2.2336664921875
2.23193841796875
2.2341281171875
2.23710873828125
2.23548546484375
2.23885715625
2.2376172734375
2.241595859375
2.244926609375
2.24091066015625
2.2422695
2.2413271875
2.24330233984375
2.2470138359375
2.24027826171875
2.23992291796875
2.23775909375
2.23463075
2.23082164453125
2.2301024765625
2.226678234375
2.22900183203125
2.22794095703125
2.22820057421875
2.231156203125
2.22881470703125
2.2261050390625
2.22632515625
2.22825951171875
2.230629640625
2.23162456640625
2.23378248046875
2.2357955
2.23659230078125
2.237364046875
2.235693796875
2.23499808984375
2.23254221484375
2.2329665625
2.23708291015625
2.23607913671875
2.23089440625
2.23229929296875
2.23105023046875
2.23390371875
2.233997703125
2.22926929296875
