127.944077
129.711810
129.294193
131.307652
130.143841
125.516594
131.551853
126.929654
126.794502
131.329480
126.859974
129.978166
130.652236
125.630307
128.071317
129.258702
131.112046
131.657413
130.066400
129.233127
127.606272
126.616443
128.884159
127.169932
131.793921
130.983592
128.190442
130.632195
129.992939
126.434919
130.770022
127.112166
130.866435
127.491084
128.723413
127.608816
127.486172
126.367598
129.897182
128.407327
126.913039
130.471220
128.288751
128.884297
132.601602
129.809417
129.494184
128.434829
128.863963
128.329829
126.759564
127.760766
130.584989
127.820246
130.264442
129.489718
129.397477
130.820024
128.298485
128.939642
129.797174
128.997973
128.814130
127.793531
131.909812
126.758605
130.013035
127.222480
129.734297
127.484762
128.265463
128.839763
132.482794
129.611385
129.399666
125.803563
129.828516
128.332715
129.478752
128.924079
129.732417
129.916710
127.579495
128.335043
130.076636
130.864158
129.144147
130.876279
131.386118
128.600567
128.479127
128.903684
129.745757
128.746915
127.718038
129.927481
129.303576
128.925651
128.957423
130.542655
130.104619
130.470391
128.110852
126.454555
126.646382
128.188884
128.939702
129.081005
130.153221
130.376162
128.766205
128.131857
127.567054
125.516329
128.527795
128.997179
131.095334
126.516107
128.141934
128.901197
130.275093
129.829864
133.468742
134.464888
131.224745
129.194156
128.950898
129.231211
129.693314
128.344611
128.816268
129.819565
127.241548
128.509166
130.442034
129.154333
129.063393
129.947504
129.740661
131.298912
128.147597
129.227113
126.669825
128.324545
127.393846
125.575218
131.948524
127.510821
129.495859
132.635750
131.332330
127.518881
127.557510
129.516242
126.063559
131.784335
130.153859
129.188018
129.865973
128.345922
130.409668
127.096658
127.926789
130.003356
130.134801
126.827828
127.597923
130.223108
127.716070
131.092025
126.428897
129.153933
130.406745
131.262668
130.026994
129.308148
126.924328
130.327141
128.801656
129.150335
129.258246
127.896076
129.520977
128.593584
130.158753
127.513551
127.485058
128.002403
128.220861
129.720873
127.826408
129.715030
128.902507
128.550265
129.223503
128.038129
132.275222
130.686037
129.583540
129.714944
127.957376
127.603460
128.683777
130.287063
130.962285
125.593648
126.049894
127.960871
128.874534
128.800371
126.909386
130.335947
128.255732
128.432418
130.553568
126.265311
128.111659
130.590319
128.707156
130.623231
127.525971
129.035876
130.623323
127.895274
127.906362
130.145886
129.662143
128.741359
129.602363
126.006651
127.128499
129.861620
128.520239
130.137120
127.895520
131.710288
128.278134
126.621818
129.430377
126.971994
129.779300
125.469130
128.941654
128.281648
127.370421
130.184878
129.441018
129.946212
131.368263
129.661646
130.783626
129.468855
128.257384
126.619619
130.990030
131.142136
