150.271995
147.523837
130.476090
157.438251
180.953301
143.614243
152.828441
137.020554
174.377217
159.360025
142.266698
137.139804
157.387605
158.265559
133.177030
163.435316
151.613850
168.950877
152.630494
168.449813
134.985215
151.882422
162.266601
197.432589
137.074267
149.570879
140.282058
167.272474
160.116089
166.027625
169.083905
178.098808
141.134356
138.612759
174.918434
150.661472
184.202698
150.624943
166.231158
152.636927
131.373325
194.623376
179.368909
132.277255
174.425819
150.123399
134.194424
145.496439
139.233256
156.935987
137.764159
141.869159
200.386005
147.489814
182.819894
142.623918
158.626285
140.343636
165.494151
187.301861
179.448136
140.726921
139.052242
153.274601
148.190520
149.320844
176.808549
138.420062
146.319766
183.910776
155.367180
166.383073
169.780389
155.335466
152.737104
171.848566
167.890818
140.317748
176.574077
157.371670
134.376141
127.584279
201.353916
176.948664
168.821839
160.559854
157.492189
134.900280
178.541425
137.998662
155.704958
148.870989
155.167959
195.434866
157.054539
137.255214
139.473475
128.846291
147.740101
156.844642
167.873942
171.629686
152.472599
147.439241
165.495933
157.404449
153.862325
150.013696
160.134341
160.775999
126.500987
134.500446
152.036958
160.435630
191.990822
131.159278
174.524513
162.466925
155.840571
137.836934
156.916793
146.156133
188.956616
153.888006
140.660724
148.096490
136.925012
171.661524
188.631778
149.532096
167.259600
155.006064
141.865791
156.261196
142.405762
156.988782
159.332805
144.840054
148.937701
164.427033
158.664787
157.715823
122.348985
144.148648
148.002508
128.629501
160.073576
146.353605
146.887614
147.154767
142.019781
139.336153
169.026109
144.759524
158.063908
150.126481
137.567049
157.711769
151.423645
163.834960
150.045068
158.270598
142.537486
145.562435
177.409904
149.290603
145.983318
177.909183
169.122659
154.988593
147.893248
142.343991
168.862108
154.696521
155.270173
139.811602
142.224341
171.043689
142.841759
157.572474
181.825895
156.243374
171.590970
152.299068
175.011538
131.709929
151.569520
179.860510
137.894839
175.868276
137.588697
127.133883
170.065549
145.134839
162.560807
135.168656
169.540538
161.486030
181.236712
162.825127
134.765206
144.939662
180.670342
167.754247
144.234084
137.520559
144.189704
172.919978
144.369569
129.383041
167.587478
174.789561
170.679108
155.670569
139.009528
118.582717
166.366896
153.602724
152.907514
179.337848
152.585276
130.315761
137.870876
144.866175
142.126712
151.762671
136.596451
184.204425
176.835272
122.253217
163.502009
149.411125
159.756308
221.258141
146.785097
180.814522
140.920170
139.019312
129.639627
174.539200
168.328570
150.933551
162.195726
159.477321
176.657435
142.451396
154.261643
159.948485
143.757833
159.796034
165.112725
153.527372
128.282708
134.745640
166.649365
165.421686
