30.925983
30.892994
30.586195
30.643761
30.967619
31.889165
31.142810
31.704953
31.469917
31.249440
31.789262
30.343115
31.799121
31.527829
31.642429
31.388029
31.464348
31.310661
31.949346
31.762807
31.466803
31.550308
31.687286
31.116656
31.547087
32.413166
31.117829
29.662113
32.485783
31.173691
31.561740
32.629527
31.479582
32.004392
32.170614
30.096212
32.153731
31.983871
31.565660
32.209059
30.672446
33.025886
31.648197
31.293638
31.008228
31.681701
30.651082
31.416338
30.854926
32.034645
31.217865
32.021805
31.028237
31.654413
30.635028
31.467409
32.852415
31.772252
32.292811
30.839640
31.893680
31.834999
31.756087
31.423663
30.639222
30.392680
32.700297
31.568503
30.475527
32.189925
31.025546
31.163776
31.093489
29.929653
30.371416
30.866280
32.160310
32.299264
31.420259
31.688447
30.824435
30.639309
31.474598
31.555835
31.383577
33.039522
31.600476
32.751248
31.862044
31.132639
31.888889
31.399944
31.411915
31.680852
31.375716
31.752572
33.022879
30.710409
33.263420
30.865210
31.713503
30.694283
32.172873
31.683518
31.809141
33.085920
32.453574
31.260844
31.924495
33.272326
31.963067
30.790059
30.893553
30.650779
31.046398
32.004302
31.041803
30.851919
31.607395
30.409501
31.998633
32.544621
32.756644
32.786731
30.542670
31.764167
32.640327
31.003479
31.431067
32.236369
30.954838
31.421672
31.446113
32.416438
32.342651
31.209553
31.723201
31.938216
31.581387
31.832631
32.942991
32.263565
32.696229
31.580264
32.374337
32.252550
32.534844
30.368927
30.392970
31.366640
30.981475
30.693929
33.007323
31.262239
31.271549
32.563857
30.830761
31.767040
31.869887
31.123193
31.069164
31.991656
32.316988
31.938078
31.299953
31.033010
31.913223
32.174073
30.477921
31.656228
31.539548
31.458957
31.602529
31.142391
30.164581
31.634926
30.747446
30.799880
31.313690
30.678109
31.221663
30.148035
31.042160
32.088535
31.776029
31.895958
32.280685
31.419412
31.854521
30.056637
31.247268
31.256971
30.217704
31.233412
31.399620
31.601048
31.154218
30.856166
32.108549
32.749622
31.597345
31.709606
31.979813
32.224766
31.368930
31.921249
30.586266
30.282979
32.072299
31.055449
30.699173
31.433448
30.151946
32.068356
30.924833
32.217112
31.864250
31.078022
31.846757
30.536450
33.242039
32.534378
30.771462
30.792003
32.136276
30.850741
31.556938
31.479343
31.021950
31.358769
31.792789
30.992007
31.268522
31.729686
30.932538
32.208614
32.028642
29.810836
31.759346
31.576428
31.202572
31.465443
30.950475
32.566813
32.346165
32.947333
33.120330
31.865274
32.655030
31.379571
30.608007
32.483242
31.734179
31.766575
32.885124
32.351159
