96.34890169140625
103.94102735546875
108.57093024609375
109.07283941015625
109.42397380859374
109.4144454296875
109.6383671484375
110.14271859765626
110.2371172109375
110.78200442578125
111.12749212890625
111.28086819140626
111.30894212109375
111.61481954296875
111.78963429296876
111.71525523828124
111.82652105078125
112.068325296875
112.2718685546875
112.25454568359375
112.27860188671875
112.40623227734375
112.36454981640625
112.57038290625
112.566222765625
112.609842484375
112.634221375
112.56639926953125
112.4997218828125
112.48852736328125
112.4483361171875
112.35830657421874
112.28760013671875
112.20779355078125
112.1424913203125
112.1315860546875
112.11142303125
112.18969124609374
112.2782569453125
112.26468346484376
112.31571083984375
112.33645741796875
112.3880687421875
112.43822637890625
112.5042859296875
112.52183466796875
112.52950548046876
112.52426528515625
112.61213721484376
112.68833860546874
112.74190638671875
112.69234201171875
112.61949819140625
112.60301658203124
112.618758328125
112.644450796875
112.73361602734374
112.7450524453125
112.72079652734375
112.70944072265625
112.6653359921875
112.677538546875
112.64597636328125
112.602110703125
112.56027463671875
112.63255691796876
112.67389890625
112.68829982421875
112.67707721875
112.669945140625
112.69758832421876
112.69412364453125
112.6666134921875
112.62440977734374
112.64825409375
112.648798765625
112.68071430078125
112.673395125
112.710109421875
112.75975405859376
112.790603578125
112.73374770703126
112.7262655546875
112.77152720703126
112.7934073671875
112.8195842265625
112.856147578125
112.8474368046875
112.8031079296875
112.8338664296875
112.82563045703125
112.8310417734375
112.81757633203125
112.81458442578125
112.8303776328125
112.8259090234375
112.845391171875
112.84992953125
112.81994704296875
112.80656037890625
112.79816472265625
112.79050938671875
112.8058162578125
112.8194292421875
112.815802609375
112.78478465625
112.78552106640625
112.8328122890625
112.8772105
112.9301349375
112.98213719921876
112.98609615234375
112.94972253125
112.92151793359375
112.906768703125
112.90697001953124
112.908929421875
112.89299746875
112.862717390625
112.85297683203125
112.86573873046875
112.8702799296875
112.87831953515625
112.88573821875
112.9192971015625
112.936833171875
112.94480591015625
112.92622037109375
