16.685224
16.770260
16.504127
16.927570
16.840874
16.048342
16.187051
17.151986
16.970689
16.916074
16.725337
16.404607
16.688093
16.908699
16.765711
16.183432
17.135427
16.757059
16.975165
16.664543
16.701174
16.499469
17.161962
16.414182
16.614318
16.808502
16.426263
16.465326
17.229854
16.434047
17.004286
16.901621
16.244771
16.289125
16.404659
16.412908
16.477329
16.754859
16.825103
16.764643
16.627468
16.792875
17.210054
16.719247
16.501847
16.663506
16.789460
16.948836
16.416929
16.331553
16.551721
16.497079
16.466134
16.564312
16.657776
16.443961
17.220178
16.689745
17.208957
16.618225
16.943317
16.390204
16.631911
16.971131
17.099920
16.578934
16.987407
16.931221
16.287690
16.979988
16.323381
16.457801
16.799700
16.498842
16.489544
16.283068
17.046741
16.752512
16.572290
16.612859
16.317122
16.708599
16.828998
16.660368
16.292573
16.412906
16.513361
16.457011
16.415511
16.963686
16.054499
16.238085
16.570406
16.791177
16.379705
16.775140
16.885321
16.997319
16.353999
16.659387
16.718029
16.729528
16.667045
16.715977
16.643923
16.827056
16.788630
16.380486
16.711252
16.951842
16.809369
16.531950
16.313491
16.029141
16.389972
16.707468
16.610710
16.350501
16.365249
16.211891
16.676265
16.257647
16.442719
16.191385
16.663299
16.673493
16.454656
16.123463
16.350025
17.369247
16.879187
17.066180
16.267874
16.079534
16.178208
16.852926
16.225127
16.891621
17.247255
16.708542
16.165170
16.943257
16.964494
16.524808
16.609031
17.033859
16.779830
16.315611
16.411129
16.676948
16.447344
16.704760
15.980524
16.527006
16.676129
16.828461
16.752287
16.242803
16.425140
16.475180
17.108767
16.551194
16.349147
16.851911
17.143371
16.212941
16.671404
16.688752
16.790355
16.200324
16.366777
16.815659
16.715506
16.517936
16.911409
17.041742
16.773520
16.850570
16.479825
16.966288
16.614567
16.868611
16.588514
16.664016
16.677680
16.742099
16.151921
17.199005
16.761864
16.300103
16.076828
16.908041
16.973153
16.611125
16.609482
16.402681
16.962316
16.115835
16.795126
16.695120
16.698287
16.549812
16.444678
16.214102
16.697619
16.702054
15.831628
16.762734
16.259762
16.548083
16.693948
16.579500
16.858772
16.624274
16.525450
16.849731
16.682812
16.607087
16.656805
16.895899
16.770341
16.731708
16.260602
16.488648
16.278084
17.042046
16.533775
16.179537
16.034968
16.227132
17.100366
16.704668
16.088839
16.544468
17.130926
16.676971
16.881306
16.385675
16.279007
16.330317
16.308548
16.335990
16.977347
16.462919
16.694824
16.676775
16.365865
16.443363
16.607866
16.692243
16.821970
17.015195
16.888288
16.480985
16.791175
16.699313
