77.43910091796874
77.37985000390626
77.49968522265625
77.37438334375
77.33323128515624
77.39488665625
77.39696355078125
77.4108119296875
77.38553053125
77.4115529140625
77.3745859296875
77.33986401171875
77.35280562890625
77.33047812109375
77.34343208984374
77.30575537890626
77.27783673046875
77.25681884765625
77.25189608203125
77.26210982421875
77.269409015625
77.26286641015625
77.2503084453125
77.24175512109375
77.237503796875
77.22853003515625
77.2253066875
77.22469703515625
77.22196538671875
77.21952616015625
77.21546334375
77.21800191796875
77.22021748046875
77.21682809765625
77.21638593359376
77.244179375
77.241887921875
77.2451639375
77.23645996484375
77.24912317578125
77.24159142578125
77.2469885859375
77.252593
77.256995953125
77.2587495
77.26880265234375
77.26964721875
77.27361391796875
77.2667106328125
77.26469449609375
77.263623796875
77.26804164453125
77.26047951953124
77.25884874609375
77.25684309374999
77.25574358203124
77.2503429296875
77.25694290234375
77.25913288671875
77.25594271875
77.2529941484375
77.2517051484375
77.25145157421875
77.250119734375
77.2453155
77.2542149921875
77.255603546875
77.25856943359375
77.25975027734376
77.27101709375
77.27325825390625
77.26824327734376
77.2720118984375
77.26723013671875
77.26753415234376
77.2585505234375
77.26393481640625
77.26278398828126
77.266772578125
77.26564666796875
77.26267667578125
77.26167891015625
77.2585883359375
77.26450819921875
77.26989533203125
77.26815824609375
77.27246066015626
77.26784710546875
77.2722113828125
77.27627262890626
77.27078331640625
77.27442206640625
77.2741801015625
77.27821391015625
77.27981106640625
77.2719305703125
77.270686234375
77.2701793828125
77.2631842734375
77.2602125390625
77.2558013828125
77.2530260078125
77.253371078125
77.25372375390624
77.252004953125
77.25490860546876
77.2541361328125
77.25261998828125
77.25496169921875
77.25896748046875
77.26205725
77.2621190703125
77.26203046484375
77.26315259765624
77.2657451640625
77.26376936718749
77.26194560546875
77.2599383046875
77.25824496875
77.25613551171875
77.25592277734376
77.25254154296876
77.24712462890625
77.24863258203125
77.24717264453125
77.24910714453125
77.24918066406251
77.24439776953125
