394.991341
490.207523
1445.375089
642.544000
864.663889
1073.899312
504.135940
814.410219
515.458848
964.806821
738.406275
384.328488
695.150888
1044.615371
1089.476262
357.772163
661.570049
445.480840
505.600058
803.284394
678.144734
714.565794
1613.983104
796.299445
844.822842
1109.817414
1182.631034
1808.749885
747.219632
419.429660
1177.843032
1196.902112
1215.169746
334.862250
843.327197
374.207146
298.623558
693.088094
1500.538535
1059.099517
864.646281
998.956960
727.842676
944.953654
749.050763
595.365740
654.041959
958.008027
363.180878
823.607557
435.428445
967.907878
730.660129
869.812086
1135.612093
542.488873
841.410989
601.880874
420.175313
761.480953
1296.528370
374.736936
1048.544499
479.394413
2342.389258
519.075540
242.659971
669.777108
891.305300
351.456120
841.785092
844.118643
1004.143513
1007.698023
1331.450317
575.882262
884.798591
807.976807
917.221201
683.355296
1303.847986
1222.466023
729.318029
811.114614
625.264798
1462.110161
1206.631975
556.074488
352.772484
314.577098
690.368127
857.213469
929.329504
545.010792
699.429482
872.102909
314.249011
1578.476813
910.802331
1012.239833
477.832652
611.484926
468.451183
681.905592
467.517852
1915.790385
1619.935008
383.140917
540.931831
923.413472
1449.991709
434.413017
547.729457
774.635627
1518.623459
1747.439999
378.009265
920.778447
509.502891
400.964078
619.708616
1298.720737
1242.428808
953.437413
1635.693364
308.145901
525.884040
621.809350
1263.182211
1294.824960
283.583690
393.609976
825.838672
1372.282714
570.164396
559.647611
382.513074
966.298123
714.763782
505.479261
692.233489
1039.368567
735.516545
283.374262
630.213796
809.425735
943.571270
800.432610
529.386999
611.928511
1029.157370
265.755655
692.518706
256.026901
1756.201566
655.677233
469.634310
1071.356905
810.105467
825.915115
1893.485716
737.612165
649.893329
1365.408727
909.576546
767.278496
636.158739
1064.512854
1515.590125
1378.897351
1284.294545
1129.044909
1026.003821
691.724956
913.511413
1028.772251
1209.487786
874.783910
434.524475
702.767918
1222.430114
1823.698914
1531.597354
306.100471
606.681425
1217.426629
701.477524
707.290876
461.364559
721.710865
721.024064
529.769693
434.062123
731.509987
740.664107
436.699608
835.552057
922.696485
1450.422533
1672.700038
1167.898023
556.821441
730.833160
897.658109
617.893511
555.911204
1132.204711
895.037294
620.924602
886.739338
1487.264330
1280.902672
1367.478402
660.302855
782.062111
537.618466
524.653090
611.283474
808.430833
933.797157
541.956828
602.703424
1771.645904
436.618241
477.758217
353.125344
1257.151954
1407.184274
584.942366
353.976826
910.368154
1033.762181
469.566609
958.489358
1076.977323
325.354252
710.261994
545.664034
786.383280
772.381672
738.594341
856.939199
674.675698
569.999107
469.478020
606.829178
575.842754
672.894656
694.233860
631.516698
1745.616291
473.731857
515.545369
283.175836
753.749735
1055.346832
