514.133284
610.090563
1567.253671
761.814087
982.456648
1195.164900
623.003527
936.013125
634.504328
1084.614304
858.510753
503.439416
813.504232
1167.815067
1211.569356
476.976801
779.052133
564.806171
625.979740
922.297566
797.912139
835.085363
1738.456545
916.556005
964.314789
1230.608520
1303.477352
1930.967527
868.216691
537.982831
1298.979081
1318.909233
1336.503900
452.972677
961.980766
493.116945
415.409234
813.591283
1617.538205
1178.074002
985.637370
1120.620269
848.005074
1067.013653
869.989029
715.963536
773.510637
1079.026950
481.254053
943.651974
554.572378
1086.949174
850.843683
991.045759
1254.455621
662.333117
962.027454
719.420425
538.040107
882.077451
1417.952720
495.507973
1168.310770
598.857986
2465.039256
636.120936
361.595403
789.030977
1011.146087
469.738818
963.129914
963.763175
1123.871853
1128.855460
1452.590573
695.631318
1004.592823
927.466052
1039.738966
805.605019
1424.733823
1342.110174
852.065418
931.852251
744.400594
1582.458628
1329.310256
675.652226
469.887883
433.101793
810.631799
976.717626
1049.378617
662.917900
818.346216
990.957513
433.638045
1700.875946
1031.635296
1133.720626
597.435877
732.839308
588.352520
801.236166
587.405859
2036.535205
1740.358295
502.111955
659.956728
1044.104449
1571.820829
554.989789
666.770979
895.772200
1640.858044
1871.823251
497.302048
1042.469259
628.751376
519.917193
740.673160
1419.669321
1364.633968
1073.209473
1757.190293
426.574050
646.051224
740.824444
1384.246969
1415.626427
402.411964
511.194404
946.232986
1493.070869
690.888343
680.679543
499.857761
1087.033715
835.690182
624.834053
811.900056
1158.945431
856.399228
399.681346
749.215870
931.624569
1063.989317
919.233172
649.271981
731.131702
1150.140587
383.838631
811.002092
374.044226
1875.182985
773.964364
590.331725
1192.987385
929.327422
945.532645
2013.611693
858.309284
769.475211
1485.664054
1028.349846
888.577169
754.110985
1185.726166
1636.954487
1499.371612
1404.748247
1249.747609
1146.435693
811.567459
1032.897382
1148.068569
1330.662278
995.707114
552.511263
821.856103
1343.347261
1944.178557
1655.473060
424.685397
726.480791
1337.880284
823.331407
829.101080
579.697282
841.536004
838.652977
648.881508
553.305671
850.641356
861.664803
556.705796
954.542098
1044.286955
1572.664744
1795.098858
1288.058132
675.022195
849.953620
1015.585673
736.647739
675.141769
1253.722419
1014.414542
740.448389
1006.537446
1609.522148
1401.127385
1488.157053
778.883703
904.149051
655.849645
645.127600
731.326374
928.146531
1052.513864
662.323167
721.167989
1889.678240
554.688546
597.897803
471.656256
1378.599358
1528.419890
705.294545
472.476494
1028.900880
1154.754493
588.853511
1079.738189
1198.512563
444.184982
830.150691
663.420579
906.591603
891.891174
857.010522
976.706814
793.175877
690.279856
588.739104
726.684235
695.207094
792.622980
813.946075
749.503891
1866.524404
593.075253
634.308466
403.644203
875.182404
1175.746876
