3.75320022265625
4.41617671484375
4.74498662890625
4.83468320703125
4.83876125390625
4.8883860078125
4.9525873515625
4.9945769921875
5.0137871171875
5.04723996875
5.05218590625
5.060837015625
5.04478425390625
5.0444821484375
5.039404546875
5.03568298046875
5.04870689453125
5.0825194609375
5.099939578125
5.0909558828125
5.09695111328125
5.10666701171875
5.12971292578125
5.15076148046875
5.15161330859375
5.16305904296875
5.1661773359375
5.16096756640625
5.1560270390625
5.14054636328125
5.13774251953125
5.134720125
5.125170328125
5.11670460546875
5.115027203125
5.1176864765625
5.11719484375
5.11053000390625
5.10268457421875
5.10126693359375
5.09815903515625
5.10381166796875
5.1070542578125
5.0972359375
5.09518029296875
5.08300559375
5.08250405078125
5.08826225390625
5.0883897734375
5.08741619921875
5.08227698828125
5.0799325859375
5.07841247265625
5.0828340859375
5.08658353125
5.09406599609375
5.098811171875
5.11099918359375
5.1103233125
5.110306890625
5.1114765820312495
5.1107949609375
5.108821234375
5.1068406484375
5.105005703125
5.106307828125
5.104331109375
5.10334973046875
5.103587578125
5.10273455078125
5.10540720703125
5.10891685546875
5.10712992578125
5.10128624609375
5.10264693359375
5.10482453125
5.10359044140625
5.104326578125
5.1012908984375
5.09526746484375
5.09441826953125
5.08934612890625
5.090357859375
5.08944216796875
5.0890769296875
5.09082812109375
5.08983408984375
5.08587926953125
5.0844550859375
5.08807966015625
5.0910651328125
5.08973300390625
5.08856715625
5.08560743359375
5.080380859375
5.07483648046875
5.0715682578125
5.06899026953125
5.06785792578125
5.06972664453125
5.075259109375
5.0773580703125
5.07671907421875
5.07531066796875
5.0742110625
5.07436351953125
5.0755096171875
5.0765968203125
5.07543084765625
5.07244712890625
5.07141619140625
5.069022171875
5.067584953125
5.0676913828125
5.067831421875
5.06522212109375
5.0604828203125
5.058830375
5.05849605859375
5.061437859375
5.06203590625
5.06559354296875
5.06687898828125
5.068917578125
5.07170494140625
5.07285153515625
5.07454027734375
5.0751048984375
