12.68623596484375
14.34435166796875
15.32586046484375
15.73031980859375
16.03417041015625
16.15679463671875
16.3964743671875
16.49255102734375
16.6207521171875
16.755672140625
16.83989887890625
16.7972494765625
16.698733265625
16.64658828515625
16.627149515625
16.65515062109375
16.69150547265625
16.65435812890625
16.66746758984375
16.6717957734375
16.7023713046875
16.68949144140625
16.6454795625
16.65537660546875
16.65754354296875
16.68577313671875
16.677533421875
16.63488455859375
16.62587177734375
16.64242665234375
16.61904566015625
16.58957628515625
16.5936964375
16.58370131640625
16.58049890234375
16.6062448984375
16.61416900390625
16.61658795703125
16.61198193359375
16.576006890625
16.597315535156252
16.595039390625
16.61036564453125
16.636161390625
16.64845053515625
16.6551000234375
16.66277340625
16.65570321875
16.6488279375
16.651653562499998
16.65817758203125
16.62821240625
16.6164475078125
16.6184606015625
16.62629709765625
16.639515515625
16.65301549609375
16.65967950390625
16.6478782734375
16.63141598828125
16.6139795625
16.6082794296875
16.5996737890625
16.5971356484375
16.614519234375
16.62184487109375
16.61854703515625
16.62191408203125
16.62303472265625
16.628373765625
16.64178184765625
16.65928005859375
16.6515555546875
16.64719336328125
16.64726150390625
16.65538111328125
16.655608828125
16.662609046875
16.67639094140625
16.68690728515625
16.69578105859375
16.68597341015625
16.68161440625
16.6783414453125
16.67204233984375
16.67163418359375
16.669060828125
16.67776412890625
16.6716757265625
16.66024756640625
16.66100073828125
16.65231276953125
16.6451469609375
16.6360003359375
16.63350809375
16.6357473515625
16.64571975
16.639097046875
16.63077794140625
16.63444219140625
16.6338398828125
16.62917825
16.6252171484375
16.615462359374998
16.60740839453125
16.5971235078125
16.599492640625
16.6096114453125
16.60725130859375
16.60646028515625
16.61002902734375
16.61302273828125
16.6162889453125
16.61642612109375
16.61201295703125
16.61181837890625
16.614283328125
16.61654774609375
16.6203778203125
16.624643171875
16.64127199609375
16.638365140625
16.6422902578125
16.64017978125
16.637857234375
16.6381877890625
16.64484040234375
16.6266100390625
