34.4396591328125
38.2047815
40.1709736328125
40.79337225390625
41.198873796875
41.36370903125
41.5046282578125
41.80469026171875
41.897445640625
42.110684421875
42.3901112734375
42.57888940625
42.65847002734375
42.7228058359375
42.7306837421875
42.6631909609375
42.69516215625
42.82943190625
42.88505894140625
42.907178359375
42.90533430078125
42.91777503125
42.92170599609375
42.953185296875
42.9583210625
42.97139757421875
42.9758785546875
42.96475353515625
42.93738048828125
42.93974932421875
42.94532186328125
42.9301940390625
42.90044055078125
42.86551858984375
42.82767873828125
42.8139749765625
42.80849583984375
42.8324166953125
42.86901935546875
42.8736458671875
42.88600519921875
42.89198729296875
42.9094491171875
42.949630640625
42.9882335625
43.000531875
43.01116762109375
43.0068450390625
43.022766144531246
43.037584234375
43.0494014375
43.03670419921875
43.01629327734375
43.004429390625
43.00324386328125
43.01610743359375
43.0328665703125
43.03919598828125
43.04813067578125
43.05299316796875
43.0403672421875
43.04066208203125
43.02916281640625
43.01489186328125
42.99537919921875
43.01509903515625
43.0271657109375
43.03303644921875
43.0258803125
43.03305892578125
43.0418650625
43.0484530390625
43.05039339453125
43.0446980078125
43.04832332421875
43.04714571875
43.06012791015625
43.05061396875
43.062299820312504
43.0813796640625
43.09470908203125
43.0937900546875
43.085196765625
43.09584366796875
43.1094659296875
43.11343582421875
43.12689597265625
43.11943212109375
43.10784000390625
43.11981881640625
43.11251856640625
43.1249374765625
43.1295093671875
43.13463859375
43.1449447265625
43.14362084765625
43.140385515625
43.14881147265625
43.139362375
43.1336932890625
43.1275385234375
43.12596841796875
43.13248212890625
43.1394321015625
43.15189280859375
43.1415144765625
43.1315251640625
43.14082097265625
43.16407469921875
43.1781178515625
43.1901001640625
43.19989135546875
43.19474137109375
43.18610116796875
43.1841701015625
43.181239859375
43.18034105859375
43.17755071484375
43.166722078125
43.16130358984375
43.16173612109375
43.1641172734375
43.16910330859375
43.1755420859375
43.18306616015625
43.1845382109375
43.17759221875
43.115428984375
