2.8436103671875
3.49851147265625
3.8240654375
3.91311914453125
3.917327515625
3.96680767578125
4.0305236953125
4.0718487109375
4.09066009765625
4.123585546875
4.12850404296875
4.1371168828125
4.12104969140625
4.1207969375
4.115722984375
4.11178559765625
4.12485325390625
4.1585048515625
4.175927734375
4.16713891015625
4.1731894609375
4.1828339765625
4.20571277734375
4.22649846484375
4.22746492578125
4.2388203359375
4.24184374609375
4.23652690234375
4.231649015625
4.21628667578125
4.21340821484375
4.2103745859375
4.20085179296875
4.19247480859375
4.1907956171875
4.19342171875
4.1929737734375
4.18636788671875
4.1786787578125
4.17722135546875
4.17409421484375
4.17964365234375
4.18282962890625
4.17307662109375
4.17108196484375
4.15898502734375
4.158518703125
4.16429102734375
4.1644202578125
4.1634255703125
4.158348984375
4.15606172265625
4.1545804453125
4.159079703125
4.16283566015625
4.1702690234375
4.174994015625
4.1870767421875
4.1864434140625
4.186360015625
4.1875313046875
4.1868490234375
4.18483825
4.18286576171875
4.181054328125
4.1823053281249996
4.1803189296875
4.17930596484375
4.1795438125
4.1787008828125
4.181374875
4.1849077890625
4.18313375390625
4.17738404296875
4.17873990625
4.1808810625
4.17960646875
4.18029961328125
4.1772841875
4.17131028515625
4.1705130703125
4.1654849453125005
4.16644661328125
4.1655460859375
4.16517276953125
4.1668825625
4.16586151953125
4.161926125
4.16055603125
4.16411091796875
4.16704365625
4.1657657421875
4.16458759375
4.1616334453125
4.15644655859375
4.15100775390625
4.147718984375
4.1451526796875
4.14404364453125
4.1458918359375
4.15139581640625
4.15347450390625
4.15285330859375
4.1514619296875
4.150393921875
4.1505320859375
4.15163741796875
4.15275619140625
4.1516046796875
4.14865753125
4.1476073828125
4.145230921875
4.14380259375
4.1439413828125
4.1441262265625
4.1415340625
4.1368161484375
4.13518623828125
4.13487340234375
4.13776571875
4.13835448828125
4.1418953984375
4.14316412109375
4.14517321875
4.147955015625
4.1490920859375
4.1507560859375
4.1513586875
