4.5150289921875
7.67768338671875
9.4061278125
9.91599804296875
10.26372764453125
10.3804644140625
10.48839612890625
10.75265887109375
10.8346173203125
11.02053615234375
11.27216544140625
11.44953380078125
11.5197055234375
11.56832597265625
11.56150121484375
11.49718962109375
11.52741344140625
11.65170030078125
11.70208825
11.72404306640625
11.72119752734375
11.7311424140625
11.73297328125
11.7614692421875
11.76664182421875
11.778209234375
11.77759583203125
11.766538390625
11.73874803515625
11.739961734375
11.74283902734375
11.728050515625
11.69888979296875
11.6643911875
11.6242768203125
11.6070796875
11.60260419921875
11.62506165625
11.6595753671875
11.6629279375
11.67313581640625
11.67798343359375
11.69711244921875
11.7340652265625
11.7689195546875
11.779025734375
11.78960504296875
11.78341337890625
11.7983577734375
11.8121671015625
11.82320123828125
11.81246483203125
11.79152216015625
11.78047495703125
11.77922398828125
11.79272669140625
11.808338984375
11.814665484375
11.82195215234375
11.8265818203125
11.81537615625
11.81377127734375
11.80296969140625
11.79013228515625
11.77191317578125
11.78956321875
11.8011956484375
11.80647065625
11.7989970390625
11.80550308984375
11.81354454296875
11.8194149375
11.8227021171875
11.81831856640625
11.82120916796875
11.8194883828125
11.8306957421875
11.82126394921875
11.832510796875
11.8509861328125
11.86423328515625
11.86381515234375
11.85622003515625
11.8660249140625
11.8785962109375
11.88192173046875
11.8935665546875
11.88736944140625
11.87570430859375
11.8878520234375
11.8812371640625
11.89306634375
11.89714764453125
11.90226333984375
11.91222319921875
11.9109635
11.9073315390625
11.915391640625
11.90756194140625
11.90148571875
11.89630890625
11.89539173046875
11.90147752734375
11.90761584765625
11.919956921875
11.91018838671875
11.89923099609375
11.9089086015625
11.929930828125
11.94289162890625
11.954645359375
11.96410958203125
11.95956858203125
11.95158804296875
11.9494330859375
11.94675897265625
11.94549778515625
11.94284993359375
11.9316327265625
11.926675609375
11.92683862109375
11.92958408203125
11.93403242578125
11.9397316015625
11.94664499609375
11.94816747265625
11.94114615234375
11.92557065625
