77.715564
92.932641
89.178479
110.746043
83.733912
77.654573
85.367323
94.275943
81.047666
95.262952
63.672454
91.341537
94.657208
122.493827
93.280962
109.593394
120.042405
111.834101
85.635564
115.266590
77.108958
95.982466
109.971603
89.198567
69.928664
86.177259
82.061648
89.335042
117.813129
95.469658
108.995039
112.494568
98.502813
76.703323
99.642074
84.386644
129.123771
91.909503
93.671487
119.141604
80.272120
147.458709
144.117646
82.602407
133.615601
90.868246
69.189607
69.819207
86.032009
94.233438
67.754838
72.669330
120.782452
83.635004
97.140112
82.325326
109.322861
82.502122
105.177769
104.173349
103.124887
73.517386
75.043174
86.019279
92.578106
95.587642
129.748653
78.073694
84.928983
131.871929
95.544534
125.785069
93.450439
91.751729
102.422199
85.308400
85.274192
102.327062
127.989135
105.271016
76.351763
83.759257
109.732109
128.207813
94.782163
105.085966
95.075368
102.065335
102.883649
70.991775
76.862600
81.874576
97.475708
120.072365
76.508543
68.674940
94.965299
62.485434
87.305233
81.520569
108.548000
126.006119
75.562381
78.491884
81.719358
108.144873
107.185177
90.020458
85.793557
82.335179
82.888282
83.192189
75.312111
115.167200
123.383059
102.568038
114.603828
121.691131
94.068004
92.654113
108.796068
100.332377
106.597735
81.533992
82.359764
99.657946
80.209496
99.674939
123.780300
95.791120
90.375950
124.357760
67.672380
104.567173
72.091718
87.519039
86.427771
90.081021
110.492801
126.517142
88.285892
92.592516
85.613506
80.874212
66.276662
75.061859
94.649767
71.353090
88.001298
95.315543
73.961564
85.896560
81.313051
84.106823
94.533782
98.786253
74.563184
56.577420
98.888211
82.186548
110.979660
122.985740
88.638401
82.301427
120.881605
103.952940
87.631777
100.191861
84.397873
114.577315
73.522628
99.960533
98.870271
87.307265
98.886679
109.367001
80.942734
105.197291
77.524100
86.202038
95.563617
85.161012
117.753873
104.325717
94.512793
84.084827
79.513161
112.170227
84.354008
120.525969
92.999657
90.451672
91.987105
88.657091
101.991295
81.482424
89.174687
99.148216
101.625892
92.519340
128.745135
104.134272
95.969905
115.640346
78.213726
84.345959
76.611856
99.578977
89.471537
103.365788
118.034435
131.359325
103.893499
88.096795
101.354601
65.548796
97.708947
92.244103
88.415818
123.490130
109.102663
88.215169
79.287338
80.969459
84.973549
82.599497
84.254141
75.400287
80.056441
66.001922
93.571491
96.186667
93.462038
158.880259
86.226024
88.842496
81.897128
80.802640
71.385058
74.640232
104.378175
83.908264
83.274993
91.863993
106.037009
84.268787
101.263602
105.268594
91.798058
96.788187
131.055447
89.287443
71.921343
89.839576
102.902353
94.602193
