44.342606
46.247554
41.571704
47.038135
40.927030
40.663919
49.215501
44.585150
48.065907
44.213210
39.140892
46.806910
46.065450
45.042911
43.162435
43.258391
54.858889
50.466944
46.995133
43.834817
41.833323
47.892660
40.572350
51.113597
44.040009
49.962209
43.967622
48.669665
43.065722
41.519132
53.773304
42.598483
43.846724
49.554990
53.037389
44.540844
40.976159
48.626448
48.504741
50.938933
41.089549
42.092895
48.762506
47.939315
43.493915
45.269537
42.130967
43.983023
48.703721
45.226316
44.741785
41.348936
51.872270
46.637078
44.481788
41.704675
43.224795
40.868022
49.605813
43.291679
43.251910
41.807942
45.705058
47.342578
47.383428
40.924210
46.664184
44.124486
43.196156
43.053633
45.469146
41.346827
45.835292
44.512226
41.650234
43.694903
45.003607
43.037180
46.141225
47.853453
43.584700
42.248104
43.887793
42.184853
52.294760
44.824528
46.919705
45.161301
40.727803
41.859209
49.056801
43.598019
41.595156
42.400756
42.983571
43.965462
43.199531
41.909239
39.586009
42.647729
43.514759
45.888883
42.524814
45.767288
47.859457
50.018497
45.019298
46.379647
48.435261
43.416128
43.631394
40.337429
38.998362
42.005117
38.824015
52.545237
39.268729
47.975152
44.337396
41.059218
50.497064
43.432863
41.612504
46.108571
49.349726
42.563475
39.295937
44.471342
49.211309
46.903901
45.999020
42.264304
48.264633
43.118714
48.365499
42.067275
45.987139
43.271829
50.308968
46.369714
42.732255
40.534134
40.030712
40.037347
40.049422
42.888385
49.609072
42.310371
44.779996
39.605683
41.588800
43.101104
39.969623
42.820920
43.140461
44.245009
50.435996
39.540514
41.093136
43.594599
44.732742
48.528657
41.169907
41.664592
42.689167
48.289139
46.948544
44.706732
46.176912
42.602902
47.531317
40.325247
39.700039
41.518481
44.475844
47.691809
45.701103
41.835875
42.118525
44.936720
43.408355
43.192374
43.682969
46.551923
53.669863
45.325460
43.227397
45.685286
47.532764
40.350532
39.461860
39.370616
41.276291
40.839465
40.259367
46.298475
52.085564
42.987898
42.049544
44.070799
43.498511
42.920051
44.711682
43.331023
42.516679
42.451149
37.600702
44.607483
43.757926
47.105080
43.830458
44.924091
42.531149
41.297468
44.313515
50.496755
46.155607
42.557358
41.886655
48.239107
43.062793
41.691287
43.874495
43.012633
39.494742
47.360036
41.213457
46.315518
42.516605
40.236745
44.326869
47.693990
41.970982
41.483250
51.078722
45.577385
42.278475
42.385959
37.887262
39.524244
45.338061
42.403893
45.390218
41.501716
49.592493
44.141966
46.297646
42.907822
42.744813
45.161177
48.857846
43.432227
41.741213
41.013650
50.691190
43.596272
