126.320943
131.253866
125.933972
122.406545
135.763250
130.775850
126.023586
123.605017
130.093098
126.903585
131.252278
129.185432
124.862313
123.332889
128.605244
202.413189
122.703407
139.065685
135.426771
130.883464
130.656278
130.966583
129.857016
127.911445
126.672339
125.380673
135.014425
134.780604
132.337345
130.842154
124.464409
124.310328
128.087470
139.317012
124.163975
127.430883
126.024060
125.353856
126.087415
124.264758
131.630512
128.148441
127.356089
125.158961
144.275499
139.281030
125.771874
125.952348
123.396293
123.553398
131.840228
128.386666
131.810081
128.723053
139.415114
134.477355
130.438883
128.288602
127.377476
125.903832
133.792954
127.444085
131.387421
125.561064
136.126021
132.369646
124.528940
121.037544
128.731145
127.958514
123.466672
131.804246
120.625883
126.175624
131.805386
131.316030
121.592161
120.921516
131.743368
129.290914
138.449728
133.583370
135.673308
132.482959
126.713403
124.193192
127.274052
135.943132
126.960466
126.003686
126.036601
126.487319
126.809401
123.319032
128.783745
125.884692
121.575897
121.939923
132.250280
128.655170
127.083950
124.273804
125.119163
124.972079
130.467481
136.893336
129.834489
128.643137
128.461860
127.470114
124.323931
125.461303
126.736817
125.990943
127.629251
125.915378
122.821014
123.327450
129.520501
128.064766
130.627609
150.005555
127.086518
125.080839
127.255655
125.925261
127.653584
129.145462
138.175034
135.167484
123.844037
122.140335
123.868358
123.906429
124.258124
123.743131
125.345061
132.317248
125.537794
123.278435
127.505785
129.213908
127.693709
125.247957
129.676342
150.951747
129.463086
127.089216
144.889558
140.841580
125.328799
124.748952
127.825026
125.197147
127.028246
124.968490
129.047467
128.592386
131.748445
132.813025
142.524327
137.852450
126.765013
126.917026
132.192222
145.843403
134.140223
143.367334
124.727943
121.409342
130.460244
128.662833
135.151499
131.607437
125.010815
165.570550
122.382881
120.299505
126.330571
129.442755
124.456076
124.999718
131.707750
137.166991
128.844086
126.638706
123.786133
124.226914
126.314302
124.716633
135.004287
130.222328
123.716191
126.807262
142.404463
146.634736
135.346384
131.074774
127.882489
126.872781
125.808670
126.275080
137.309438
133.795893
130.288724
125.950840
124.609671
122.737338
124.418063
128.492020
136.911462
131.350469
133.215355
140.855296
134.180967
127.965894
128.825956
137.994547
125.702047
126.236379
134.793938
130.432862
126.652720
126.146994
126.226712
125.469968
127.241475
127.408647
138.303559
134.807170
136.365200
133.586694
128.783510
155.576547
128.430584
126.788025
122.046173
122.041823
131.099360
128.331778
127.966734
131.012099
132.392298
127.613826
131.375969
131.579582
136.207372
133.805519
134.506524
142.341339
124.500197
122.671786
126.086610
126.280913
131.950052
137.199340
141.385916
136.757350
133.290018
130.804466
123.650816
122.648984
124.552413
120.107395
128.876589
127.170724
134.050135
131.020211
128.853916
126.992578
128.064160
135.656854
128.045726
128.883576
129.895782
124.489913
126.524754
125.428831
122.901798
128.481637
129.732481
127.354919
128.636119
133.016620
130.180241
132.640140
121.604944
118.595060
128.695082
126.389653
131.297512
129.568776
128.735645
126.993329
125.176836
122.691417
129.231600
126.455031
130.136886
141.181582
130.908676
132.724374
121.974284
121.675401
123.400161
126.711538
125.137229
123.997201
129.883615
131.437467
122.271526
126.100927
128.010963
125.054931
131.939948
129.662352
133.272184
130.039783
129.742513
127.110160
132.663521
134.701209
131.125616
132.022306
130.664622
131.348778
129.005285
125.421167
130.683955
128.470543
139.182940
133.196465
123.575495
122.455785
126.959397
126.322632
135.428889
130.955227
131.176346
127.775290
129.834959
127.091714
131.531743
129.068146
125.690237
124.493412
128.890818
154.102033
127.517053
125.529697
126.988734
124.541964
129.231687
126.589779
131.982270
131.121041
124.804232
122.713869
134.646985
137.775903
126.466212
125.459545
134.284693
131.125681
134.802768
131.610651
134.094486
129.815569
127.629470
128.738964
129.460762
128.471983
139.759212
134.265610
133.322477
132.531263
122.389495
121.073046
126.117703
125.868036
124.795382
121.482258
127.057509
126.244298
125.153047
123.227234
128.989008
130.397176
125.451303
125.401613
130.295356
129.928583
128.448440
126.549558
133.764857
129.075666
134.790100
269.708368
128.651860
125.543253
129.523822
127.275629
123.945342
124.051062
121.266078
164.340913
124.865111
123.057037
124.415742
123.463754
124.341563
122.907551
131.989893
136.765516
131.339013
127.016795
127.638565
126.613195
126.764284
126.676343
134.762198
130.204255
128.971488
129.959678
133.033705
128.055699
121.127546
128.897973
134.031399
148.991348
124.799356
120.383294
126.785684
125.877947
131.102874
127.340668
133.210689
129.433165
123.678486
125.259609
125.309902
125.403107
120.930442
121.060706
123.651897
129.967461
121.533269
119.552264
131.785933
134.106263
128.090549
125.759060
130.789213
130.264736
129.099848
126.946835
129.740664
128.221591
130.104663
126.818746
120.856216
121.408497
127.158934
123.872840
124.009875
123.569609
125.142296
124.136934
129.517216
130.190949
123.877184
122.535842
129.344725
126.258591
128.044057
126.093063
124.202531
125.028470
125.310902
124.814398
129.096310
125.496490
139.823715
137.973455
124.658982
122.417334
127.610714
126.109981
129.633820
127.003011
125.551360
128.441101
124.756293
123.478585
127.067202
125.170492
124.095102
124.119352
127.853859
137.384892
136.437620
134.620079
126.519805
141.799027
126.293193
123.743879
126.625672
124.631641
131.524077
129.596538
130.571758
127.956821
