119.267781
107.173067
93.578378
87.383678
123.034047
113.266588
113.785623
101.357014
131.671132
116.968934
150.539484
129.909256
156.603759
134.693953
108.006493
99.773737
119.227704
105.167059
116.595679
104.513495
126.088497
117.063815
190.938232
160.150058
109.329683
100.472556
118.305915
105.176092
230.390798
205.748587
96.640024
116.601060
136.654768
119.881304
133.839551
205.987365
123.270716
112.506156
134.637726
118.723835
232.559429
193.612647
169.007893
144.438349
97.486564
92.712563
148.148116
129.031915
119.508816
118.165396
121.307653
118.512082
146.891504
127.564277
136.638667
125.169215
241.758523
199.000503
123.204976
109.310607
119.880636
123.673701
98.901917
91.755040
294.481125
239.798951
116.368698
109.386729
141.576258
123.248546
99.992701
92.345192
103.647801
95.137632
101.987291
93.862372
122.325477
120.445404
143.974773
123.833016
108.478168
99.014060
94.403813
87.855868
204.771749
173.050263
112.876951
103.971400
122.397043
107.912966
202.480576
199.491625
145.874676
131.856822
102.565527
94.719650
152.028335
128.612642
132.663483
116.439414
153.831638
134.081533
118.697252
122.511506
138.587083
122.296995
165.403814
143.850190
137.372520
119.671152
105.572941
97.065906
158.152799
136.147325
110.895991
101.217064
277.052349
224.147600
139.950475
123.716456
128.071741
120.099259
128.538094
115.610305
133.451753
118.212820
133.306593
120.138832
135.075309
118.272833
132.599870
117.729108
99.851217
95.009446
123.610969
112.368984
219.736573
182.344688
117.543059
106.144615
131.609329
116.341755
160.805551
138.011740
95.631064
89.540042
115.764703
128.129664
122.444895
110.356053
118.820389
106.982177
123.116169
111.802904
215.506362
195.687306
105.275362
97.073962
114.475316
113.099670
113.295919
105.601682
126.040105
110.071368
168.012859
146.341269
176.320521
150.212226
120.011717
115.611659
120.897051
108.017292
171.397112
150.773922
140.020798
130.036889
221.104331
186.833166
141.027318
138.035370
125.751306
111.839286
129.075322
114.330228
175.393842
150.122533
85.740744
83.325224
131.744225
117.033173
176.146311
151.111693
111.453275
101.812982
137.812360
126.251880
125.309846
113.750895
117.827709
106.384156
146.989640
125.821971
166.147433
141.341596
207.101290
182.975541
174.360502
151.689496
131.820837
264.841498
107.513470
98.584637
117.059389
105.401601
248.955814
207.628194
115.551649
104.352711
116.315733
107.745333
106.246733
97.491025
113.613061
106.762534
157.519750
142.212340
147.980191
131.504944
144.766716
126.592227
143.054527
131.846679
107.355728
97.384385
139.816134
122.866980
157.630442
133.397370
258.939903
211.201595
153.162460
132.599675
163.359127
139.060717
144.179622
127.562504
194.541885
173.308738
121.898592
109.238632
146.233901
125.926858
135.828744
120.763997
156.072613
133.593536
138.540752
120.264932
156.988755
135.122734
194.950752
163.097204
145.902499
126.751435
187.333492
163.923984
109.712095
101.135913
128.652017
113.635008
138.093325
124.914520
115.922197
103.575691
126.062753
125.223127
119.829730
107.411969
136.784199
118.680245
207.093026
172.324836
121.069488
109.175191
118.492563
106.060905
144.519065
125.209135
122.290805
124.257312
170.352656
146.498309
153.301832
133.774951
114.542283
103.998639
113.712697
105.935600
150.047938
129.521987
178.486046
151.500146
151.327851
133.380463
160.400105
140.854831
372.463719
298.202328
123.425552
112.455332
136.622416
121.134119
120.378811
107.625175
101.145559
92.764258
116.655427
105.621301
104.688489
96.152442
187.713879
163.242517
146.303518
127.396634
124.103206
110.613160
145.388390
127.330404
158.664914
137.900178
114.515708
104.473087
129.438112
115.393946
104.881366
98.264975
129.786628
115.561755
120.547904
109.035179
205.492946
190.232476
121.028519
106.841099
206.916837
174.116563
112.333888
101.964548
114.038167
231.687548
140.851364
135.092517
133.729411
122.797166
226.051559
196.054387
188.211496
163.414840
119.851408
130.626124
136.455435
124.914269
116.877140
104.205597
162.447743
143.755593
151.395441
133.486812
154.498267
137.501490
124.445681
124.707570
125.486702
114.314278
108.647823
98.896697
123.944781
119.688683
190.713926
161.008609
132.182911
127.223503
217.258420
180.110213
184.424520
156.749647
97.120771
89.986115
152.500521
435.242153
153.292549
139.760577
198.937150
168.936851
209.607649
188.234187
131.611322
116.457958
106.174254
94.936729
144.827274
124.845736
132.769156
116.205516
129.268671
139.607029
138.466266
125.744933
130.171591
125.605639
137.934186
120.550182
166.048655
144.751038
159.516759
147.181391
239.715366
213.338557
202.687212
178.166149
151.575480
132.015241
163.343856
144.665626
219.206130
182.393252
107.409812
97.722768
177.665378
153.772126
144.673325
130.531063
150.241639
129.088136
123.407206
110.229152
106.311167
98.478398
156.167646
136.531423
123.715454
110.991878
212.265820
177.190858
142.777403
125.288982
144.628349
132.249789
222.911066
185.607677
195.319554
163.608805
116.112797
110.013816
141.775230
130.966403
117.897544
111.043909
139.214460
123.118879
205.845427
172.228945
138.523027
128.369636
174.035364
156.329679
114.926807
106.815380
158.425775
136.227638
136.663465
124.307454
117.410299
104.417128
140.370532
122.793955
102.593631
98.302547
126.975245
114.597226
123.113416
112.466931
124.899120
115.009597
157.114941
245.225899
216.339529
181.494233
119.596021
107.076494
121.749096
107.071419
160.482067
138.853337
125.271442
111.782806
285.565414
251.971374
105.585596
97.729215
102.164746
110.384314
168.443522
145.380951
122.182039
109.930390
161.384974
140.316344
119.600570
114.886813
101.800086
97.582085
