100.338381
94.961136
94.626160
93.398320
100.364631
94.662811
98.987906
190.868988
107.371420
100.172981
105.551949
98.990445
100.966247
96.584370
89.137006
90.336677
90.553558
127.666770
100.933299
97.968822
95.608994
91.644960
92.384055
88.180776
103.477175
96.304568
96.118491
94.622631
101.167282
95.594980
89.008450
86.122513
97.842273
92.523898
117.529326
107.509937
97.861508
93.412700
86.251996
86.034479
87.951182
85.853781
106.913921
108.206137
104.547372
98.351652
95.534857
91.105914
99.912574
94.477410
100.103452
93.890750
99.966854
94.198703
100.766690
94.296891
109.270550
101.507819
91.652348
91.220819
86.393327
84.624892
94.078261
88.849982
122.817042
112.284553
95.547677
91.704394
93.678317
89.801709
95.326025
90.909202
105.275839
97.223346
98.566597
99.305038
92.936032
112.651516
136.079713
121.532642
92.320340
94.284876
91.530868
88.109696
112.153147
103.695433
91.986123
89.092478
97.924814
99.130534
106.458084
98.976714
97.365280
92.694845
91.617026
112.450106
97.136867
93.182269
93.100640
89.457663
95.042929
90.685650
88.855976
119.545352
116.940421
106.950161
108.936568
101.187978
111.877333
539.244009
95.413383
90.597562
98.061243
112.085474
108.758679
109.510402
105.477799
99.474285
95.743527
94.209812
111.110770
102.936059
92.472330
89.586280
112.863195
103.663028
95.381840
91.122084
110.014824
102.885934
97.948204
93.065288
91.644191
88.290294
109.323690
101.651325
96.158049
91.229149
108.517483
99.397122
95.184038
90.898717
101.037591
95.122610
92.091268
88.417938
89.470492
85.959412
106.962511
99.743582
103.301259
96.975474
95.746041
91.256733
133.127655
118.996775
93.753087
89.849143
104.047509
99.205607
98.497378
92.880103
122.964318
137.732857
102.694311
96.172892
131.200180
117.689749
107.715412
99.795080
103.357530
103.215598
102.632250
96.268952
105.523232
101.375453
108.607347
101.900796
97.730283
92.809059
98.858879
93.674909
123.503593
112.199734
105.302757
98.256833
105.525077
98.268204
101.627962
95.059598
96.597743
91.998404
93.848807
89.518109
101.138359
94.829043
92.771269
89.447481
104.327338
97.834975
99.787058
94.120240
95.024470
90.163722
110.729349
102.427192
96.774357
92.038099
91.214946
86.743700
110.323145
104.951013
136.924369
122.237097
112.021115
104.068475
87.782492
87.473447
107.454375
99.327925
91.346759
88.098700
125.922091
121.141205
105.569160
103.470104
127.102182
114.080195
94.528977
90.782933
101.233583
95.566620
97.862768
92.670683
111.055718
102.680318
100.197976
94.056154
99.720782
94.260582
115.369630
106.035272
112.130938
103.167675
105.942838
98.608617
95.176696
90.852564
102.597584
96.125291
97.175377
92.179430
96.250226
91.737039
92.098030
95.603461
109.023032
102.835687
116.130206
108.729202
87.786786
84.365760
99.250968
92.873797
90.211435
86.942723
101.315229
95.365195
97.841551
113.159222
106.596246
98.869658
87.418140
84.875166
88.042555
85.051404
95.991849
94.284337
101.271873
95.282069
94.627798
103.768773
102.898916
95.682533
94.837538
91.035987
127.544007
221.111731
128.319275
115.346040
98.892586
92.768948
87.959265
85.386392
94.895136
90.845878
86.582917
84.250426
97.264134
92.571723
94.116386
104.156713
95.147140
122.263171
104.586164
97.689461
107.626221
100.153144
108.274264
101.115158
101.879153
95.825969
97.754194
94.798424
98.861769
92.568533
100.023565
94.222972
94.782521
90.248034
115.529710
105.744495
98.592208
93.006704
99.529828
94.902321
102.620898
106.229108
105.883331
98.494432
92.999388
90.629493
108.293117
105.983957
92.824593
89.089479
105.224525
97.680485
100.439933
226.328071
101.950863
95.370810
108.338641
99.891122
122.786950
110.711291
96.683485
91.900260
148.426892
130.035599
89.883544
86.823580
96.791232
91.718723
117.307725
107.557572
95.875440
91.275711
113.665271
104.138891
103.715133
97.800625
101.366465
95.788708
114.425776
104.889171
98.456303
103.734530
120.593505
109.302441
91.798103
88.464110
98.698861
93.071504
92.427170
89.114257
100.345773
94.308783
101.992289
381.729068
106.763792
99.559030
99.563320
93.502309
92.666997
88.804772
96.368582
92.964276
97.971461
95.164242
125.318219
114.323183
118.479218
107.764940
101.143313
94.463630
103.166765
96.923826
138.515719
404.666112
101.064276
96.181257
97.917755
95.556118
114.210482
105.888272
105.170970
97.867248
97.631110
92.758142
95.024964
90.067089
95.846322
90.704013
101.357016
94.931192
103.865437
98.412845
99.202595
93.671260
96.395998
92.085687
106.380192
99.159809
95.672516
91.103290
93.999818
90.632816
100.546368
93.885663
103.946298
106.760749
110.229621
541.163926
99.084060
93.800752
112.906510
104.535220
95.694551
94.582792
110.775072
102.243928
108.870413
101.389536
144.321136
169.848406
101.333381
94.601069
102.533572
95.892245
98.049098
92.412606
109.062172
101.800115
135.003474
120.903753
101.671038
95.506929
93.180490
88.692421
99.798869
94.112132
100.863152
180.295260
98.166312
105.242102
88.164430
102.894874
94.955049
90.351268
117.286098
116.397751
87.682216
413.354771
86.831840
86.227232
91.395446
88.124241
97.476510
93.684318
102.667027
96.618744
97.998168
94.924028
95.210660
92.083286
90.000979
86.697364
97.789797
92.941721
84.415918
82.835274
119.349974
108.607843
108.034266
100.385927
112.797796
102.864341
108.316377
104.121635
93.009353
101.253701
106.809241
99.533482
92.840338
97.444038
96.990027
101.024455
104.293003
97.323708
92.211096
88.167378
