6.463817
6.846278
6.324600
6.487656
6.807715
6.486218
6.502768
6.983503
7.003784
6.422727
6.532993
6.460290
6.474227
6.641256
6.284833
6.343255
7.141800
6.886007
6.985278
6.571410
6.582848
6.199440
6.809419
6.244868
6.267559
6.636598
6.697181
6.717718
6.987260
6.574659
7.330509
6.713314
6.299322
6.492271
6.239810
6.272904
6.529959
6.714028
7.219668
6.751970
6.549371
6.781198
6.890071
7.063857
6.462488
6.193929
6.795738
6.740053
6.283527
6.740293
6.681206
6.647930
6.683915
6.430217
6.607655
6.065741
6.673600
6.618225
7.214839
6.428863
6.682219
6.687619
6.906952
6.545368
7.242358
6.476273
6.906706
6.829199
6.119020
6.726208
6.313671
6.673432
6.512610
6.495417
6.211213
6.212786
6.977451
6.669030
7.073157
6.794938
6.231382
6.414773
7.114945
7.118719
6.523302
6.112701
6.267411
6.849460
6.760415
6.607619
6.555243
6.222769
6.964105
6.912958
6.647949
6.757008
6.576516
6.395994
6.600923
6.619764
6.614398
6.789861
6.179437
6.927274
6.672974
7.027129
6.839253
6.656067
7.230970
7.064673
6.501061
6.240012
6.552146
6.195746
6.579364
6.764989
6.978241
6.355620
6.385554
6.624752
6.933668
6.379508
6.959825
6.529746
6.808574
6.451947
6.611409
6.468352
6.845066
6.860877
6.816311
7.023930
6.522837
6.306415
5.972188
6.569082
6.696487
6.722527
6.836598
6.697452
6.592222
6.614450
6.747897
6.584045
6.610564
6.779971
6.773363
6.550340
6.763833
6.686486
6.484195
6.169137
6.387082
6.684053
6.241711
6.378513
6.706714
6.339596
6.624553
6.646591
6.849163
6.527514
6.727460
6.307843
6.531903
6.125693
7.103522
6.699044
6.091991
6.393130
6.455901
6.805072
6.923598
6.544845
6.421213
6.604678
6.651841
6.895848
6.210621
6.472417
6.455045
6.877666
6.494124
6.138366
6.876038
6.611645
6.322621
6.587577
6.983539
6.387398
6.371802
6.330897
6.391172
6.736281
6.202217
6.340229
6.773680
6.316559
6.518580
6.779489
6.806942
6.551112
6.455054
6.569873
6.606250
6.824096
5.972233
6.699032
6.226551
6.688703
6.885901
6.366236
6.770876
6.533933
6.120388
6.456278
6.746010
6.392524
7.017737
6.788954
6.772324
6.617310
6.695350
5.887304
6.255971
6.624505
6.202550
6.534771
6.353709
6.288796
6.868091
6.404128
6.327288
6.800210
7.000100
6.799235
6.226041
6.614660
6.434707
6.282596
6.539228
6.400197
7.048238
6.764206
6.300217
6.951878
6.444273
6.270621
6.965411
6.657822
6.763349
6.384213
6.341225
6.318219
7.049007
6.711782
