217.932450
184.404339
221.502055
208.149671
192.355069
204.304132
227.422639
212.573750
213.897501
234.962289
198.454447
196.252325
236.674501
227.153393
190.423820
209.692076
235.093013
272.532093
236.455701
208.866313
180.812546
194.599097
182.203284
217.315111
200.248080
194.308162
212.856602
210.560961
211.000212
212.661603
282.269563
191.452553
186.988302
317.255811
258.416084
181.654272
197.976361
207.589081
194.815921
287.849340
209.324912
224.767046
453.030592
218.860510
214.752464
193.033880
181.600222
224.257679
204.282758
176.328088
240.096527
195.361942
202.403011
236.865547
231.182793
201.929658
222.789540
212.879937
184.999349
213.299969
220.619515
212.967811
221.672128
220.920158
197.468335
198.565131
236.664843
230.623131
183.575481
219.642845
196.337802
188.856478
246.108264
268.397420
178.678621
219.616332
219.192276
338.655528
223.421729
226.280783
194.083108
234.840388
217.656435
210.182236
202.426784
302.533164
202.031186
223.942171
188.133239
209.644014
219.010517
183.838016
179.158648
186.039608
233.121976
221.712524
197.656766
178.728059
201.654155
192.245840
230.185617
227.398787
261.677496
216.653032
223.605167
243.457167
208.797637
195.478294
180.653024
235.392600
208.656945
207.594368
223.881960
187.954625
203.848890
232.036872
197.494951
253.601464
216.052908
190.573806
324.923015
241.269071
187.395096
221.864820
235.114519
192.616265
195.143178
241.740695
224.879414
281.614719
201.351801
236.519681
187.722471
210.851629
347.911705
210.356460
206.663378
190.658603
210.939231
239.291412
187.898227
231.391340
188.836419
186.683057
225.646078
206.862262
362.625640
229.208926
214.440562
197.665880
217.474434
175.936775
211.958202
240.477751
244.214396
255.098235
200.840952
223.727574
212.394465
215.512065
197.834431
235.940397
203.680797
181.216854
240.794652
217.278251
222.975372
223.717925
191.631746
238.327388
234.597981
205.179550
209.096556
236.405959
210.917853
224.253255
232.959725
268.750122
243.487255
185.836950
249.737474
200.135809
194.295010
235.142408
258.677067
201.542104
204.407111
229.185889
373.198057
190.069834
196.421637
236.304440
223.696699
200.011529
199.736287
253.218147
225.696429
182.211059
181.788722
249.869598
237.449227
211.276055
216.834345
242.642417
189.897804
213.126239
178.521875
296.415466
203.711446
225.829586
270.291376
245.627077
200.715137
237.352841
252.328448
261.815506
225.581499
258.845180
239.365303
198.404451
237.681534
200.047085
193.619873
183.956775
208.992132
337.495052
198.883716
247.271849
197.136545
184.884686
187.153853
235.456764
255.161495
187.955569
221.922797
222.756934
206.809360
200.684522
226.726103
292.766131
189.019007
199.617681
212.042403
188.150396
249.740902
239.823928
254.383951
202.029836
213.094563
220.163842
200.589225
204.406896
191.623895
190.751111
216.027493
202.587386
