6183.036112828125
11917.805627664062
17612.32374621875
23321.923676390626
29034.204604109374
34714.79261567578
40403.909637765624
46098.23843839453
51770.85120595313
57442.07756001172
63147.827575300784
68822.94257108204
74488.11245588672
80174.85204222656
85843.92670014453
91510.27638346875
97181.31834931641
102848.81096748047
108496.81471595312
114170.26667574218
119817.11200725
125466.09277609375
131115.4677142461
136774.06401364843
142432.7259752656
148087.77910734765
153759.63395892188
159420.97994404298
165074.0745211758
170746.77132795312
176418.7959873633
182087.8274800664
187759.93159708203
193428.8890720703
199086.2106114922
204733.54850620314
210409.20220733984
216092.7218046289
221763.93678151953
227446.51376639062
233100.77107583595
238765.26344538672
244423.52590273827
250084.48405114064
255746.17151708985
261412.10797825392
267089.17064453516
272746.51881482423
278402.0534914492
284052.71683971095
289711.6000193125
295372.6088831914
301035.98344069923
306691.04596757033
312341.66365366796
317998.70898248826
323649.4503459375
329315.92523810157
334991.0626383711
340661.3019339961
346319.5916365586
351992.4816721211
357653.16756566794
363300.6706327695
368967.07695563673
374631.69374896877
380293.27246778907
385960.7791304883
391623.51225885935
397276.48230589065
402938.33415402734
408591.1211040508
414257.97826821485
419906.4509456719
425565.6760687461
431233.9894836836
436884.8582408164
442554.42473495315
448203.35707692185
453877.43959021487
459527.8630710391
465177.9732286797
470827.1241285742
476493.82992833987
482144.95932696876
487798.486792125
493466.3012045352
499127.2655207734
504790.33885813673
510468.4301743281
516124.89338699216
521783.43428922654
527434.5127411914
533089.3604170508
538744.7835498203
544387.4710590196
550046.3980407695
555709.1148600351
561363.9740328437
567034.8766615703
572683.0741750586
578341.5363066719
584007.4601022891
589652.0758636015
595312.3800058359
600975.5370921445
606628.592037457
612269.9540887031
617933.5526444414
623599.1402685078
629257.3751541093
634933.2567107773
640593.189513832
646254.4812555547
651916.5526611914
657580.4364235391
663235.9231166797
668881.6039496055
674533.571050707
680198.1376384688
685850.304273336
691506.443720625
697162.5949374258
702818.586500293
708479.1721449805
714132.7486115703
719795.852244586
725454.072728336
731113.8748798828
736770.1642707149
742416.2974087617
748067.2831544883
753718.1724910742
759377.7509485156
765032.3485883789
770701.6539142578
776366.3328714297
782027.3131812266
787677.0756324297
793333.1986589297
798997.384273754
804655.9460268555
810309.3471817109
815953.7085856484
821620.8009224688
827286.5480134024
832939.3076535586
838595.6587442695
844249.3390250196
849902.1509548984
855555.2703560547
861215.282974332
866891.3705807657
872532.9966065937
878188.5115089844
883838.0657337852
889489.635257125
895141.6043703633
900783.0450156953
906442.4906889453
912082.102093418
917736.1623476133
923400.125573086
929059.2004207813
934714.2051521445
940375.3211977149
946025.9749983164
951685.8758390781
957354.8939951055
963022.8147497773
968676.0733681133
974337.4486579101
979996.0083096757
985656.1773774453
991311.9464982656
996985.2732710937
1002643.6896245977
1008298.8118347422
1013963.5843790196
1019628.3151991328
1025282.8834156641
1030941.7966928125
1036587.2328532774
1042242.7379414805
1047905.8336851484
1053561.6667837892
1059210.788880625
1064864.0130835
1070530.565731918
1076189.5545678632
1081856.2997294688
1087509.907876879
1093172.6658742735
1098833.4167321913
1104486.5504326837
1110131.3687188593
1115803.2243397618
1121451.1973613866
1127113.9034703437
1132759.1456622344
1138364.1022155897
1143840.5995862735
1149183.0746942032
1154367.67460425
1159405.207849207
1164299.210784383
1169065.8729022734
1173699.1062901798
1178187.751808875
1182553.7230910782
1186784.4894496172
1190890.9008665546
1194867.3583378554
1198717.8198422538
1202440.2275640976
1206044.4654958085
1209523.460363258
1212887.7306194727
1216141.749523492
1219277.5989264767
1222290.7173205547
1225204.0249244492
1228004.5007060624
1230678.6616707891
1233256.344959379
1235727.4584625468
1238097.9310178945
1240359.8706572265
1242519.111065965
1244571.0389952147
1246529.93779216
1248396.7951774609
1250147.9986494805
1251826.8904398868
1253403.547591715
1254894.4047646797
1256289.3123480196
1257588.2456679258
1258791.7688004023
1259910.9555922188
1263778.4391844259
1274515.4072895977
1283359.3285576173
1290390.6236456055
1295706.5482491134
1299402.7278365078
1301526.4913969336
1302173.6835995116
1301395.9588548047
1299254.1341840508
1295807.3111760702
1291097.7474055078
1285186.5650346328
1278120.7700524726
1269942.9670518555
1260697.16455
