1128.881052
1726.696634
2357.955170
2911.802396
3438.165996
4053.237788
4644.145770
5257.995326
5799.871484
6293.813629
6839.486680
7425.871786
7964.919647
8585.419728
9163.750286
9694.316506
10259.351361
10783.916028
11304.806481
11792.983014
12253.837875
12788.658843
13329.485793
13829.744407
14349.031563
14848.452021
15291.992713
15759.045996
16280.767000
16775.808808
17307.950731
17886.104261
18429.541616
18987.616309
19463.599529
19973.695198
20508.888971
21067.454836
21591.052834
22081.728342
22660.428279
23268.134512
23861.444233
24420.183623
24989.624287
25583.871338
26197.018166
26778.003334
27347.748328
27904.801757
28473.321863
29039.153602
29613.959200
30248.799371
30800.363080
31358.074652
31893.521667
32400.272814
32937.031351
33434.992105
33970.557119
34545.893811
35125.311238
35697.563899
36184.634702
36716.137659
37231.355941
37844.864338
38390.031405
38984.237568
39549.002059
40063.803338
40570.328864
41174.455068
41713.593361
42252.048754
42815.095638
43352.076287
43870.847924
44427.576713
44965.341767
45543.194442
46142.454572
46679.372338
47305.180585
47856.538935
48435.551255
48942.447281
49511.279774
50092.070833
50690.699231
51228.828953
51807.067207
52324.500609
52868.998390
53471.528329
54030.719168
54587.260083
55179.359273
55757.448037
56357.319385
56964.173990
57555.999668
58155.001996
58719.865013
59356.417577
59951.088579
60560.932045
61121.930988
61708.554573
62273.452438
62777.072689
63259.011286
63583.288041
63839.009830
64025.437219
64144.666777
64208.486627
64213.836630
64096.075750
63924.365363
63703.050496
63493.729633
63423.514033
63309.335131
63160.097619
62964.629826
62741.078060
1198.591261
1866.622158
2402.017605
2941.123140
3560.162942
4082.632237
4600.574302
5209.520462
5793.224932
6366.498811
6930.027516
7533.972352
8114.736701
8622.269550
9176.706124
9742.256535
10268.544442
10815.987785
11342.926371
11912.234028
12490.248038
13032.172672
13590.961142
14173.407997
14756.692229
15299.379653
15833.167543
16332.524650
16791.996915
17306.720845
17845.158484
18322.363657
18817.683525
19326.570692
19784.060137
20284.397604
20769.819249
21280.172488
21736.658715
22240.028090
22738.569742
23242.908388
23721.136412
24240.594423
24701.928513
25235.095338
25743.496198
26279.588629
26811.284097
27337.717298
27868.467068
28382.392954
28947.740005
29507.669885
30017.342532
30620.703664
31199.040796
31740.779133
32303.775189
32823.428926
33363.756287
33868.506282
34422.369217
34971.140968
35514.575483
36090.288229
36651.847582
37212.216422
37755.130917
38279.098297
38770.128823
39293.178822
39818.203467
40359.455775
40915.042422
41526.989630
42131.884801
42741.641772
43309.193437
43923.578527
44469.596615
45058.635998
45592.396036
46152.990067
46723.812433
47346.298702
47925.840998
48526.620409
49091.800611
49672.407809
50263.788833
50889.260158
51511.580085
52062.511291
52615.387133
53151.438116
53703.342204
54300.348412
54853.751486
55401.506822
55982.531209
56520.289019
57145.645004
57648.155802
58201.893461
58750.899690
59327.094751
59923.399846
60464.993752
61061.222879
61645.642857
62166.948490
62636.335309
63033.769450
63288.057206
63471.290155
63620.524297
63661.938409
63675.366749
63597.792179
63471.457391
63280.826759
63021.690149
62832.909994
62726.741055
62584.993616
62414.486179
62200.876850
953.584816
1433.867697
1849.820860
2257.503686
2782.614070
3369.301750
3983.729118
4652.034145
5309.829649
6041.686789
6734.453790
7397.694936
8063.394475
8726.695336
9307.408456
9849.927274
10435.200238
10961.698183
11595.701516
12244.096154
12823.177910
13402.297678
13986.439645
14604.356766
15212.050334
15859.784596
16495.886358
17110.504920
17795.750408
18441.611596
18989.585080
19617.440530
20204.569794
20805.132792
21355.922435
21920.375674
22447.705997
22998.091593
23539.735159
24092.743232
24583.709053
25100.025665
25619.478899
26170.009908
26697.044414
27199.164569
27762.305813
28257.977084
28780.514428
29360.238263
29869.594085
30377.672343
30900.740278
31446.411712
32062.122879
32647.575080
33196.851495
33709.152044
34264.771371
34792.314299
35341.951397
35846.653883
36359.125198
36929.514875
37444.629129
37955.166223
38553.868073
39040.158629
39620.015568
40184.192459
40674.866327
41234.140646
41841.989163
42450.495488
42994.318425
43537.221772
44111.631130
44687.907550
45250.591892
45805.887442
46385.409646
46966.067005
47568.908400
48153.478204
48730.474771
49288.707275
49824.977884
50368.961564
50943.201613
51493.483308
52099.312603
52709.976985
53269.405775
53877.892822
54452.273493
55023.121659
55605.576990
56149.000737
56694.895124
57233.311338
57743.344452
58318.578384
58887.971618
59457.625976
59981.306850
60568.841506
61121.090867
61626.353874
62190.824067
62758.747249
63326.659686
63835.467462
64232.316095
64572.961200
64828.389360
65015.281063
65123.021177
65139.994099
65110.407975
64993.886144
64828.843749
64603.386624
64350.392799
64254.648251
64132.520464
63979.518663
63791.854422
63568.364089
