7.641475359375
7.84482548046875
7.9322023359375
7.96838066015625
7.9796010234375
8.0030510859375
8.01069239453125
8.015279234375
8.01310685546875
8.02376053515625
8.0220243515625
8.02582665234375
8.0274157890625
8.0280643046875
8.03126649609375
8.02832048046875
8.02740676171875
8.028298703125
8.0302433515625
8.03016104296875
8.035248734375
8.03416578125
8.0340391796875
8.03351282421875
8.0322281171875
8.0328713046875
8.03035434765625
8.03101166796875
8.0312896015625
8.0319044296875
8.0322751953125
8.03131865234375
8.03136661328125
8.03089494140625
8.03088412890625
8.033225671875
8.0331768125
8.03360309765625
8.03294359765625
8.034224359375
8.03437581640625
8.0346056015625
8.03464555078125
8.0352254765625
8.0362183828125
8.03847601953125
8.03882163671875
8.04022769140625
8.03909389453125
8.0385497734375
8.0381159140625
8.03772859765625
8.03704411328125
8.036895140625
8.03678425390625
8.0369349765625
8.0367964765625
8.0372987265625
8.03774304296875
8.03778719921875
8.0372862265625
8.03686976171875
8.03695215234375
8.0375718515625
8.03708050390625
8.03905984765625
8.03952044140625
8.03977303515625
8.0393048125
8.04043736328125
8.040937046875
8.040347984375
8.04054659375
8.0398388984375
8.040013046875
8.039015109375
8.03964753125
8.0398159140625
8.04033303125
8.040478828125
8.04008080859375
8.0397041796875
8.039744640625
8.03997047265625
8.04045244140625
8.0404896171875
8.04100386328125
8.0406745390625
8.0409101875
8.0417822578125
8.0407780390625
8.04141823828125
8.0415675234375
8.04209612890625
8.04192877734375
8.0408960390625
8.04146652734375
8.0411202109375
8.0401716953125
8.03998178125
8.03961255859375
8.03946484765625
8.0396168125
8.0399555625
8.0400071640625
8.04071481640625
8.0408640703125
8.04058875
8.04069882421875
8.04094270703125
8.04154084765625
8.0416533125
8.0418256171875
8.04218794140625
8.0425548671875
8.04257432421875
8.0424900390625
8.04253865234375
8.04230990234375
8.04235974609375
8.043270296875
8.0430398125
8.0427541640625
8.0429766640625
8.0428961796875
8.04284735546875
8.0425551171875
8.03527532421875
