28.21215838671875
31.39446024609375
33.2135752421875
33.51380113671875
33.7556497890625
33.8026714375
33.93484686328125
34.1408330859375
34.18719417578125
34.37535580078125
34.5231567265625
34.5831063203125
34.601278953125
34.71238954296875
34.7813461015625
34.7745442734375
34.81593094140625
34.90176101171875
34.97032882421875
34.97131691015625
34.9799504921875
35.0220168046875
35.01211846484375
35.08109923046875
35.084092390625
35.10513126953125
35.11746106640625
35.098017859375
35.0759430859375
35.07342754296875
35.06161604296875
35.0355003828125
35.01910267578125
34.99506829296875
34.97858341015625
34.97935501171875
34.97430237109375
34.9981069140625
35.02955199609375
35.024755625
35.04581899609375
35.05357020703125
35.07085386328125
35.0876854453125
35.114353578125
35.11727069921875
35.121997953125
35.118291671875
35.147669265625
35.17257773828125
35.1914815859375
35.174088
35.15368395703125
35.149212609375
35.15535123828125
35.16441917578125
35.193386984375
35.1975287578125
35.19105634375
35.1878145625
35.1724327734375
35.17727434765625
35.16976625390625
35.15408954296875
35.14087199609375
35.16394509375
35.17480819140625
35.1809423359375
35.17835389453125
35.177090828125
35.187308515625
35.1874995
35.176390140625
35.1634748359375
35.1712970546875
35.1721194453125
35.1837441875
35.18222148046875
35.1937494140625
35.21042508203125
35.22209341015625
35.20441562109375
35.20069360546875
35.21423941796875
35.22102994921875
35.2297225390625
35.2432932421875
35.24077033203125
35.226031453125
35.23505877734375
35.23290892578125
35.233507671875
35.22880653125
35.22652266796875
35.23312287890625
35.23290509375
35.23907508203125
35.2403796328125
35.2315535859375
35.2277998359375
35.2253825703125
35.22047541015625
35.2268540703125
35.23132278515625
35.231047046875
35.21981414453125
35.2203832578125
35.23444717578125
35.24955818359375
35.26649983984375
35.28310072265625
35.2850038046875
35.273693125
35.26399859765625
35.25781298828125
35.25938948046875
35.26043598046875
35.2560688203125
35.24625046875
35.2438880078125
35.24964508984375
35.2519162421875
35.25485130078125
35.25742784375
35.2683674921875
35.27519350390625
35.2781073515625
35.2315181328125
