11.24578935546875
14.1808300546875
15.9081930703125
16.83558661328125
17.24088339453125
17.42354888671875
17.58332009375
17.752650734375
17.92991394140625
18.0093734609375
18.19427371875
18.246623046875
18.29257646875
18.30934416015625
18.3959778125
18.45814256640625
18.5275446640625
18.6601203046875
18.83524638671875
18.9382871484375
19.0029262734375
19.02759205078125
19.00408569140625
19.0078494453125
18.983153703125
18.98590310546875
18.98751890234375
18.97076355078125
18.94637176953125
18.9665074765625
18.98989905078125
19.01391829296875
19.0323461484375
19.07301291015625
19.08360096875
19.10970353515625
19.1290470078125
19.18015369921875
19.2299969453125
19.2551025703125
19.27724712109375
19.304211921875
19.31614275
19.33199541015625
19.35665368359375
19.37830802734375
19.4129058203125
19.43563565234375
19.47031780078125
19.50109189453125
19.51724303125
19.50708594140625
19.5040142421875
19.49959623046875
19.4972046796875
19.51630507421875
19.5272720859375
19.52677596875
19.50134826953125
19.46772775
19.4349378515625
19.41080719921875
19.40669964453125
19.4074834765625
19.411608109375
19.412248453125
19.410261109375
19.41326515625
19.427520515625
19.43471598828125
19.47009278125
19.495836015625
19.509866046875
19.5169717109375
19.51677485546875
19.5036621015625
19.507634546875
19.52462549609375
19.540455046875
19.56147417578125
19.5752982421875
19.57435060546875
19.5649625625
19.5569349296875
19.547034390625
19.5442723828125
19.54290640234375
19.5358482421875
19.5194421953125
19.5022412734375
19.49507810546875
19.48170115625
19.4596285859375
19.44694155859375
19.43604605078125
19.4274015703125
19.42247208984375
19.4140986328125
19.39724690625
19.385540585937502
19.3738087421875
19.35670599609375
19.34701291015625
19.34547321875
19.347171828125
19.33908840625
19.33797692578125
19.34048503125
19.34335329296875
19.34850430078125
19.35294212109375
19.36296606640625
19.36845191015625
19.377593890625
19.38446387890625
19.38464727734375
19.38717908203125
19.38965921875
19.39489499609375
19.39709277734375
19.40800944140625
19.4125968125
19.4069114453125
19.400981703125
19.40325356640625
19.4067489921875
19.408817390625
19.39536442578125
