1.14993910546875
1.1669371171875
1.1900356953125
1.1984595703125
1.196986359375
1.2046285078125
1.2128091875
1.20671417578125
1.19780675390625
1.19911469921875
1.20235995703125
1.20327890625
1.20153257421875
1.2012613515625
1.203855921875
1.21272316796875
1.21257976953125
1.21412911328125
1.2147383437500001
1.2153306953125
1.21873283203125
1.21617378515625
1.21787329296875
1.21784859375
1.2164091875
1.21675709765625
1.21360651953125
1.21403500390625
1.21249694140625
1.2133864296875
1.2119500859375
1.2115795390625
1.21110133984375
1.2106839609375
1.20735605078125
1.20778085546875
1.20785745703125
1.20647155078125
1.2063616640625
1.20704310546875
1.20752125390625
1.20794216796875
1.2067678945312499
1.20569037109375
1.2050701484375
1.20424823828125
1.20648776953125
1.2067623359375
1.20644658203125
1.2065183515625
1.20674705078125
1.2052007421875
1.20464913671875
1.205099765625
1.20465216796875
1.204014625
1.2041076953125
1.2034874921875
1.203520484375
1.2022086640625
1.2017904140625
1.20096696875
1.20143447265625
1.20167484375
1.20142250390625
1.20218946875
1.20333571484375
1.202966328125
1.201720515625
1.20200763671875
1.20240616015625
1.20249196484375
1.20203190625
1.20237119140625
1.20208344921875
1.20122684765625
1.2007149296875
1.20078015234375
1.2011497734375
1.2016435078125
1.2022793671875
1.20199059375
1.20177204296875
1.2010268984375
1.201844875
1.202447265625
1.20285569921875
1.20200467578125
1.20183598828125
1.2017808984375
1.20166942578125
1.20142421875
1.20197053125
1.20210181640625
1.201789328125
1.2023666796875
1.2022256953125
1.20185837109375
1.2013686640625
1.2012854765625
1.20096544140625
1.201196890625
1.20162498828125
1.20212636328125
1.20310156640625
1.2033826328125
1.20338253125
1.203041609375
1.20370373828125
1.2033086484375
1.20389776171875
1.20338025390625
1.20337459765625
1.204345703125
1.20437657421875
1.204472578125
1.2042597734375
1.20380415234375
1.20408805078125
1.204115796875
1.20402248828125
1.203856421875
1.2039468828125
1.20349096875
1.203834421875
1.203662734375
1.20337808203125
1.202763421875
