0.40595787890625
0.91381188671875
1.11471177734375
1.18530021875
1.27758196484375
1.307195953125
1.3500850859375
1.36379663671875
1.3650688125
1.37540481640625
1.3928466640625
1.3998650703125
1.41039709375
1.43943030859375
1.44790094140625
1.44398686328125
1.44455373046875
1.44986560546875
1.45306428125
1.44417075
1.4449564140625
1.43917798828125
1.4573804140625
1.4618674921875
1.47028148046875
1.47002473828125
1.475639046875
1.480305390625
1.482434328125
1.48408772265625
1.48294525390625
1.48896932421875
1.48608903515625
1.48741399609375
1.48262246875
1.48044909765625
1.48048676953125
1.48311766015625
1.48083640625
1.47979098828125
1.4855234375
1.485328859375
1.4832123046875
1.48019221484375
1.4817538671875
1.4804393515625
1.4787853046875
1.479991265625
1.47746946484375
1.4792917578125
1.4793276835937499
1.4740152109375
1.4773786796875
1.4796180625
1.47729565625
1.47813646484375
1.4795530703125
1.480193046875
1.4840318984375
1.4907742890625
1.489682515625
1.4895575234375
1.487989578125
1.48776269140625
1.49244915625
1.490576625
1.4875483203125
1.48796347265625
1.48920001953125
1.4939926328125
1.49425051171875
1.4948633984375
1.49371831640625
1.495010828125
1.4934749140625
1.49260871875
1.4934252578125
1.4947479375
1.496017375
1.49884612890625
1.4985783203125
1.4958078789062499
1.4932073515625
1.49058651953125
1.49299536328125
1.49392684375
1.4936590234375
1.4939550859375
1.49381865625
1.49273887890625
1.49321004296875
1.49408937109375
1.49354437109375
1.49139842578125
1.49112996484375
1.4923394921875
1.49325144921875
1.49145924609375
1.48840455078125
1.4890472109375
1.4888213046875
1.4907316953125
1.4917833125
1.4912387109375
1.4922483828125
1.493141359375
1.4941983632812499
1.49369869921875
1.49301153515625
1.49226037890625
1.4917065703125
1.4937385
1.49329448046875
1.49441830859375
1.493541078125
1.49271452734375
1.49212719140625
1.491644421875
1.491229359375
1.4927485546875
1.49343848046875
1.4928034765625
1.4940064609375
1.4958451875
1.4966991640625
1.49803846484375
1.4967057890625
1.50116129296875
