8.167019
10.002440
9.364660
10.378324
9.036279
7.022732
10.732952
7.597674
7.272278
10.683614
7.745607
9.565501
9.554613
5.959019
8.518681
8.870599
10.766531
10.531597
9.755526
9.303934
7.533185
7.339603
8.803257
8.265652
11.589097
10.792909
8.005998
10.235847
9.835607
7.150231
10.152513
7.862386
10.495318
8.077075
8.731746
7.730023
8.246300
6.920167
10.126381
8.440427
7.259571
10.141451
8.339975
9.768318
10.952477
9.758598
9.385865
8.807885
8.886928
8.352565
7.722778
8.394100
9.161204
8.062510
9.959666
9.718793
9.614320
10.375818
8.703932
8.823362
9.828733
8.808278
8.539229
7.348355
11.490845
7.170407
10.088783
7.962806
9.117043
7.390074
8.433556
8.608569
12.311494
9.386976
8.741550
7.441793
9.459106
8.070344
9.413059
8.938608
9.717054
9.062017
7.579681
8.104181
9.656313
9.788984
9.522742
9.810989
10.974243
8.391351
8.566264
9.038882
9.737301
8.820704
8.079014
9.771282
9.169363
8.031406
8.995467
10.066290
10.098256
10.463384
8.447589
7.040951
7.558592
8.490567
9.025805
9.510449
10.238627
9.816756
8.438939
8.690057
7.266073
6.464273
8.219772
9.665829
10.916484
7.554462
7.916482
9.024477
10.325112
9.351158
12.357951
13.313447
10.648671
8.723031
8.199498
8.982635
10.267791
8.829030
9.317118
8.934454
8.181292
8.704911
10.514103
9.424209
8.883029
9.860266
9.702314
10.565680
8.836364
10.260975
7.944650
8.690149
7.909837
6.747264
11.539738
8.139994
9.404629
12.743349
10.509865
8.249426
7.525174
9.364920
7.131108
10.400029
9.364708
9.372525
9.040215
8.443776
10.949966
8.125898
8.071326
9.817504
10.179455
7.452948
7.768561
9.679998
8.071842
10.368388
7.467768
8.989235
10.213223
10.452704
9.440673
9.787434
8.456222
10.043659
8.852695
8.729190
9.426874
8.306396
9.394868
8.461449
10.208143
8.165853
8.240324
8.050056
9.146512
10.018964
7.966195
9.469601
9.208300
8.705054
8.815783
8.068527
11.743715
9.952780
9.022742
9.894285
8.631645
7.185311
8.568703
9.743270
11.439799
7.194580
6.594719
8.163366
8.794012
8.569601
7.283427
10.132702
8.631855
7.935948
10.301305
7.000436
8.028073
9.952505
8.428976
9.854031
7.982779
8.504434
9.875332
8.059023
7.199950
9.896312
9.107670
9.075976
9.330199
6.663543
7.869783
9.694310
8.862306
9.513523
8.137427
10.851735
8.002620
7.260006
8.559880
7.485742
9.188697
6.602013
8.881472
8.429841
8.115165
9.949873
9.209021
9.560390
10.207870
9.245206
10.205083
9.486039
9.126502
6.868913
10.138812
11.425074
