11.167189
11.008748
10.684643
10.858494
11.017761
11.746772
11.188228
11.632785
11.679055
11.256533
11.801771
10.487671
11.657447
11.442171
11.673346
11.366689
11.402359
11.473213
11.980483
11.761324
11.338168
11.655323
11.485826
11.042731
11.526143
12.443522
11.183276
10.059274
12.269139
11.260483
11.580715
12.624946
11.347179
12.110238
12.082891
10.262108
12.106609
11.958461
11.595387
12.101080
10.811229
13.071265
11.747366
11.419555
11.041128
11.825807
10.815292
11.442532
10.842676
12.105707
11.247433
11.938168
10.996347
11.740468
10.687596
11.383661
12.764659
11.798601
12.296214
10.780196
11.728443
11.672953
11.717619
11.427940
10.686143
10.572638
12.516925
11.577729
10.577782
11.988531
10.997052
11.241207
11.053010
10.352698
10.490031
10.989585
12.126864
12.287844
11.389678
11.692218
10.836654
10.789333
11.451633
11.512612
11.437564
13.083778
11.475043
12.656166
11.932371
11.328376
11.862398
11.345465
11.343467
11.449160
11.433677
11.631697
13.030011
10.772087
12.999343
10.964508
11.465127
10.918477
11.987076
11.719636
11.673925
13.025740
12.394802
11.164536
11.944002
13.294566
11.863612
10.873246
11.013479
10.863517
11.054331
11.955891
11.069384
10.894756
11.443744
10.479281
11.936911
12.401597
12.745201
12.754344
10.632900
11.763110
12.419663
11.205432
11.430575
12.021582
11.098410
11.555919
11.470490
12.383076
12.392645
11.316527
11.766395
11.979310
11.556773
11.725473
12.822704
12.246951
12.438217
11.487497
12.291775
12.116397
12.505062
10.589451
10.514631
11.394952
10.993451
10.642272
12.846970
11.317900
11.284106
12.507937
11.044379
11.737983
11.779838
11.277383
11.118788
11.895951
12.354434
11.921346
11.265715
11.089238
11.740044
12.107363
10.572452
11.659050
11.415063
11.521144
11.730735
11.180689
10.293446
11.601929
10.972524
10.770940
11.447492
10.829780
11.420854
10.235837
11.112447
12.018333
11.714696
11.722207
12.320588
11.441406
11.993928
10.126022
11.319324
11.223049
10.453947
11.249942
11.403240
11.669161
11.218111
11.027317
12.163581
12.580083
11.564138
11.701587
11.893438
12.143265
11.481430
11.926750
10.708442
10.431210
11.957175
11.072745
10.619937
11.489229
10.342229
11.985593
10.966690
12.180980
11.924490
11.100122
11.908419
10.567637
13.050806
12.400632
10.857322
10.910306
12.225680
10.992400
11.573233
11.530083
11.235259
11.300766
11.802077
11.066854
11.353349
11.664869
10.975948
12.215841
12.034238
9.948581
11.747077
11.607289
11.298331
11.652380
10.963502
12.473280
12.378472
12.906907
12.975746
11.785020
12.607186
11.321630
10.711305
12.444873
11.641211
11.790580
12.798998
12.319725
