27.368114
23.695947
30.250334
27.966161
26.958593
26.013484
25.925547
32.874268
30.610245
33.328645
27.854870
24.243314
35.560800
35.053206
23.207445
22.753485
33.406767
35.873604
33.062084
29.309477
21.726230
26.368078
23.667026
33.125770
26.201932
26.540343
29.905018
30.794251
28.540958
29.387995
36.417271
25.399983
25.781746
33.108521
35.283910
23.087927
23.009166
25.698855
26.146631
34.502926
25.883814
30.952028
42.483228
30.585733
26.822279
24.278663
24.472696
33.128738
26.533564
24.963152
30.604618
24.455959
22.605628
34.150371
28.388526
30.719982
29.696356
27.827384
25.115205
25.228465
29.117257
29.826943
29.141371
24.238531
24.993713
22.558529
29.618319
30.846999
21.161073
27.017547
25.924248
26.924260
33.803682
25.754367
21.523934
29.914645
31.482495
32.718791
28.742429
27.577558
24.710734
27.397316
30.567186
26.565996
28.117707
42.946085
25.576859
32.527745
24.124746
29.140898
27.547395
25.910686
23.951394
24.498350
29.108034
29.648019
26.476671
20.417002
26.288656
26.616386
31.518950
35.063849
38.318895
31.795182
26.324191
29.162970
27.241901
27.370042
22.912374
26.449504
25.005071
26.523719
26.801862
24.680617
24.325289
32.129742
28.464872
38.824466
28.748742
25.138593
38.885072
32.941708
26.012183
30.314800
33.367374
24.380395
24.136638
32.751041
31.998819
36.086453
29.809243
29.890886
25.023811
27.491083
37.023320
27.317749
28.363546
26.359839
26.282754
35.844855
27.793954
29.685968
26.586670
26.091278
29.128958
29.252528
44.825222
28.317957
27.299981
25.728125
27.584807
22.204419
26.691273
35.141595
29.450880
30.594585
26.847261
24.937082
27.919438
25.121685
27.452477
34.113148
31.082780
23.746047
33.582740
27.648834
26.941529
28.255612
26.687688
29.216928
36.051580
25.325156
31.832225
31.839798
26.716993
28.093866
31.026579
32.190059
31.614536
24.718429
33.243797
27.224294
27.378500
29.086457
41.648565
30.116483
27.004655
30.339555
44.918345
26.453091
26.572801
30.739810
28.309512
28.303167
24.165332
30.642520
34.111647
24.640786
22.523028
34.868380
33.054087
27.173613
28.012613
32.293986
26.467766
29.063698
22.049165
29.704990
31.073606
32.325283
32.479226
35.547553
24.767051
33.709357
34.660892
37.620402
30.479116
32.018416
33.488443
31.773455
26.442957
26.167176
27.978460
23.164454
28.045181
39.096728
25.015690
34.473525
27.425341
23.036467
23.769590
33.431876
34.505259
24.055316
32.161705
33.932819
29.305775
26.185070
26.999277
29.531133
24.729188
24.767759
25.932584
23.130871
33.269930
30.776058
33.912144
27.987019
31.809549
29.313609
25.608390
29.665105
26.403506
25.243979
26.912707
31.095464
