6.675102
6.742997
6.487531
6.934262
6.818496
6.081026
6.225110
7.117369
6.903852
6.927366
6.734594
6.444930
6.689789
6.892713
6.730982
6.214755
7.087557
6.732734
6.939856
6.611776
6.687033
6.526125
7.122842
6.414960
6.638655
6.811761
6.446685
6.539991
7.121979
6.473617
6.976172
6.877464
6.282994
6.302442
6.462460
6.421176
6.476719
6.741473
6.837440
6.731230
6.583310
6.770487
7.163553
6.727079
6.491895
6.695320
6.758900
6.947924
6.458578
6.313963
6.542033
6.496413
6.464371
6.577681
6.648137
6.465513
7.209058
6.695342
7.207140
6.627419
6.921917
6.363021
6.619941
6.935542
7.089727
6.581111
6.980930
6.913983
6.289007
6.931262
6.352944
6.489885
6.854603
6.526165
6.503119
6.306314
7.007028
6.774048
6.567889
6.622208
6.362795
6.658499
6.789725
6.641085
6.310742
6.436078
6.532839
6.446692
6.402403
6.958965
6.090369
6.297361
6.526219
6.740106
6.410502
6.740493
6.871137
6.946823
6.314521
6.661830
6.712574
6.701065
6.657165
6.693914
6.633703
6.789038
6.799923
6.404828
6.645627
6.930206
6.806489
6.560786
6.312202
6.069286
6.423461
6.710173
6.602516
6.375582
6.358339
6.242877
6.707202
6.255864
6.436670
6.216985
6.623606
6.694084
6.422332
6.147720
6.348275
7.298834
6.825596
7.027929
6.307298
6.145216
6.218368
6.822192
6.267376
6.863473
7.150956
6.770314
6.126310
6.939471
6.859242
6.508112
6.615643
7.023804
6.775894
6.318048
6.396426
6.694535
6.486620
6.751696
5.988562
6.523537
6.681946
6.816417
6.733965
6.215192
6.423826
6.479260
7.106105
6.533783
6.354198
6.848228
7.121122
6.252654
6.628303
6.686378
6.768632
6.177685
6.431491
6.833934
6.745152
6.530928
6.923329
7.049880
6.770348
6.827390
6.495219
7.007911
6.645938
6.822690
6.559681
6.675917
6.693655
6.746570
6.152758
7.175254
6.699526
6.350541
6.119820
6.911300
6.977801
6.613433
6.606433
6.442913
6.947930
6.164536
6.741248
6.706338
6.691630
6.555691
6.451867
6.235708
6.695986
6.689673
5.892568
6.776259
6.303326
6.566391
6.692859
6.603165
6.842557
6.611856
6.583138
6.809878
6.679380
6.614329
6.637653
6.874010
6.726135
6.683300
6.255376
6.479066
6.324568
7.042511
6.532205
6.253548
6.079092
6.277211
7.097939
6.717848
6.125651
6.561731
7.138464
6.629782
6.865572
6.360444
6.324506
6.308377
6.302469
6.339790
6.920377
6.401741
6.727609
6.643173
6.359646
6.452197
6.641662
6.698733
6.814958
7.027508
6.922292
6.496527
6.771069
6.711990
