368.03611359375
394.19893703515623
410.11343475
416.34172253125
419.3002372109375
420.06801105078125
421.55619556640625
422.9737606328125
424.20641122265624
425.12813408984374
426.8128521640625
427.133367546875
427.51857279296877
427.9606733203125
428.78942672265623
429.11888459765623
429.6348540546875
430.8444117265625
432.30665375390623
432.9893590546875
433.48264852734377
433.59988602734376
433.48481584375
433.64179763671876
433.4313974765625
433.41827733984377
433.412953265625
433.21209416796876
432.95306560546874
433.092463296875
433.20768539453127
433.36927358203127
433.4135412929688
433.6620749765625
433.62537539453126
433.839554015625
433.98643129296875
434.4828952265625
434.90433559765626
435.0786389648438
435.3077895234375
435.5105966796875
435.6377836953125
435.7579008203125
436.0005627578125
436.1479041875
436.41630583203124
436.58394766796874
436.9070577578125
437.19640901953125
437.3557072109375
437.1826519257813
437.1230716171875
437.09500624609376
437.07033001953124
437.21809241796876
437.38240971875
437.38311512890624
437.1771820078125
436.9334065429687
436.6344064804687
436.4572705390625
436.40157701953126
436.37879212890624
436.4084634453125
436.4365335546875
436.45241051171877
436.48161628125
436.57992053125
436.67637433203123
436.9682234179688
437.16502693359377
437.24331978125
437.272334921875
437.28066794140625
437.166155796875
437.23824996875
437.366854359375
437.5297419921875
437.74395816796874
437.867018375
437.7865410703125
437.68676190234373
437.6315925
437.5935802539062
437.604736453125
437.613258171875
437.54123650390625
437.3763415703125
437.26610681640625
437.2039634375
437.09799453515626
436.90940073046875
436.7904212265625
436.7184127578125
436.65825729296876
436.6205288125
436.53361884375
436.34308484765626
436.22803128906247
436.1254000390625
436.0056303476562
435.9646785273437
435.9598186015625
435.9916839453125
435.91538960546876
435.9265644140625
435.9687052890625
436.0154943046875
436.0809139882812
436.16323669140627
436.2435792421875
436.25818438671877
436.32337
436.35850828125
436.34632923046877
436.3554181992188
436.35182505859376
436.3707349453125
436.37979186328124
436.46290580078124
436.4874628554688
436.44273730859373
436.409456171875
436.46634210546875
436.52023572265625
436.52848802734377
436.51082746875
