102.427125
98.454347
105.241566
103.027467
101.585406
101.286206
101.031799
107.868900
105.861915
108.551732
103.135464
99.232315
110.846476
110.090260
98.277103
97.902913
108.407277
111.169849
108.099784
104.298333
96.491779
101.564194
98.041466
108.209114
101.188198
101.407544
104.737759
105.820426
103.359944
104.521023
111.511189
100.330617
100.785919
108.843803
110.407130
97.845440
97.622867
100.668620
100.934314
109.961762
100.898757
106.126595
117.970317
105.782450
101.725128
99.478731
99.309052
108.366215
101.404528
99.288588
105.778478
99.490524
97.452624
109.367656
103.591886
105.591133
104.748754
103.024949
99.967053
100.315797
104.090478
105.114556
104.177875
99.136679
99.661476
97.399637
104.652015
105.783594
96.016400
102.237617
100.743554
101.597703
108.977416
100.892033
96.414227
105.071848
106.412575
108.071895
103.390330
102.359819
99.770234
102.521583
105.297710
101.559887
103.026935
118.057274
100.494466
107.609812
98.959555
104.098904
102.390327
100.700666
98.656724
99.337416
104.222855
104.594715
101.392677
95.417118
101.473380
101.470651
106.729573
110.335670
113.593457
106.778050
101.182823
104.150077
101.964897
101.937999
97.656026
101.368252
99.740383
101.502294
101.953529
99.902776
99.314713
107.067266
103.544459
113.877562
104.293437
100.020468
114.226784
107.818526
100.778113
105.303944
108.422875
99.068069
99.219225
107.590918
106.907938
111.298180
104.524156
105.018317
99.605906
102.475080
112.039061
102.510840
103.515420
101.196179
101.403637
110.429901
102.722961
104.783926
101.584621
101.140319
104.205466
104.201589
120.188680
103.429210
102.232093
100.709344
102.391167
96.902909
101.858331
110.250817
104.718815
105.672101
101.847000
100.007184
103.020338
99.892828
102.440569
109.075137
106.351788
98.335202
108.659400
102.690891
101.801812
103.130389
101.260251
104.518188
111.268486
100.084229
106.533426
107.007062
101.509179
103.040736
106.011376
107.366994
106.629125
99.673974
108.279089
102.129448
102.234608
104.198129
116.582633
104.866110
102.176597
105.270436
120.197246
101.372755
101.546824
105.749256
103.680420
103.439814
98.952323
105.697981
109.061616
99.461433
97.333055
109.796902
108.455594
102.427080
103.188468
107.532103
101.290456
104.131795
97.112921
105.144859
106.210580
107.445805
107.696204
110.680942
99.556345
108.955897
109.804275
112.821471
105.420282
107.154174
108.857770
106.924848
101.327029
101.149532
103.150655
97.865478
103.163684
114.460968
99.600624
109.332024
102.408818
97.675671
98.424997
108.507584
109.768562
98.757989
107.382929
108.761549
104.535724
101.001276
102.098604
104.611113
99.327975
99.785743
101.029600
98.038408
108.075963
105.591343
109.162184
103.030735
106.853298
104.161735
100.266112
104.444684
101.099873
100.327344
101.730440
106.040666
