6.7984712265625
10.41746093359375
12.801910328125
14.4286479296875
15.48482323828125
16.306745
16.97286074609375
17.4694942109375
17.83527707421875
18.12064364453125
18.3436659296875
18.55345770703125
18.752256609375
18.90822083203125
19.034854625
19.15511340625
19.25544478125
19.33461667578125
19.40354498828125
19.47205380078125
19.5259872734375
19.583444859375
19.64265293359375
19.71883994921875
19.811819265625
19.9040364609375
19.98042571484375
20.043118734375
20.1018261015625
20.16007807421875
20.20906018359375
20.24936163671875
20.2857241484375
20.32859749609375
20.36317696875
20.4062357890625
20.435395828125
20.45771454296875
20.47488
20.4968016328125
20.53092459765625
20.56452405078125
20.5988892109375
20.62246955859375
20.64686693359375
20.6702747421875
20.69473914453125
20.7046792734375
20.71588367578125
20.735799734375
20.7582603359375
20.77934431640625
20.794971476562502
20.80441235546875
20.810281234375
20.820659265625
20.8327486328125
20.8440983828125
20.86275275
20.87688636328125
20.88538597265625
20.89167889453125
20.8983043125
20.90542694921875
20.916325984375
20.9240606484375
20.9328017890625
20.937548375
20.94236811328125
20.94168969921875
20.94365069921875
20.9522526328125
20.95289696875
20.9563454609375
20.95915296875
20.96161931640625
20.962919125
20.96202708203125
20.962164984375
20.9663150859375
20.97623784765625
20.9935894375
21.00643509375
21.01867666015625
21.0282828984375
21.03929059765625
21.04806735546875
21.05390051953125
21.06213371875
21.0674334921875
21.069368375
21.0700709140625
21.07041038671875
21.07086275390625
21.071105203125
21.0732114296875
21.07784487890625
21.08038076171875
21.0875503046875
21.08852596484375
21.08908178125
21.08847397265625
21.0903957109375
21.094392921875
21.10236694921875
21.10948403125
21.11492305078125
21.12211785546875
21.1299554296875
21.13414439453125
21.1323791171875
21.1303940390625
21.1280925390625
21.1237721015625
21.1192778203125
21.12046891796875
21.1233602421875
21.1280625390625
21.13532102734375
21.14295068359375
21.15137255078125
21.16116178125
21.16823295703125
21.17350747265625
21.17459736328125
21.17917118359375
21.18119358984375
21.1810355546875
21.18261204296875
21.18577112109375
21.18823250390625
21.18855544921875
21.1887971875
21.19157181640625
21.19355273828125
21.19437138671875
21.1939838203125
21.1941723125
21.192215375
21.19225896875
21.1933021640625
21.19366267578125
21.1958687890625
21.19804248828125
21.20135838671875
21.2031883125
21.20400554296875
21.20737763671875
21.20848703515625
21.211043
21.21366368359375
21.21836724609375
21.22426687109375
21.22793762109375
21.2312781875
21.23549780078125
21.23987771875
21.24263871484375
21.2447585390625
21.2488759921875
21.25421759375
21.25856541015625
21.26137090625
21.26415887890625
21.2672613046875
21.27079177734375
21.27268894140625
21.2734028828125
21.2746502734375
21.27728927734375
21.27890991796875
21.28026362890625
21.27988171875
21.28127435546875
21.28308377734375
21.28586870703125
21.28687143359375
21.289791890625
21.2918892578125
21.293123714843748
21.294218046875
21.296802421875
21.297819609375
21.29925356640625
21.30334421484375
21.3058719453125
21.3072128984375
21.3085307578125
21.309184421875
21.3086352578125
21.3085448828125
21.3085240859375
21.3073720390625
21.30797787890625
21.31094201953125
21.31648034375
21.3195048515625
21.3203141796875
21.32068033984375
21.32122258203125
21.3209040078125
21.3202301484375
21.3195497578125
21.3206748046875
21.3206372890625
21.32090769921875
21.32285304296875
21.325079765625
21.32809052734375
21.33096871875
21.3331460703125
21.3351119453125
21.33664333203125
21.33729035546875
21.3372639609375
21.33774616015625
21.33958228125
21.342242859375
21.3424395859375
21.34187109375
21.3407366796875
21.33951873046875
21.3386106875
21.33891067578125
21.33898901953125
21.3384445078125
21.3370291171875
21.33576238671875
21.336072046875
21.3374094140625
21.33843701171875
21.3391295078125
21.34042839453125
21.341113296875
21.341379
21.34173303515625
21.34258102734375
21.34195244140625
21.34271678125
21.343302882812498
21.34305441796875
21.34281095703125
21.3419233359375
21.34039459375
21.33810697265625
21.33601567578125
21.3361521171875
21.3359197734375
21.33477003125
21.3353920234375
21.33786588671875
21.340479484375
21.3414295390625
21.34205692578125
21.34290522265625
21.343418875
21.34408691796875
21.34291211328125
21.3421190859375
21.34110890625
21.3410518671875
21.3416699453125
21.34238798046875
21.34287146875
21.34388718359375
21.34450974609375
21.34602440234375
21.34706083984375
21.34810963671875
21.349472375
21.35193905078125
21.35380055859375
21.35546532421875
21.3578365859375
21.35921876953125
21.360829328125
21.36242981640625
21.363782109375
21.3661161640625
21.36655876953125
21.3674311484375
21.36926200390625
21.3696159609375
21.36923800390625
21.36852707421875
21.3687359921875
21.36717983984375
21.36618853125
21.366182125
21.365385121093748
21.36355832421875
21.3630842109375
21.361946609375
21.3600830234375
21.35912999609375
21.3594244375
21.3596206640625
21.35956594140625
21.35935348046875
21.359051671875
21.3588987265625
21.35816171875
21.3586075390625
21.35972850390625
21.36020334765625
21.36039830078125
21.36181634765625
21.3645724140625
21.3668603203125
21.36910575390625
21.37233028125
21.37610455078125
21.3793206484375
21.38253263671875
21.38423309375
21.3856948671875
21.38708476171875
21.3882657578125
21.39030234375
21.39232389453125
21.39381396875
21.394726375
21.39606072265625
21.39673498828125
21.39748392578125
21.39724624609375
21.39585459765625
21.39483644140625
21.39329496484375
21.39097859375
21.38973027734375
21.38887144140625
21.38956192578125
21.39077408984375
21.392166015625
21.393608046875
21.3944882734375
21.39544545703125
21.3951133828125
21.39474924609375
21.39567925
21.39670955078125
21.3974645546875
21.397050921875
21.39703395703125
21.39720998046875
21.39772399609375
21.39881515234375
21.40009437109375
21.40071009375
21.4012699765625
21.40109658984375
21.400903984375
21.4005310234375
21.4003560859375
21.40128470703125
21.4027503828125
21.4049039921875
21.4059910078125
21.407282640625
21.4008221953125
21.3835559609375
21.36183163671875
21.33686797265625
21.31014842578125
21.28238847265625
21.2551463828125
21.2274942734375
21.20056182421875
21.17465779296875
21.14869194921875
21.12258878125
21.0960083515625
21.070282753906252
21.04557563671875
21.02095940625
20.9960066640625
20.97166091015625
20.94765616015625
20.92365507421875
20.9007142265625
20.8778257578125
20.85474819140625
20.83137072265625
20.80830468359375
20.785681015625
20.7639243984375
20.743092125
20.72193562890625
20.700938296874998
20.679569515625
20.65818308984375
20.63700884765625
20.6166240546875
20.5961829375
20.57574564453125
20.55563537890625
20.53561798828125
20.51474749609375
20.4940815234375
20.4739035390625
20.45408958984375
20.43454705859375
20.41455936328125
20.39468158984375
20.37479794140625
20.3551996328125
20.33580255078125
20.3166246953125
20.29851755078125
20.280447875
20.26287076171875
20.2455444375
20.22836908203125
20.21051351171875
20.1927906015625
20.1749535546875
20.15720275390625
20.1406145234375
20.1243524296875
20.1083515
20.0923879140625
20.076924640625
20.060797890625
20.04359728125
20.026997921875
20.010843765625
19.99447229296875
19.9773204453125
19.96039275
19.944156859375
19.9278771875
19.9115524296875
19.89522804296875
19.8791248984375
19.8634598125
19.8476908671875
19.8324683984375
19.81679880859375
19.801498140625
19.7863958203125
19.771637964843748
19.756321765625
19.741549296875
19.72738229296875
19.71312094140625
19.69886367578125
19.68404541015625
19.66968306640625
19.65544548828125
19.64162334375
19.62723473046875
19.6124476875
19.59834673046875
19.58447180078125
19.57041403515625
19.5562615390625
19.54246603125
19.528303578125
19.5144345703125
19.50017809375
19.4860469609375
19.47218073828125
19.4585065078125
19.44535783984375
19.43261766015625
19.42023633984375
19.40791469921875
19.39573502734375
19.38320411328125
19.37095940234375
19.35827110546875
19.344809515625
19.33189521484375
19.31926632421875
19.30683159765625
19.294321125
19.28214859375
19.27009365625
19.25838051171875
19.24738843359375
19.2367312890625
19.22588508203125
19.21468723828125
19.20321423046875
19.191934656249998
19.180811996093748
19.17023860546875
19.15912595703125
19.14727420703125
19.13658952734375
19.12601808984375
19.11556308203125
19.10507925
19.09537367578125
19.08561009765625
19.076268359375
19.066261953125
19.0566887109375
19.0471950625
19.037212140625
19.02731909765625
19.01791334765625
19.00905836328125
19.000838421875
18.991981265625
18.982217078125
18.972194734375
18.96242806640625
18.95337406640625
18.9439942109375
18.93456979296875
18.9250470546875
18.91540815234375
18.90606635546875
18.8964946171875
18.88707333984375
18.87795613671875
18.86885373828125
18.86018048828125
18.852156128906252
18.84400128515625
18.835434921875
18.8270336484375
18.81825574609375
18.80949021875
18.80169894140625
18.79400338671875
18.7861324296875
18.77814478125
18.77073265625
18.76280537890625
18.755086171875
18.7470232265625
18.73913311328125
18.7312513046875
18.72339451171875
18.71561437890625
18.7076363359375
18.700383265625
18.6929915234375
18.6856135625
18.67794046484375
18.67049488671875
18.6635970859375
18.65694692578125
18.650712140625
18.64389703125
18.63629771875
18.630197828125
18.62352884375
18.61735470703125
18.6114094921875
18.6053157890625
18.59885704296875
18.59187453515625
18.584770953125
18.5780749609375
18.5711513359375
18.563682734375
18.55593188671875
18.54925578125
18.54178916015625
18.535013984375
18.52848103515625
18.52184051953125
18.51521683203125
18.50828720703125
18.50113251171875
18.4943037890625
18.4878875859375
18.481488484375
18.47535672265625
18.46895777734375
18.462817765625
18.45649280078125
