7.95065615625
13.902797421875
17.7415680703125
20.40691353125
22.2837528515625
23.6310275
24.7051274375
25.6529670703125
26.52409858984375
27.28791115625
27.96269893359375
28.55922403515625
29.17117067578125
29.69694590234375
30.1174247109375
30.5007309375
30.917464796875
31.3359584765625
31.73293644921875
32.08751542578125
32.408083875
32.69820940234375
32.97077122265625
33.210119203125
33.43158883203125
33.6585587890625
33.87974514453125
34.07607694140625
34.23223902734375
34.37737837890625
34.52116120703125
34.655570421875
34.79954518359375
34.94572163671875
35.08101725
35.20968964453125
35.34487305859375
35.472380359375
35.6042198046875
35.74036696875
35.88937853515625
36.02358838671875
36.1472419375
36.26844196484375
36.36947847265625
36.4791394765625
36.57043039453125
36.63723137109375
36.70009598828125
36.76425707421875
36.821571515625
36.883168078125
36.956550703125
37.04412853515625
37.13299732421875
37.233513507812496
37.33449296875
37.4408296015625
37.543867609375
37.636802265625
37.73347227734375
37.82896984765625
37.92804203515625
38.03042368359375
38.12799591015625
38.21489841015625
38.3005381484375
38.384706296875
38.4817898125
38.574848140625
38.654834007812504
38.73256084375
38.806158890625
38.88731337890625
38.95678747265625
39.02272431640625
39.08723505859375
39.15649209765625
39.22501103515625
39.294687125
39.3451777421875
39.38774246875
39.4248055390625
39.455990140625
39.49290363671875
39.53176421875
39.5720875546875
39.60896068359375
39.64757596484375
39.6882625625
39.7302560859375
39.77154967578125
39.81487691015625
39.852135234375
39.8888971875
39.9292731328125
39.9664394765625
40.00424059765625
40.04226815234375
40.07635902734375
40.1052594375
40.13621206640625
40.1652703828125
40.19697074609375
40.22559766015625
40.2530500859375
40.2852614453125
40.31326807421875
40.3401931796875
40.3726711015625
40.40253119140625
40.4298193125
40.46230756640625
40.49575334375
40.526535078125
40.55393816015625
40.57855101171875
40.59861273828125
40.61173720703125
40.623730640625
40.63339044140625
40.64839572265625
40.6605836328125
40.677123703125
40.6925958671875
40.700555046875
40.703101625
40.70823133203125
40.71255218359375
40.7224702890625
40.73170743359375
40.73839437109375
40.75560415234375
40.7731764765625
40.78691393359375
40.7970343125
40.80717829296875
40.81743123828125
40.826053328125
40.8356007265625
40.84141544140625
40.846116125
40.8521675
40.86696725390625
40.880426046875
40.8910295390625
40.90308041796875
40.91412343359375
40.9285733984375
40.94007192578125
40.952872125
40.96407291015625
40.979113828125
40.99600194140625
41.01051541796875
41.02363113671875
41.03429763671875
41.04745957421875
41.0612967265625
41.073030328125
41.08348059375
41.0936664375
41.105265953125
41.1143225390625
41.11964186328125
41.124004640625
41.12913671484375
41.1333291015625
41.1411599375
41.15285342578125
41.17053990625
41.1843731171875
41.198405625
41.21182225
41.2216958125
41.2318500390625
41.24336703515625
41.25786812890625
41.2749655546875
41.29058369921875
41.307951421875
41.32503720703125
41.33979105078125
41.35314348046875
41.3689711015625
41.38714700390625
41.40491580078125
41.41791801171875
41.429548421875
41.44512669140625
41.46122844140625
41.47868137890625
41.49504015234375
41.507767671875
41.52144964453125
41.5387368203125
41.55490338671875
41.57072876953125
41.586304812499996
41.5989917109375
41.608925640625
41.614067921875
41.61822465625
41.6218957265625
41.623031546875
41.62668615625
41.63070410546875
41.63844271875
41.646511460937504
41.6572245703125
41.667256171875
41.67618439453125
41.688857125
41.70022101171875
41.71167857421875
41.72314059375
41.7308970546875
41.74114990625
41.75164497265625
41.76365748828125
41.772739578125
41.78008808203125
41.7845884453125
41.7904406484375
41.795169421875
41.8009270546875
41.8070128984375
41.8116248359375
41.8141880859375
41.81578925
41.81909905078125
41.82381125390625
41.8306719375
41.83679344921875
41.84222159765625
41.8492353828125
41.85634875390625
41.86573006640625
41.87288729296875
41.87741689453125
41.8819420390625
41.88522717578125
41.89170327734375
41.90052480078125
41.9071947890625
41.9131221328125
41.917917125
41.92200194140625
41.92639729296875
41.92625555078125
41.92523509375
41.925642109375
41.928923875
41.93581823046875
41.9434696796875
41.95176486328125
41.958487484375
41.96465485546875
41.96823532421875
41.97084292578125
41.97180358203125
41.970899234375
41.96970837890625
41.96708148046875
41.96346998828125
41.959264234375
41.95653196484375
41.954927140625
41.95003865234375
41.94568541796875
41.9445252734375
41.94318603125
41.94303938671875
41.94509069921875
41.94739880859375
41.94882638671875
41.950625265625
41.95226873046875
41.953091875
41.9535636953125
41.954671625
41.95590459765625
41.9570122578125
41.95916046875
41.959585953125
41.96197167578125
41.9668261796875
41.97363457421875
41.9800395078125
41.9855607265625
41.99187078125
41.9964406953125
42.00088740625
42.00533596484375
42.0103656875
42.0133013359375
42.01606081640625
42.02087449609375
42.02644509375
42.03238501171875
42.042024765625
42.051240203125
42.05887293359375
42.06460048828125
42.06836094140625
42.07216837109375
42.0750654140625
42.0785383828125
42.0827754453125
42.08724316015625
42.0916057890625
42.095563703125
42.09890900390625
42.10228097265625
42.10504744921875
42.10967930859375
42.11496908203125
42.12029130859375
42.123208578125
42.1258309375
42.1274243984375
42.127481078125
42.1296723046875
42.1341769375
42.13818673046875
42.141991546875
42.14364090625
42.14276108203125
42.1411664765625
42.14155919921875
42.1419999765625
42.1432155625
42.14565867578125
42.147783859375
42.1478795859375
42.14794652734375
42.14756623046875
42.14732148046875
42.1450269453125
42.14159671484375
42.1405488671875
42.14003660546875
42.13870119140625
42.140803609375
42.14359719921875
42.146742
42.14919409375
42.15283844140625
42.15637302734375
42.158022625
42.160378761718746
42.16166641796875
42.1630341015625
42.1639364765625
42.16314038671875
42.16075236328125
42.15733230859375
42.1527079765625
42.14869663671875
42.14639180078125
42.140648953125
42.13292028125
42.128515796875
42.12675372265625
42.12461045703125
42.118590609375
42.108423546875
42.09274725
42.0723113828125
42.04793090234375
42.02152462109375
41.9933890703125
41.96295478515625
41.9298843046875
41.89642682421875
41.86307753125
41.82907830078125
41.7952244453125
41.76166254296875
41.72864159375
41.6960438671875
41.663748078125
41.62983304296875
41.59584753125
41.56205560546875
41.5284406015625
41.4948743984375
41.46013873828125
41.42485261328125
41.39045523046875
41.357337765625
41.32484596875
41.292896859375
41.26083654296875
41.23004351171875
41.20001048046875
41.17045490625
41.14055576953125
41.1101537109375
41.08105924609375
41.0529134765625
41.0260258515625
41.00021895703125
40.97525575390625
40.9509922890625
40.92792837109375
40.90543300390625
40.88230124609375
40.85927114453125
40.8365998671875
40.81375205859375
40.79208803125
40.77122516015625
40.75088646484375
40.73167991015625
40.71370946875
40.6958347890625
40.67783861328125
40.6606599140625
40.64356021875
40.6277127265625
40.613488671875
40.59983296484375
40.58720673828125
40.5765310390625
40.56733197265625
40.5587458125
40.552214125
40.5450533125
40.53767844140625
40.53082701171875
40.52409631640625
40.51838387109375
40.513518140625
40.50874476953125
40.5040706796875
40.5005161171875
40.49616355078125
40.49245591796875
40.4901485234375
40.4886961953125
40.48656221875
40.48479487109375
40.483721234375
40.483916109375
40.48299290234375
40.483115296875
40.4836862109375
40.48397811328125
40.48523454296875
40.48641827734375
40.488422484375
40.489717371093754
40.4919964921875
40.49345712109375
40.49557946875
40.49849901171875
40.50187223046875
40.505682375
40.510665125
40.5151829921875
40.520791765625
40.52589234765625
40.53105168359375
40.53632044140625
40.5417542265625
40.54753100390625
40.5534136328125
40.56069261328125
40.569523734375
40.57897675390625
40.58859537890625
40.5982268515625
40.609403453125
40.62145232421875
40.6348531875
40.64877368359375
40.66171044140625
40.67532417578125
40.688786984375
40.70246903515625
40.71629694140625
40.73092035546875
40.74657172265625
40.76222505078125
40.77703138671875
40.7918375390625
40.8067265546875
40.82283302734375
40.838441046875
40.854464367187504
40.86964247265625
40.88726541015625
40.90485898046875
40.92251735546875
40.9403680234375
40.95896929296875
40.97824758984375
40.99783328515625
41.0184830546875
41.03820468359375
41.059144234375
41.07984271875
41.10123249609375
41.1235659140625
41.146051953125
41.16960987890625
41.1942779296875
41.21964519921875
41.2447736875
41.2704930859375
41.29778487890625
41.32480671875
41.3512778828125
41.37808247265625
41.40593591015625
41.4332521640625
41.4617228125
41.490315671875
41.51679646875
41.54373495703125
41.5713911640625
41.6000931796875
41.62872088671875
41.65875585546875
41.68821147265625
41.71850417578125
41.7487722890625
41.78005834375
41.8106387890625
41.84160448828125
41.87242256640625
41.9041989609375
41.93576988671875
41.96692210546875
41.9982176953125
42.03130726953125
42.0625305703125
42.0954877265625
42.1266891796875
42.15945616796875
42.19179678515625
42.225540968749996
42.2580629296875
42.29139802734375
42.32500028125
42.35940437890625
42.393719171875
42.428615703125
42.46219344140625
42.4975060859375
42.53242538671875
42.56932079296875
42.60547140625
42.642789515625
42.6793110703125
42.71560923828125
42.753108671875
42.791758609375
42.83076212109375
42.8703307734375
42.9097557421875
42.94922997265625
42.99028290625
43.03088577734375
43.0713085703125
43.11141494921875
43.152974953125
43.19575367578125
43.23674601953125
43.2794708359375
43.32160359375
43.36414920703125
43.40828616015625
43.45174602734375
43.49470488671875
