44.754084
37.770405
53.600516
44.090674
47.805107
39.879316
29.795933
26.096860
43.257110
36.707249
40.609205
363.229241
36.739524
31.515563
35.241472
30.346587
46.174969
38.608693
46.730103
38.815052
39.543456
33.926638
40.601607
34.536763
42.662290
36.042191
43.721053
36.496716
42.902539
36.089695
40.278363
34.109933
52.831521
43.876942
48.446557
40.098008
35.431434
30.208982
36.516728
31.751722
34.702646
298.512544
33.643420
29.364811
51.475818
44.264553
44.629608
37.819905
54.221990
44.528345
35.308548
30.521607
33.290696
29.100347
39.886738
130.449084
36.592777
31.483658
35.020892
29.946538
48.529591
40.304992
38.347340
32.931581
42.094412
35.859379
32.314257
28.080140
37.409574
31.898820
33.077662
29.038423
37.009529
165.642677
44.614490
37.471281
46.024363
38.407789
42.913859
35.726356
40.023992
33.503796
44.880244
37.492988
66.129076
54.059089
32.499280
28.430249
48.708457
40.141221
45.642660
37.832039
47.672168
39.753171
43.724140
36.857009
48.589683
40.527630
35.710724
30.780378
32.618862
28.396392
43.854164
36.545353
36.722152
31.678083
66.981201
54.273535
40.934864
146.642402
32.360586
27.937040
80.960163
64.413455
56.733025
46.746128
33.063859
28.826491
59.005302
48.564281
37.354755
32.295917
30.694449
26.733061
41.023823
34.553824
43.287602
36.228984
50.224004
41.871481
37.502627
31.838373
30.373365
26.529284
49.089950
40.794146
36.062860
30.945643
40.356518
34.111863
34.142228
29.782649
36.506222
31.140994
81.369835
65.036435
30.517533
26.929401
41.805089
35.682836
43.717390
36.771430
47.744418
39.548306
50.319353
41.582090
46.322382
38.604433
39.963611
34.614693
67.866582
54.771275
58.065805
47.773740
44.831916
37.583021
55.375671
45.685395
41.100231
35.005999
38.749640
34.039310
32.456593
28.231427
40.025336
34.089812
47.367391
39.106386
35.900626
31.253533
55.802802
45.600277
68.186517
55.008210
48.264723
39.786537
47.119962
154.916225
32.434953
205.457812
42.287991
36.038304
37.154606
31.556753
40.298702
34.091981
39.253509
33.212999
39.465292
33.674998
38.079825
32.718153
30.683866
89.699735
39.193069
33.088389
41.511308
35.060081
29.449187
25.984357
55.237459
48.003157
48.498505
40.482514
70.994198
155.071111
38.308054
33.126971
49.365649
41.041908
39.825939
34.025703
58.743821
48.424003
52.597234
44.751183
45.458457
38.433649
37.238326
31.827967
29.585272
25.937975
56.178812
46.017337
69.459061
56.257639
44.278431
37.294506
45.561404
38.702135
37.437455
32.182060
49.892993
40.696917
49.988894
41.361627
48.607616
40.227536
67.403951
54.430948
49.715157
41.455887
33.794705
29.182422
35.056446
269.575987
41.774621
35.790348
56.660186
46.326622
33.311471
28.843574
47.506846
39.656343
37.297001
31.904711
47.623067
40.632951
72.633702
58.178455
33.603955
29.022672
30.491003
26.566379
32.090307
27.984150
40.945735
34.739775
41.328822
35.843997
45.598837
37.920396
35.267336
30.521207
43.761077
37.040942
72.655701
58.372935
50.556674
41.491028
38.814556
32.833066
41.338752
34.713800
31.712427
27.545374
35.354871
30.336496
53.600480
44.251027
31.935743
27.800568
32.460460
28.177195
39.489422
33.091647
39.108295
33.276910
64.075117
52.154764
61.437941
50.657207
39.905556
34.128970
47.196879
39.529611
34.236163
29.840051
50.445523
41.417413
43.704798
37.459239
34.175424
29.578083
37.869123
32.042649
46.103451
38.440715
62.065525
50.344040
35.271590
30.614645
52.795076
43.713745
44.990568
37.547891
46.959660
39.558020
40.169793
33.960226
52.377651
43.589423
42.252052
35.744730
43.994503
36.733342
42.206509
35.814180
50.847628
42.316204
50.817764
42.649031
35.941141
30.440689
47.611913
39.614369
27.459896
24.546663
50.165086
41.622259
35.960280
30.942679
43.215299
36.162425
72.390348
59.007051
37.508569
31.852348
50.158197
41.490660
53.865057
44.412145
33.662857
28.882208
46.973613
40.365360
33.591411
28.896438
45.866677
38.358509
40.289220
34.215932
43.848292
37.006286
40.007992
33.769882
41.323214
34.716647
37.047240
31.650189
39.429648
35.388795
54.155328
45.293571
56.859312
46.990282
34.613279
30.114760
64.715547
52.688533
55.594119
45.430581
35.937207
30.789572
69.312069
56.459024
32.167859
28.372366
43.081768
36.265672
42.590248
36.255344
37.594713
32.022944
39.559755
34.258434
40.766629
34.162840
41.173145
34.580215
36.354551
31.630996
60.382713
49.180991
37.420634
123.010258
39.339716
33.555935
41.947178
198.837448
42.948184
36.064597
43.047355
36.590136
55.202199
45.411442
46.605077
39.034249
42.432858
36.106841
40.246867
33.860224
40.460471
34.317078
82.088749
65.634004
52.856561
43.728113
45.002389
37.639234
35.818298
30.384119
37.360438
32.783655
54.817486
45.251403
45.023306
38.063318
38.507684
33.442564
33.216669
29.020212
41.684681
35.307442
58.567662
229.574413
35.032536
30.433747
58.355158
47.748473
38.842451
33.219752
48.731350
40.379213
35.282725
30.843077
34.416665
30.461738
40.545503
34.257456
55.342934
45.627080
39.961110
33.643340
45.155989
38.197202
48.640941
40.439217
89.189342
71.006060
31.280534
27.290019
57.171491
46.734423
36.554172
31.795755
39.673212
33.707119
36.772472
31.572346
48.504927
40.137008
47.883491
40.209259
49.132219
41.335759
41.662204
35.339970
42.011368
35.830904
54.536116
45.130399
