97.480487
96.059509
93.637093
90.238773
97.872707
93.917139
96.553758
97.891888
110.631114
104.377572
99.891239
94.706920
95.935805
186.494427
89.088645
107.725348
95.144759
512.988399
106.862347
542.544993
98.870700
96.016335
95.521665
129.429820
104.836541
98.649152
90.864879
88.550997
100.015632
96.816542
90.564288
908.191933
97.086477
100.085631
121.140884
111.622841
95.469411
92.888920
88.197212
88.397998
91.423582
88.264458
107.405065
407.211495
97.173129
212.095865
94.748892
92.991770
101.449947
102.250906
100.280194
99.554012
97.530358
96.005887
100.595506
94.154552
104.220232
99.007633
90.970455
88.618055
89.888793
87.660656
94.197432
90.114909
122.877696
114.446583
93.962434
92.586362
94.521437
93.260073
98.269066
94.850452
100.550912
157.073827
106.366554
100.965891
95.191179
91.342567
134.537923
123.842898
92.087809
88.795381
91.953664
90.330088
130.357075
120.454845
94.359924
90.989718
94.596130
91.677022
100.307498
95.855756
96.009092
93.842580
92.872143
89.694338
93.211706
95.639016
88.246621
88.625156
95.080289
91.632481
89.474029
87.935556
120.059643
110.543870
110.528422
104.641071
121.310030
110.755168
93.435116
95.406079
94.123057
91.838311
114.389250
105.424396
112.477510
107.485511
104.525137
107.015503
122.308821
113.039084
89.202483
88.249894
111.613378
172.277056
96.106851
93.266800
104.714176
102.099292
98.661886
96.294494
91.166047
127.067358
111.915627
105.572527
98.048529
94.715707
100.863876
94.930150
96.435411
94.097564
102.860947
97.178007
104.334490
98.456415
95.173136
91.355142
103.637383
111.794873
105.324257
99.447321
98.559920
94.302714
130.936870
119.596735
96.290040
93.733744
104.121354
106.536982
101.736367
97.025558
119.199734
134.347993
100.020286
95.827165
129.607400
119.032509
112.025018
105.191130
103.159366
111.342023
101.858961
96.735340
106.493958
102.775780
101.224186
97.688382
94.581035
92.093468
92.433116
90.865777
103.806154
99.935287
103.904476
421.922420
101.769315
95.598224
103.942969
219.173090
96.809710
93.464068
93.115615
89.771959
102.621502
97.343406
94.053204
91.765594
110.645442
104.791668
102.718888
97.486084
98.653532
93.854847
110.068489
103.001302
93.846539
91.188098
96.819313
93.192133
104.034604
107.224885
133.495456
122.648427
110.468441
104.108733
87.105967
86.595151
104.908970
98.251696
93.132826
90.441669
122.625231
111.527941
105.107960
114.725596
115.328114
119.231368
95.769189
94.417437
98.027665
94.589531
102.412191
97.340605
112.463524
281.539824
95.839419
91.941219
92.795792
90.610331
110.019141
104.184285
109.545311
103.089455
103.400708
97.967117
94.394856
92.091071
105.438243
99.587036
95.208754
91.966389
95.211761
92.174732
92.215576
89.004748
104.765551
103.575497
111.242276
108.267402
89.689769
87.062498
98.210470
505.792686
94.070060
91.720068
110.916272
148.734884
102.928044
104.409448
110.537874
102.680880
90.496100
88.643226
86.476967
84.546221
95.052786
91.968752
92.651647
91.565252
92.172423
90.966113
99.055776
93.935134
97.963010
94.694567
102.431402
97.791222
129.687113
118.276889
98.722756
348.072702
85.217642
749.340286
90.122248
114.838556
86.792667
104.419926
102.469229
98.558311
94.434425
227.274667
94.595568
92.600056
103.549358
97.392367
114.092152
197.387652
108.097556
104.140054
98.398601
103.686266
95.822040
183.793832
97.011216
96.715263
97.972629
93.621218
92.233249
90.172238
113.114953
106.352628
98.906146
95.047272
97.381638
94.541915
116.083926
108.110419
100.216166
94.989599
90.584288
91.519436
108.480813
108.825176
96.992245
94.148236
108.896485
101.880183
100.515496
95.944425
95.544421
92.095024
101.237772
95.128934
120.264621
110.177056
95.361839
373.296105
125.885365
114.473025
91.624346
90.889430
97.844710
94.458079
135.462617
548.917135
92.480368
89.524841
111.548714
104.577846
108.676550
103.692654
97.904631
95.489933
100.420510
99.715045
98.146191
96.988497
113.928201
105.900246
91.824112
91.520345
103.917017
97.990699
96.536710
105.945415
101.988351
100.987528
101.589401
376.601348
115.756829
107.365633
101.285207
95.813879
92.655215
90.386316
104.358916
108.262576
91.417592
88.509384
124.429763
118.726108
106.681245
101.595616
95.948276
94.025544
102.148009
97.138039
131.204208
121.194773
114.821794
108.371299
95.955579
643.180191
105.991666
103.033016
119.156478
109.914966
98.892343
95.226843
94.686499
91.231730
94.193334
91.058118
102.432796
262.403847
100.773637
95.547979
97.629113
106.846245
94.150284
93.870035
106.588599
100.812411
94.035920
90.664245
94.711589
92.513334
95.078775
90.157136
99.801118
94.955735
106.052459
99.465705
102.915151
100.270970
115.064094
107.461824
100.377644
98.911967
107.640127
101.097116
112.639612
106.025383
121.109291
113.470945
102.673265
96.934346
98.869202
1294.924487
103.899530
97.747401
102.970801
99.753547
116.552418
111.545434
106.520916
101.386502
94.245171
122.569726
103.792202
98.097962
96.628482
92.690395
96.674409
90.560556
87.606250
142.310904
92.917947
93.150880
120.788552
110.615574
87.909344
86.362629
84.229122
85.600361
95.658975
114.827859
95.165564
93.769884
103.451817
99.623399
94.599601
428.404854
96.791550
112.693242
93.019407
90.900131
95.259681
91.495922
84.404432
84.979012
119.767155
110.012806
102.879895
97.639074
106.704895
344.998550
112.289545
109.457453
93.284226
91.091185
103.837586
98.384632
95.985981
110.170177
96.872155
107.047365
101.205351
96.390587
90.886378
88.030372
