123.715568
220.144384
97.487764
95.645334
137.090145
133.927450
126.204109
119.869010
102.875819
107.464465
161.287209
142.014578
165.571280
152.520803
98.200272
108.206079
107.133907
97.295141
126.624572
114.399225
133.691836
147.188232
182.730754
339.859740
92.445260
1521.619010
130.055197
117.710713
231.031561
219.419028
102.118653
105.775790
153.470444
140.911571
175.358431
157.654055
110.873404
109.444862
129.522243
121.823679
152.284620
182.253470
144.570837
128.429955
98.606189
124.826001
162.560937
155.268675
110.165149
136.621955
158.197336
140.565233
193.261471
167.893219
187.159930
172.798334
236.252520
204.400292
120.157839
124.039802
142.169700
144.403260
124.218722
122.609784
414.590965
348.226134
122.623632
127.216580
116.483920
112.854238
115.306792
114.692775
123.856354
114.706452
143.332143
143.987030
140.288640
127.002002
162.028411
143.022604
116.915081
115.693339
110.981834
360.617346
237.072921
210.506648
126.838718
132.391989
134.269168
130.520144
207.917499
185.685890
142.398467
144.774668
146.650700
135.423394
118.964052
113.414587
156.010131
549.108215
104.144246
109.972755
129.932834
126.306288
198.599029
179.013619
170.688235
153.809253
227.352572
194.568168
125.521973
117.450623
102.010254
99.859870
110.831474
108.012705
214.222922
183.429608
155.001861
140.658455
118.498603
556.563232
139.098962
136.873100
140.626457
131.287088
149.836627
136.939818
125.668262
455.761932
138.976318
142.890205
100.826237
104.860896
133.328249
124.224652
165.900701
155.957352
99.917612
105.873866
136.488769
126.517691
154.506721
148.406948
111.178110
114.176407
173.234595
158.293380
136.254491
130.890854
130.763229
117.297890
107.582693
106.298980
185.183579
178.379126
109.867352
106.127355
136.809493
126.527202
137.309155
123.640257
181.416540
375.406711
159.901503
146.764467
152.232241
144.360956
169.929599
175.122934
120.675852
361.709257
127.473681
124.502989
229.197438
201.369878
226.248345
191.412826
178.656738
160.712864
132.949351
137.452450
119.843006
114.163776
226.247043
191.250465
109.645753
117.241946
119.107391
108.874276
133.116158
127.787972
122.730803
117.917882
120.445603
240.543128
122.537169
244.404653
151.639179
144.583314
169.932898
151.141661
134.232582
128.198265
216.306877
197.379074
137.852438
128.887042
187.358144
160.161047
154.586350
154.006820
137.502774
150.862676
186.589990
173.180344
149.334851
148.332501
129.615163
127.512808
119.748310
111.175769
134.912811
350.007947
163.400542
144.760002
236.056654
208.517576
213.157337
183.753496
124.913223
245.562571
120.285444
1084.474107
119.803337
112.940105
115.400647
108.867766
184.752199
165.397977
133.602359
134.072270
188.907506
170.979765
134.382456
138.987635
258.084039
215.001291
144.898340
137.435426
108.877279
108.569093
149.093974
144.986262
111.892490
111.609985
128.718862
132.065081
138.258752
3445.569050
159.210993
144.899065
109.368875
102.067807
184.901423
188.560304
111.810505
105.224757
118.398020
115.376733
225.808454
194.834365
100.485753
108.830518
101.841372
449.929880
214.167453
189.873288
119.933618
123.205805
184.666343
159.865688
125.909643
130.010641
147.069376
136.301860
126.058959
122.224007
120.774509
601.217502
192.928992
165.621435
149.325931
131.302786
105.721019
106.041132
136.952510
142.394004
133.665326
126.199709
158.109225
141.538011
146.890642
137.384639
164.733094
160.075485
132.650501
123.959367
134.307733
136.245610
170.186168
158.325231
219.544850
183.376511
99.274378
101.804135
104.107205
106.889187
100.633079
119.175399
119.579656
117.233168
117.544629
109.050582
152.982402
141.621516
156.674394
139.771335
166.983168
149.705134
216.245647
185.924273
140.966978
127.743038
121.710778
126.125552
147.151477
137.274896
161.576426
157.361839
151.439415
139.915064
148.254536
142.109648
192.732234
170.291868
114.361814
106.868576
117.961151
120.886828
135.283325
1159.718165
178.736722
164.499779
213.461512
182.611001
156.789127
140.453388
156.042573
159.812437
160.302659
173.093715
100.122620
330.889341
159.060527
150.515825
154.654495
143.497253
176.912701
160.862357
128.395549
130.716686
134.751871
130.239215
114.070913
107.210940
125.988251
136.165257
162.892165
159.812478
106.010258
108.997558
197.036199
167.671686
147.291966
136.989684
109.443240
108.992909
187.348222
164.517742
151.270735
143.196815
196.574669
171.335354
165.451512
155.425132
104.459813
101.287980
105.888664
113.256101
132.361332
121.837769
120.218146
107.849031
164.292005
161.242053
139.088801
132.929882
158.239314
144.606160
190.673469
168.651379
133.758067
126.141528
132.362847
127.458229
297.471563
325.639787
182.592863
167.313973
172.839980
388.516946
127.429194
128.909918
142.883207
243.129412
106.171542
180.247936
129.312901
130.110199
151.225455
155.363192
155.405058
252.019605
111.680521
1201.382670
110.749276
113.682728
178.775558
166.309447
115.194118
112.804585
159.100902
148.091634
180.845428
161.546525
124.093168
132.756610
126.864909
113.361195
248.996099
211.809962
111.866203
111.511594
140.258616
144.445307
157.718365
144.462421
110.973895
110.618067
153.401795
161.014477
136.858700
144.273447
103.342196
107.503989
122.110751
113.985554
126.944226
116.882515
105.797778
111.722821
131.293617
125.034380
115.358771
115.265057
124.673204
118.945230
117.303928
151.165521
138.819273
139.845714
166.931267
146.945426
143.415061
131.016489
198.610910
331.902410
129.784596
123.670035
154.021846
219.970329
220.265039
195.943989
118.054537
124.384464
143.365888
129.022319
116.369250
136.492074
110.420416
111.250783
156.565909
159.704349
157.417314
153.916850
169.953813
171.267603
104.468783
348.137492
128.385556
118.184665
