330.8244212382813
349.9463988867187
333.822566984375
338.83308512109375
345.7548736875
352.18235077734374
358.3587750859375
363.87107299609374
369.84114403125
375.1680243476562
380.5595040859375
385.3492515390625
390.041415078125
393.8182377109375
397.6549308359375
401.097600109375
404.16130651171875
407.27610505078127
410.73345330859377
413.69153811328124
416.6719610703125
419.29961794921877
422.0895610078125
425.4130716015625
428.471911359375
431.354874
434.2880414296875
436.9651234882813
439.7128063164063
442.4765304140625
444.7569231796875
446.9978763671875
449.00153194921876
451.19134573046875
453.39956834765627
455.5635533515625
457.47575790234373
459.2742253320313
460.88911846484376
462.44004110546877
463.74081547265627
465.1975430195312
466.5352437421875
467.57864555078123
468.7869467265625
469.80893956640625
471.12752909765624
472.0920700078125
473.0138629765625
474.0634251914062
475.0170088046875
475.8796843242188
476.7280116171875
477.67617121484375
478.55240524609377
479.59396648828124
480.5137960390625
481.4369015625
482.2557961015625
483.2327934375
484.01512359765627
484.871281828125
485.81595939453126
486.61167490234374
487.45674534765624
488.211951140625
489.09162991796876
489.892295875
490.71347504296875
491.6009365078125
492.5138489140625
493.3353501640625
494.021056359375
494.675204734375
495.374949953125
495.98849286328124
496.58734351953126
497.25884724609375
497.84749885546876
498.41216719921874
499.03534693359376
499.7934481171875
500.3425400859375
501.0419397109375
501.61650775390626
502.2556939804688
502.80430892578124
503.3773836367188
503.90768541796876
504.3314279140625
504.78034729296877
505.1006945625
505.55012759375
505.868360828125
506.206800390625
506.59961580078124
506.94127164453124
507.14893015625
507.445411578125
507.73864698828123
508.09116225781247
508.412898484375
508.71177315625
509.02475702734375
509.35307231640627
509.72659930078123
510.09092212890624
510.5793419453125
511.01974490625
511.3330361757813
511.7999567265625
512.1210810039063
512.5790106796875
512.9543370273437
513.33091540625
513.6476663945313
513.9150923554688
514.18681434375
514.569858546875
514.9140752617187
515.2793498945313
515.6539176523438
516.1470081953125
516.647477796875
516.9699818125
517.3573101796875
517.7058038945313
518.0085454609375
518.4763113085937
518.8815947226562
519.2417224882812
519.60923640625
519.9936148007813
520.42581625
520.7252120234375
521.1034979609375
521.40685240625
521.7021866992187
521.9750665937501
522.3150067226562
522.62025590625
522.9106555976563
523.120803984375
523.3925216835937
523.7280981328125
523.9520147304687
524.2100368242187
524.4588809804687
524.7022648203125
524.9838489609375
525.2429041484374
525.547822921875
525.749756078125
525.9124512617187
526.0418821289062
526.1798950898437
526.384826328125
526.5731865039063
526.6994164257812
526.9040355273438
527.100338046875
527.164381484375
527.38713765625
527.5822574414062
527.7586027578125
527.9568106914063
528.0272946523437
528.2244723554687
528.3896624179688
528.5703462500001
528.7102985546875
528.8188659179688
528.8951800820313
529.0015988867187
529.1405594335937
529.2689203554687
529.4067891367188
529.5914887148438
529.6945169335937
529.8648906484375
529.9509595664063
530.1173026445313
530.3041389453125
530.446411984375
530.6080449609375
530.741903734375
530.96994209375
531.1238097617188
531.2756682773437
531.4516759023437
531.6104115039062
531.7622437890625
531.9109918359375
532.0530264335938
532.145393765625
532.2650332265625
532.4011794765624
532.4749639882813
532.5987951054688
532.7251489648437
532.8330104960937
532.9499281796875
533.0743094179687
533.209413140625
533.2945814726562
533.4021943984375
533.5125562070313
533.6177573515625
533.661952421875
533.808392609375
533.9299812578125
534.0760540625
534.2349373710938
534.3858481445312
534.487833921875
534.613520671875
534.7411286914063
534.8870138789063
535.0195731523437
535.1474101367188
535.2302686914062
535.3915042070313
535.5788132226562
535.6864286640625
535.8649713867187
535.9820135742187
536.1421516523437
536.2934764804687
536.4206736875
536.5275613945313
536.6370818867188
536.732709625
536.8503909257812
536.9766179257813
537.0584705625
537.1845616210937
537.2368747929687
537.3369784414062
537.3900877929688
537.4711472109375
537.5582155429687
537.608377671875
537.6496765859375
537.7144923085938
537.76450625
537.8109390625
537.8922469257813
537.9243142851562
538.013525453125
538.0749929570312
538.1461651054688
538.1750182695313
538.2661176835937
538.3205643125
538.3550378710937
538.3802625429687
538.3989721679687
538.4140680390625
538.3800975976562
538.34277378125
538.2696188789063
538.2561190664062
538.2611994492188
538.3143815117188
538.3863640664063
538.449292671875
538.5077025234375
538.5797726054687
538.6045433125
538.6441603085938
538.7344223203125
538.791367390625
538.85052103125
538.898715734375
538.9844609765624
539.0291868867188
539.0824506132813
539.1233534492187
539.193971828125
539.2652246875
539.30635475
539.323201125
539.3315162382812
539.41485546875
539.439965890625
539.4784000429687
539.486829125
539.5342358398437
539.5964576289063
539.6321276601562
539.6544783945312
539.6937292890625
539.7247993164062
539.7327679101562
539.7376158632812
539.7522367539062
539.7653816796875
539.7584714609375
539.724573265625
539.712470140625
539.6929214882813
539.698250625
539.7268917617188
539.7243159726562
539.7171818320312
539.7058231953125
539.7219745585937
539.721530875
539.7110350976562
539.7246202578125
539.726616875
539.7661755976562
539.803194890625
539.8348314414062
539.88653184375
539.9369494023438
539.9814241601563
540.0117883007813
540.058076375
540.1050644375
540.1286362929687
540.16587890625
540.2394280898437
540.282445921875
540.3096567109375
540.334734328125
540.372029578125
540.410124046875
540.4376009921875
540.47692590625
540.51773396875
540.540012203125
540.5927384179688
540.639178453125
540.6556186523437
540.6733615039062
540.7162323164063
540.7675981054688
540.77678340625
540.8125585429688
540.8365723984375
540.86594084375
540.8971044375
540.9424361015625
540.98167696875
540.9865912382812
541.0335316640625
541.0411457734375
541.0482955429687
541.0688669921875
541.0759583828125
541.0772800976563
541.0509951445313
541.0091075585938
541.025196765625
541.0428217148437
541.074388359375
541.0928569257812
541.0903393632813
541.091477875
541.2005209648438
541.3587732226563
541.5482217695312
541.6830313125
541.849615109375
541.9797023789063
542.0922454648437
542.1976192539063
542.2976338203125
542.3565873203125
542.4112035273438
542.4656336171874
542.5135722734375
542.5426599960938
542.584175765625
542.5918478203125
542.5947053789063
542.5719856289063
542.5729632421875
542.5679591992188
542.5531439335938
542.532524328125
542.5105877304687
542.4868233242188
542.478291234375
542.443786515625
542.42432715625
542.3957707929687
542.3585759648438
542.3374218867187
542.30572303125
542.2589636679687
542.2110407929688
542.1781719726563
542.1384596328124
542.1200506367187
542.1084061953125
542.0747744453125
542.066409390625
542.0647466601563
542.064530515625
542.0534107226563
542.05661321875
542.0578031757813
542.0532442304687
542.0566181328124
542.0573434453125
542.06089784375
542.0697457734375
542.073776234375
542.0981687421875
542.1097533398438
542.1338473281251
542.1381538476562
542.1675919296875
542.1959355351562
542.2299090976562
542.2498684882812
542.2823226640625
542.3076757226562
542.3481259101562
542.3801978632813
542.4231861679688
542.4618729257812
542.5065118359375
542.590889015625
542.6381453203124
542.6967059179688
542.7763176171875
542.8444360351563
542.9349284960938
543.0243006992188
543.1135974882812
543.1962857851562
543.3001354648437
543.386563765625
543.4840596953125
543.586468921875
543.6966741289062
543.7952532265625
543.9178711875
544.0290850234375
544.151784125
544.2804097070313
544.392207828125
544.5121481640625
544.64557075
544.7738074335938
544.9084268046875
545.0406790703125
545.1705765429688
545.3141140976562
545.4487918203125
545.6028118984375
545.7632454101563
545.9103836210937
546.0578281015624
546.2128249023438
546.3569350195313
546.530736578125
546.6673180546875
546.817338578125
546.9572484492187
547.1378031601563
547.2896425234375
547.4423816523438
547.6135224296875
547.805521265625
547.9890174960938
548.1628071914063
548.3502031367187
548.53334965625
548.7501695585937
548.9393915429688
549.1328179882812
549.31774271875
549.5594159296875
549.758565328125
549.9817630429687
550.1921828164062
550.4016296914062
550.6390908671875
550.8683267382812
551.0767516445312
551.29200746875
551.512572171875
551.7266467695313
551.9598956445312
552.1877245898437
552.4128004648437
552.6485375703126
552.9048104960938
553.1348936953125
553.3752325390625
553.6315968164063
553.85837684375
554.1188795117188
554.3811496054687
554.64667615625
554.9128850703125
555.18405359375
555.447244890625
555.7279051132813
555.9980390898437
556.2798261640625
556.5632681796875
556.8448212617187
557.1054924257812
557.3973088398437
557.6923078867187
557.9786865742187
558.2641494804687
558.588649140625
558.8760211171875
559.1948878554688
559.52253253125
559.8459637617187
560.1643639804687
560.4886197382813
560.814241375
561.1300223125
561.4726786210938
561.7742382890625
562.0826153867188
562.40376890625
562.7389629453126
563.0850518203125
563.4323213359374
563.7666096328124
564.0932823984375
564.4867234726562
564.8293445117188
565.1946128632812
565.5250652421875
565.892064
566.275924859375
566.64467259375
567.0255801953125
567.3864890585937
567.756334640625
568.1542075078125
568.5277985390625
568.930654609375
569.3400046757813
569.7133259726562
570.1258660898437
570.522445171875
570.89862828125
571.3028197148437
571.7158925585937
572.1059536015625
572.5085495976563
572.9219877734375
573.3428581015625
573.753846171875
574.164567203125
574.5480129453125
574.9601271289063
575.3750598789062
575.7758149960938
576.1847331914063
576.6085968984376
577.0002229414063
577.4545142851563
577.8626833007812
578.2745210585938
578.70680334375
579.1268061445312
579.5444232304687
579.9696373632812
580.403352546875
580.8331547851562
581.276323015625
581.7110852734374
582.1499296679688
582.5658075664063
