2.2510413125
2.2852181015625
2.29907609765625
2.2985127265625
2.30020238671875
2.3037041875
2.30638537890625
2.30795498828125
2.3088011953125
2.30961308984375
2.31076369140625
2.31266156640625
2.31236244140625
2.313232796875
2.3118013671875
2.31445480078125
2.31496845703125
2.31545368359375
2.3151048828125
2.3139998359375
2.31473780859375
2.31420244921875
2.3135447734375
2.31301821484375
2.313279265625
2.3136604140625
2.3134707734375
2.31278638671875
2.31314796484375
2.3126334765625
2.31284760546875
2.31319180078125
2.3134956875
2.3138088671875
2.31351567578125
2.3138075
2.3140045390625
2.3134324296875
2.31350983984375
2.31343611328125
2.313888328125
2.31431684375
2.3144305546875
2.314341515625
2.31453221875
2.3138629140625
2.31375791015625
2.31370510546875
2.31353140625
2.3133859140625
2.3135994453125
2.31333227734375
2.31376830078125
2.31389224609375
2.3137221484375
2.3140210625
2.3136914609375
2.31357675390625
2.31356678515625
2.31355308984375
2.31359997265625
2.31358271484375
2.3135348671875
2.31359461328125
2.31366787890625
2.3139744296875002
2.31396240625
2.3141668046875
2.31399707421875
2.31440506640625
2.3144104765625
2.314342828125
2.31417475390625
2.3142806601562502
2.31442702734375
2.31482271484375
2.31468863671875
2.314639234375
2.31469662109375
2.31455918359375
2.31468253515625
2.31455837890625
2.3143783359375
2.31423862890625
2.31443950390625
2.3143114375
2.314334203125
2.31433733984375
2.3141038046875
2.31389467578125
2.3138756953125
2.31385406640625
2.3138841015625
2.31377209765625
2.3138150234375
2.3140383359375
2.31403315625
2.31368871875
2.31363578515625
2.31367574609375
2.313486515625
2.31352132421875
2.3137704453125
2.313652546875
2.3136734140625
2.31364612109375
2.3135695859375
2.31353908203125
2.3133760703125
2.3133978359375
2.313422671875
2.31320606640625
2.31331751171875
2.31331702734375
2.31326031640625
2.3132661953125
2.313380234375
2.313360625
2.31323836328125
2.3131657734375
2.3135619296875
2.3135921328125
2.3138045234375
2.31380251953125
2.3139158515625002
2.31390117578125
2.3139431796875
2.31302928515625
