0.54109444140625
0.5616137734375
0.572307296875
0.57175224609375
0.5728637304687499
0.57482133203125
0.57650928515625
0.57697058984375
0.57763421875
0.5776805390625
0.57776005078125
0.5783498125
0.57826772265625
0.57868578125
0.5777878828125
0.5790913125
0.57949653125
0.57958898046875
0.5791705234375
0.57820049609375
0.57890954296875
0.57858603515625
0.578183859375
0.577663453125
0.5778736796875
0.5781248671875
0.57801985546875
0.5776055546875
0.5779198359375
0.57748293359375
0.57774461328125
0.57809328515625
0.57823316796875
0.578364890625
0.5781429609375
0.57818583203125
0.57831095703125
0.5780150390625
0.57800084765625
0.5779023828125
0.5782373671875
0.57853579296875
0.57871283984375
0.57873368359375
0.5788133515625
0.57839434375
0.57820348828125
0.578290859375
0.5781483515625
0.577967859375
0.57811848828125
0.5779759765625
0.57823291015625
0.578346125
0.57824476953125
0.57842459375
0.57812959765625
0.57810669921875
0.5781009140625
0.57810396875
0.57812903515625
0.57805103125
0.57805468359375
0.5780152421875
0.578119703125
0.578337640625
0.5783318671875
0.57850588671875
0.57837037890625
0.57864963671875
0.57859133203125
0.5785052265625
0.578408734375
0.5784733671875
0.5785490078125
0.57881486328125
0.578694546875
0.5787043515625
0.578763796875
0.5786344453125
0.57872266015625
0.5786751640625
0.57858854296875
0.57849700390625
0.57858611328125
0.578483265625
0.57845649609375
0.5785253359375
0.57835716015625
0.57818673046875
0.57819140625
0.57811005078125
0.57816733984375
0.57808304296875
0.57813178515625
0.5782476796875
0.57822734375
0.57803597265625
0.5779997734375
0.57796294921875
0.5778044921875
0.57787230859375
0.5779916054687501
0.577931734375
0.57795247265625
0.57790988671875
0.5778278046875
0.57780661328125
0.57767680859375
0.57767524609375
0.5777100859375
0.5775635625
0.57765225390625
0.5776416328125
0.57758737890625
0.57759526171875
0.5777199453125
0.577669828125
0.577605625
0.57754510546875
0.5777454375
0.5777555234375
0.577885015625
0.57784904296875
0.57788703515625
0.57784745703125
0.5778607890625
0.57803156640625
