2.15238377734375
2.63984894140625
2.81742712890625
2.847599859375
2.8696755546875
2.87578614453125
2.8947806484375
2.8921155859375
2.9437595546875
2.93906779296875
2.95200233203125
2.97088260546875
2.96735398046875
2.9820967734375
3.00879826953125
3.03019934375
3.0526785625
3.05988496484375
3.07004321875
3.085388265625
3.088122859375
3.0948609609375
3.094538265625
3.09049303515625
3.09199817578125
3.09726034765625
3.09819951171875
3.09366598828125
3.09641476171875
3.1042444765625
3.1032774921875
3.105693359375
3.10428118359375
3.10653108203125
3.10881105078125
3.1106576953125
3.11183466796875
3.10399369921875
3.0974735234375
3.0967333828125
3.10233902734375
3.10577046875
3.11024034375
3.11423286328125
3.1178073671875
3.11652724609375
3.11952183984375
3.12365443359375
3.12452954296875
3.127256484375
3.12612491015625
3.1221550859375
3.12053647265625
3.1235200859375
3.12540683203125
3.12878894921875
3.13318511328125
3.12859323046875
3.12934996875
3.13055063671875
3.1265513984375
3.12189389453125
3.12044598046875
3.11994087109375
3.12169067578125
3.12369799609375
3.12152705078125
3.11635138671875
3.11371472265625
3.11452319140625
3.11333053515625
3.11232596875
3.1121918671875
3.110954828125
3.10942143359375
3.10717742578125
3.11124583203125
3.11235385546875
3.10947447265625
3.11176567578125
3.117372484375
3.11814316796875
3.12098642578125
3.1177370859375
3.1168069765625
3.11860325390625
3.1184208203125
3.12007721484375
3.1203075
3.11804595703125
3.11372182421875
3.10907657421875
3.10779307421875
3.10617155078125
3.1038586171875
3.1030149609375
3.10630869140625
3.10658706640625
3.10380601953125
3.10047781640625
3.09852998828125
3.09778109765625
3.09709618359375
3.0952356015625
3.09230666015625
3.09044215234375
3.0886900234375
3.088947828125
3.089104890625
3.08946459375
3.08838762890625
3.09038571484375
3.09206757421875
3.09333670703125
3.093511875
3.09379506640625
3.0973668671875
3.0975698671875
3.0979015078125
3.09695522265625
3.09885898828125
3.09966748046875
3.09890296484375
3.1006576015625
3.1022053671875
3.1026913671875
3.100759484375
3.100003625
