419.08767025390625
439.081008
447.44771278125
449.7311072265625
452.4239693203125
452.8008698867188
454.322096578125
456.6082809765625
458.19615266796876
459.51874121484377
460.79787796875
461.5537113828125
462.2432492265625
463.9185863398437
465.15630580078124
465.45735518359373
465.6354661171875
466.0279823125
466.4559066015625
466.95393827734375
467.41400196875
467.8441944921875
467.7973718984375
468.0293574765625
468.2553319726563
468.58582564453127
468.74526402343747
468.7010276210938
468.9797277773437
468.92116064453126
468.78213527734374
469.1355217148438
469.391003734375
469.58098581640627
469.626819140625
469.5528312421875
469.5395615078125
469.54283288671877
469.38881691015627
469.2922292421875
469.61832366796875
469.69847737109376
469.83332454296874
470.125373953125
470.45194042578123
470.501827234375
470.42084691796873
470.3474915507812
470.45306980859374
470.517831265625
470.4990840703125
470.454987796875
470.4885432109375
470.683009484375
470.8579675859375
471.0224108828125
471.16872826953124
470.923214234375
470.9248059140625
471.11963011328123
471.08715394921876
471.136704015625
471.26993629296874
471.48799839453125
471.7387789296875
472.09164431640625
472.16391467578126
472.104407640625
472.2674560351563
472.33633884765624
472.2990685898437
472.227870546875
472.091316203125
471.9918708203125
471.88008662109377
471.9098845078125
472.193119078125
472.13908659375
472.1209484882813
472.26283876171874
472.3774670390625
472.3049016328125
472.219005140625
472.11807073046873
472.1927283789062
472.25732365234376
472.3207838242187
472.3704760078125
472.24183848828125
472.077440140625
471.916456609375
471.79993888671873
471.76555300390623
471.7271651015625
471.73391018359376
471.72692428515626
471.8091638203125
471.76550637109375
471.58255823046875
471.43654715625
471.36164636328124
471.391816890625
471.3249830625
471.190732984375
471.1026288125
470.98382047265625
470.96583162890624
471.05522384765624
471.1220160859375
471.2446840390625
471.1949368671875
471.2591708789063
471.31063441796874
471.306360109375
471.241776046875
471.1861952109375
471.22770709765626
471.20496725
471.2977269296875
471.478327984375
471.67572890234374
471.72198164453124
471.72615412109377
471.8058455703125
471.85434557421877
471.8155333515625
471.73125459375
471.7186213203125
