101.690113
100.140382
100.929303
110.069275
108.689029
103.514096
97.982016
107.312373
105.324748
107.759694
98.956967
106.513604
103.986739
103.601978
101.564825
108.311753
105.548146
109.411150
106.369603
108.497318
101.300924
104.630207
105.073588
107.893524
97.105155
99.653512
100.753131
106.085599
105.087591
104.525987
109.734889
109.266644
101.300273
102.377497
108.684254
105.319619
102.509797
103.143245
102.881527
110.846286
101.476937
107.687867
110.608612
102.417668
111.014753
102.357414
104.333320
99.302551
101.200160
101.884713
96.355995
108.544273
105.901401
102.019815
105.638291
99.196090
109.657176
101.932480
110.438785
106.446160
112.800171
100.103280
98.840724
105.248433
103.088907
100.592677
112.070659
99.562661
103.156252
113.933939
101.362716
106.256265
109.312105
104.411724
99.469624
102.932517
107.428949
100.825379
107.836925
104.024362
100.597898
101.428977
108.663683
109.742376
103.962542
104.819462
108.671704
105.818414
101.583244
97.502239
105.299230
100.444383
103.421519
109.590457
104.514808
97.151305
103.480764
102.528690
103.747520
100.676657
109.761246
107.208430
102.605115
102.699634
103.473156
115.062668
105.072564
105.163988
103.639542
109.530406
106.615783
103.187119
104.085298
106.928300
107.909480
102.441546
107.309519
101.488112
102.369707
99.759649
106.437998
104.493852
111.602009
104.124468
106.257002
105.755401
102.952163
110.541096
114.229102
105.763335
100.035733
106.859346
100.558233
104.731772
100.867839
115.151723
101.992158
105.303465
98.507738
105.020461
111.216151
103.088967
98.515064
102.401098
103.203413
97.709236
102.582978
98.199159
103.775244
100.700871
104.359374
100.115660
107.633346
103.914641
106.819039
95.424080
99.703879
100.513329
104.904204
101.428171
100.398932
112.875754
101.886293
105.340814
106.882081
107.538313
107.469086
107.786263
101.637395
107.233000
102.636191
100.003378
104.122172
102.411074
102.388324
110.202925
101.366692
100.879246
103.611838
107.587348
111.897863
105.978778
105.980720
109.923381
110.022510
101.570597
105.025304
105.447858
104.773842
116.538627
105.240993
103.295800
103.059946
103.640759
104.274816
104.586525
109.419550
107.447284
108.425002
105.899735
104.944719
100.775508
106.182593
111.431367
103.862226
100.528169
100.066943
100.895727
100.828781
103.400914
118.290618
104.102240
103.681595
107.819651
102.734399
104.916031
104.737750
102.014735
104.912429
107.011000
107.901649
103.607730
97.840963
102.195744
104.266500
102.604245
104.568492
102.370615
100.380797
106.408466
106.400491
103.049708
107.014769
110.520889
105.296392
110.361794
106.997679
99.784045
100.443937
105.984419
108.600175
101.336068
107.192356
104.104506
106.420341
108.762604
102.958729
104.180800
101.869342
102.119647
109.013301
102.032139
97.503903
105.925796
114.205572
103.676963
