228.863788
222.130292
215.723273
271.211053
242.833780
191.661510
209.094817
201.045336
199.579153
249.130792
203.678443
215.672483
238.744068
223.530302
210.805566
207.030553
238.773086
241.251690
274.955617
227.134281
211.088126
187.088456
217.882635
202.677186
222.359985
223.612603
198.196758
229.899951
219.809729
193.628716
248.484889
219.293891
227.766419
211.528620
216.237553
215.708339
199.136278
195.568699
214.975113
196.722868
203.338194
239.674723
214.902755
216.208665
236.450693
223.203318
217.524181
204.881820
228.293971
205.832110
195.653854
218.686710
232.739307
220.387737
230.763361
207.337585
230.807537
211.507401
207.427610
194.525979
219.300720
215.546073
222.946365
216.205397
245.796151
205.283835
230.784946
205.781507
206.380133
241.380559
197.068179
209.385298
230.860570
215.953489
222.008681
193.778235
226.870161
241.405229
230.470348
224.195007
223.049187
221.575377
213.826128
208.595893
210.477536
221.715774
207.338508
224.168634
215.752752
216.063331
203.535666
203.526434
220.815389
213.588433
224.455199
222.872274
209.337612
235.625978
198.640805
218.186576
227.385357
219.007500
195.318952
197.129243
200.768091
216.616539
204.714612
208.092493
230.969189
221.818562
244.972332
213.163931
218.339254
202.603344
225.932318
227.943399
211.082687
204.565556
202.597171
207.028377
246.419970
234.541488
228.580820
272.251715
235.870768
227.662487
221.612390
217.601794
204.464987
216.548894
212.921640
234.344984
213.508975
218.179965
215.103200
211.437982
219.090770
220.672831
216.956533
235.119736
191.096421
199.601943
197.127375
214.701115
195.792388
189.138402
241.265690
204.088507
241.302745
224.064152
239.955209
210.842774
208.443203
223.272771
196.225845
291.768200
218.088977
224.398008
222.401629
226.891545
224.875432
223.738517
198.834313
208.182284
228.737404
202.205777
207.040315
237.236781
205.009491
202.881472
223.284461
223.400171
218.440189
230.875013
232.798599
195.468381
216.908979
209.864573
213.607246
218.235859
208.114565
206.107094
211.198460
211.301671
232.231800
212.654236
208.620860
214.085486
203.016799
216.105916
226.008790
244.601703
204.152345
209.599044
193.804394
237.274386
236.029837
219.468904
212.529236
224.462881
223.394869
212.849514
213.168976
221.371826
202.212673
192.320966
192.614148
217.423783
211.117338
207.243389
207.866919
209.440622
202.987045
226.330044
228.592389
228.591851
200.299825
225.774549
246.265920
225.908564
214.484405
230.407062
222.917114
210.019415
224.144007
226.096501
229.281889
222.675363
214.066345
192.139119
218.435971
236.410575
224.064160
222.826103
219.769536
238.864166
199.902651
196.271621
218.732718
209.628411
225.692857
193.978630
206.253111
206.657851
203.340108
220.569682
232.413580
205.094208
241.581939
228.969232
218.138306
222.733958
200.267199
186.503581
235.061434
213.962863
