16.4497316328125
17.57241046875
18.01919699609375
18.29836985546875
18.571109203125
18.6452300703125
18.78407421875
19.02148953125
19.09284107421875
19.17787251953125
19.28497271875
19.33019194140625
19.39980040625
19.52955908984375
19.61306515234375
19.62645540625
19.6065155078125
19.63237766796875
19.65152757421875
19.68016535546875
19.72130227734375
19.75125655859375
19.75658139453125
19.770555921875
19.7931183671875
19.81654128515625
19.836979703125
19.8462781640625
19.8623241875
19.84810361328125
19.83295926953125
19.86735769140625
19.899540398437498
19.92008735546875
19.92943346484375
19.9192319921875
19.92113660546875
19.9285578046875
19.924915578125
19.920189484375
19.94621926171875
19.9495194140625
19.956603796875
19.9734806171875
19.99965856640625
20.00742590625
19.996998
19.98126631640625
19.9866912578125
19.98971890234375
19.98918062890625
19.9939332890625
20.00252511328125
20.014013625
20.02420328125
20.03461465625
20.038218265625
20.02315823046875
20.0229915078125
20.04006362890625
20.04712756640625
20.056831046875
20.0733588125
20.09643925
20.11889498828125
20.14817613671875
20.155336671875
20.15629150390625
20.17408509765625
20.17785468359375
20.17581902734375
20.172512796875
20.158022546875
20.15225862890625
20.144182875
20.1507223359375
20.1695752109375
20.16651066015625
20.165256984375
20.1745134453125
20.1761848046875
20.1712991171875
20.15842198828125
20.15291032421875
20.15966812109375
20.16383884375
20.1679032734375
20.1720042578125
20.16116547265625
20.1476769453125
20.13985200390625
20.13524429296875
20.13382612890625
20.1324371015625
20.13793986328125
20.1402054765625
20.14158887109375
20.136719804687502
20.124676734375
20.11596641015625
20.1117039296875
20.116353140625
20.110819390625
20.10051298046875
20.09672899609375
20.0890395078125
20.09136249609375
20.09559288671875
20.0985575390625
20.1081738203125
20.1030907578125
20.10732489453125
20.1124323984375
20.11169958203125
20.1061413515625
20.10159244140625
20.0997973984375
20.09860633984375
20.108085328125
20.1276151171875
20.14534267578125
20.1488323125
20.149281390625
20.154977421875
20.15481313671875
20.15118455078125
20.14630730078125
20.1370860234375
