5.4475240625
6.5349901953125
6.97397171875
7.2463043125
7.51740870703125
7.59806951953125
7.72725847265625
7.95719975390625
8.02340001953125
8.11341051953125
8.2137187890625
8.2571948203125
8.324287
8.4491044140625
8.52921559765625
8.53874263671875
8.51864140234375
8.545535566406251
8.56602897265625
8.59369786328125
8.63172748046875
8.66274758203125
8.669476765625
8.68337141796875
8.704298296875
8.7277333203125
8.746920421875
8.75604185546875
8.771562296875
8.756401132812499
8.7412878515625
8.774600703125
8.80734828125
8.8267379765625
8.8338032109375
8.8231399375
8.82531415625
8.83199757421875
8.82772854296875
8.82282243359375
8.847743953125
8.8504160234375
8.8575004296875
8.874092375
8.898673609375
8.90653599609375
8.8974757265625
8.88262255078125
8.88772301171875
8.891456765625
8.89096840234375
8.8960346171875
8.904206703125
8.91495417578125
8.92506554296875
8.93469289453125
8.93805085546875
8.92351246875
8.9230321640625
8.93979265234375
8.9471505390625
8.95727221484375
8.97341345703125
8.99553108203125
9.01723258984375
9.0447909375
9.0514468515625
9.0525811328125
9.06977560546875
9.0725508671875
9.0706739609375
9.067068839843751
9.05351970703125
9.04806636328125
9.0401098828125
9.04564337890625
9.06330092578125
9.05956539453125
9.05808728515625
9.06689235546875
9.06916253515625
9.064612109375
9.051924796875
9.0461949609375
9.05186217578125
9.0562395546875
9.060105109375
9.0637523984375
9.05348896484375
9.040741671875
9.033164578125
9.02854087109375
9.02710540234375
9.02607377734375
9.03077076171875
9.0326928359375
9.03433013671875
9.02998696484375
9.01916252734375
9.01107645703125
9.0068826953125
9.01124118359375
9.0056375
8.9959175859375
8.99208926171875
8.98487277734375
8.9866591328125
8.990495109375
8.99348133984375
9.0027336328125
8.99759375
9.001301421875
9.0062524375
9.0056113125
9.00041078125
8.9959680234375
8.9943883828125
8.9935294296875
9.00280768359375
9.02133480859375
9.03822297265625
9.0415219296875
9.0424420625
9.047894390625
9.04762728125
9.0439256484375
9.0395487265625
9.03753779296875
