42.019259
40.459841
41.308516
50.014277
48.672055
43.787513
38.087671
47.183645
45.577471
47.650855
39.327332
46.636587
43.691930
43.658274
41.759467
47.967884
46.116207
48.969492
46.358818
48.164669
41.657873
44.679315
45.029995
48.154175
37.746041
39.826971
40.872289
45.690692
44.820160
44.546592
49.712828
48.608023
41.465098
42.638283
48.793344
45.566136
42.421741
43.289307
42.800579
50.281266
41.777088
47.933325
50.333644
42.366895
50.215449
42.156112
44.347037
39.813943
41.613693
41.716686
36.889118
48.672722
45.374665
42.613855
45.386077
39.590141
49.512399
42.025396
50.354431
46.322776
52.799923
40.281950
39.249771
45.161917
43.413057
40.488716
51.851620
40.024129
43.444581
53.285900
41.268897
46.295135
49.258575
44.469378
39.295078
42.773293
47.689095
41.309245
47.296614
44.135521
40.591306
41.666709
48.862647
49.849759
43.840810
44.956826
48.820064
45.146757
41.559818
38.081104
45.525025
40.945599
43.707054
49.271886
44.631280
37.561826
43.691235
43.158135
43.456134
41.012106
49.356575
47.263306
42.566291
42.946605
43.797484
54.994582
44.703972
45.338766
43.259550
49.638719
46.906206
43.674482
44.072679
46.567037
47.115646
43.171643
47.013522
41.470558
42.262564
40.204833
46.180085
44.402980
51.434656
43.843495
46.297393
45.391952
42.700539
50.227243
53.915862
45.750544
39.758475
46.970339
40.783495
44.540195
41.202347
54.902403
42.291652
45.436845
38.445183
45.187095
51.290188
42.866337
39.064173
42.564816
43.279343
38.284437
42.955747
38.860876
43.853326
40.597176
44.446151
40.049867
47.624661
44.404377
46.705792
35.728334
39.859230
40.784808
44.566528
41.868210
40.691349
52.465058
41.773474
45.212976
46.547462
47.278985
47.405728
47.578069
41.657004
47.070911
43.227721
40.107089
43.872464
42.354976
42.496793
49.715494
41.640286
40.930122
43.546497
47.907854
51.336086
45.372580
45.673399
49.570089
49.850033
41.942089
45.189118
45.224059
44.736488
55.889595
45.127640
43.664578
43.037309
43.702181
44.332196
45.241070
49.330484
47.642455
48.372137
45.871390
44.765890
40.829848
46.170498
51.333654
44.214233
40.804092
40.190233
40.982543
40.919850
43.332657
58.071511
44.195933
44.021335
47.671454
42.864117
45.208705
44.571078
42.111670
45.137480
46.428561
47.676363
44.050711
38.027500
42.254824
44.455258
42.497209
44.165439
42.738185
40.561018
46.807293
46.647499
43.165750
46.991683
50.449431
45.293964
50.007878
47.049853
40.075917
40.233880
46.037415
48.215879
41.592688
46.838315
43.903851
46.470898
48.999933
43.099180
43.854327
42.057479
42.038171
48.638955
42.489310
38.140598
46.259258
53.922280
43.721173
