27.877730
26.465932
27.886733
29.221747
25.774855
26.720362
26.568255
27.566960
31.980150
31.062967
28.377029
27.129874
33.381641
32.000678
25.737332
25.442244
30.263822
33.214608
29.853985
28.827059
23.756398
27.536796
25.636673
30.940129
26.529353
28.245188
27.460623
27.370666
26.440533
29.046483
31.737211
26.773339
24.645374
31.531544
29.070031
24.094104
24.135687
25.762059
26.389417
32.305613
25.595458
25.966640
32.388565
28.387553
23.660481
25.362467
24.239787
31.765139
26.090529
25.370888
28.937678
26.112642
24.697849
31.888025
30.402556
30.390424
27.115228
28.372447
27.697484
27.090074
29.168220
28.590294
26.385530
24.365710
24.901796
23.749765
29.191057
28.126019
25.287834
29.634784
23.675885
28.063445
27.759427
26.773522
23.772093
29.026038
29.194777
31.282449
24.690851
27.192718
24.073592
26.240960
29.577752
28.074927
25.737963
32.623822
26.109464
28.609152
24.732334
25.375849
27.831897
24.297589
24.326530
24.080618
29.207089
30.950808
27.710733
22.531218
26.273500
26.252104
28.851436
32.020506
32.406869
29.763366
27.482670
29.964817
24.871946
28.035057
23.363462
25.836691
25.948462
27.704167
26.334802
26.054987
23.371092
29.908899
28.865970
35.511897
26.877835
24.995259
34.172226
30.504636
26.772311
30.193907
30.592260
26.008692
25.624986
27.303448
33.359652
33.551918
27.211612
29.876030
27.483084
26.200447
27.776383
27.801949
26.642858
28.017226
27.683645
28.731701
26.768351
29.666516
27.009422
25.499571
29.267584
26.096964
34.692913
27.178137
25.131051
24.906783
26.025050
24.780403
26.763784
31.169493
27.150726
28.674637
28.464844
24.518624
29.204085
27.040361
26.949975
35.077493
31.415315
24.225555
29.058386
27.867461
28.175204
26.739002
23.791330
27.859548
29.607987
26.854600
30.221026
28.009522
26.898143
27.053870
28.105156
29.297797
31.062655
26.692235
29.378910
24.883707
25.567347
28.376848
32.011743
26.574709
26.998803
28.906088
33.518716
25.498112
27.422655
31.689360
27.166341
27.471138
24.143577
29.593944
32.950540
25.354761
26.140687
31.401162
33.938623
27.161190
28.246913
29.981341
25.592643
29.986832
22.554068
28.515664
29.599446
31.195858
29.528491
30.068145
24.210155
31.449114
34.855138
35.600096
28.397590
29.279698
30.039244
29.767491
27.011960
23.836540
25.131080
24.547649
25.798414
36.293184
28.641643
30.346701
26.355913
23.991035
25.421761
30.185984
34.314014
25.792615
28.573013
29.720835
29.515182
26.068548
25.282383
27.185609
27.471517
25.323918
26.825170
26.685498
31.153424
26.843209
30.490354
31.115915
31.645568
27.298128
25.667711
27.792550
29.557004
26.238509
27.101984
30.231676
