258.913264
355.851186
347.286745
369.610527
362.818823
367.035184
393.039313
418.201522
454.829331
467.799517
476.343418
483.773132
492.464068
509.977465
534.040017
550.590959
562.404577
573.724454
579.344898
584.841370
587.142274
590.206800
590.818369
600.961655
612.790482
626.191858
633.687195
626.807447
628.290902
640.189059
650.627870
659.073169
668.659595
678.930060
687.220836
696.543033
709.664875
716.031124
724.133024
731.255814
740.297816
754.127501
763.937553
775.746102
785.867906
796.996682
802.385419
814.059121
822.751046
834.080882
847.771489
861.226106
871.686132
888.343587
901.587120
911.105113
919.933258
925.855485
936.732357
941.840837
946.542104
951.926601
959.182185
972.244666
980.548158
986.635953
998.570501
1005.526080
1010.216495
1007.788835
1015.673287
1020.827605
1030.132727
1034.457081
1040.107123
1040.915589
1045.584188
1052.399067
1057.005987
1059.235982
1061.898507
1067.426278
1070.574611
1073.470537
1078.942904
1084.070295
1089.849879
1095.618803
1101.800191
1110.066188
1118.748724
1129.024631
1136.592605
1144.087783
1148.531415
1151.356306
1155.819883
1156.649805
1160.887843
1160.937143
1164.425200
1168.883565
1172.741140
1174.160764
1175.568038
1180.185729
1181.845412
1182.829889
1185.779880
1188.800931
1191.762158
1195.331883
1201.236680
1203.894728
1203.452673
1206.251058
1209.181348
1212.886503
1215.616698
1217.053416
1218.335172
1221.363007
1224.815160
1229.463803
1233.426074
1235.584505
1237.790799
1239.312126
1242.734347
1245.530610
1249.620818
1254.114328
1256.884931
1259.294432
1260.960765
1264.182664
1268.342489
1271.497266
1275.633771
1278.188595
1282.080142
1286.866938
1288.701863
1294.166613
1300.070065
1304.669170
1309.330368
1313.672723
1319.577939
1324.841145
1331.072392
1335.437152
1341.149381
1346.833300
1352.630951
1360.070836
1364.972028
1371.135079
1373.407681
1378.374949
1383.853578
1389.360555
1395.559452
1402.610229
1407.491072
1409.589330
1414.586576
1420.062209
1425.407695
1426.995432
1430.640819
1434.939174
1438.057786
1442.123159
1445.022239
1446.602247
1451.417470
1455.068105
1458.747572
1463.209833
1467.734926
1473.058904
1476.574659
1482.174806
1486.780820
1492.053961
1494.073365
1498.232477
1503.293962
1507.441111
1511.025177
1516.528120
1520.405885
1523.722711
1529.306951
1532.614569
1536.699392
1541.116993
1545.232383
1549.976135
1555.469770
1560.648913
1566.242343
1570.828704
1576.751925
1580.610413
1584.831517
1590.648936
1597.405665
1602.512135
1608.413459
1613.834276
1620.517343
1626.385652
1633.795964
1637.871886
1643.223280
1648.892005
1653.252986
1659.607423
1665.286553
1669.743977
1678.008753
1682.967282
1687.570435
1692.362678
1698.818464
1704.911160
1709.738904
1714.482476
1719.438885
1724.986459
1730.725774
1735.454887
1740.881525
1745.513691
1751.417754
1757.078426
1762.804939
1769.860324
1776.096777
1781.329121
1788.740739
1794.132043
1799.064850
1805.538000
1809.854279
1816.973261
1822.559054
1827.659341
1832.803696
1840.286251
1845.328480
1851.214666
1856.099602
1861.813607
1866.784757
1871.483272
1876.703090
1880.387701
1885.193907
1888.811057
1893.614687
1897.104203
1903.399811
1909.143261
1913.559473
1918.817306
1923.636567
1928.633297
1933.875243
1938.734163
1943.124518
1947.754621
1952.014041
1957.719267
1964.361233
1969.501854
1974.500688
1979.495321
1982.294265
1987.197474
1991.788625
1994.958356
2000.679507
2004.882749
2008.680692
2011.630692
2016.127673
2021.220587
2025.577989
2027.619189
2033.650743
2036.859402
2038.659008
2041.895301
2046.393349
2049.989070
2053.127365
2057.572079
2062.616466
2066.756242
2072.931591
2076.839216
2080.161836
2084.632799
2087.061165
2092.093271
2093.581933
2096.568085
2099.350247
2102.033961
2104.049553
2106.529121
2108.378795
2111.109524
2114.080080
2117.347863
2117.895327
2120.307916
2123.190894
2126.555314
2128.891736
2131.583080
2134.067747
2136.113441
2140.319995
2142.682862
2144.818192
2146.254811
2148.316811
2152.132881
2155.263833
2157.865832
2161.246330
2164.253986
2167.806344
2170.645369
2172.489019
2174.086298
2177.869606
2181.819299
2186.615942
2189.787349
2193.308465
2197.895122
2201.098732
2205.887825
2209.503624
2212.605922
2215.693477
2219.427442
2222.289037
2226.578646
2229.672218
2232.659811
2236.659323
2239.786292
2242.915042
2246.068982
2249.029952
2251.105263
2253.829526
2256.134759
2257.457751
2259.435142
2261.389833
2262.113939
2264.053213
2262.620485
2263.866843
2264.249160
2263.367454
2263.339893
2264.645110
2266.155994
2267.720623
2269.617253
2270.725713
2272.242289
2273.410390
2274.059706
2274.289828
2275.073829
2275.418927
2276.196389
2276.782233
2277.910029
2278.157504
2278.743311
2278.338804
2278.220626
2278.090734
2278.137630
2278.793171
2278.086435
2277.488046
2278.581296
2278.196974
2277.862683
2277.393750
2276.097380
2275.206055
2275.118510
2274.746805
2273.354881
2272.900255
2272.259232
2271.758815
2270.203658
2269.157055
2268.781260
2268.254174
2267.899700
2266.881112
2265.233972
2264.650063
2263.598002
2262.385411
2261.652411
2261.259217
2259.709624
2258.734533
2256.670292
2255.285028
2253.593179
2252.776339
2253.224317
2252.706420
2251.592975
2249.933550
2249.194536
2247.957498
2247.058641
2244.255813
2242.236649
2241.905422
2241.210105
2240.324870
2238.890873
2238.080951
2236.358424
2234.536938
2233.890083
2233.616307
2232.716446
2231.582963
2230.299860
2230.075461
2229.662347
2228.774615
2228.355160
2226.500024
2225.146418
2224.237023
2222.895602
2222.746151
2222.056124
2222.421067
2221.581810
2222.286329
2222.421862
2222.572742
2221.835543
2220.078881
2220.160480
2219.756621
2218.648992
2217.376088
2216.663781
2215.745231
2214.446584
2214.096676
2212.885313
2211.782174
2211.848601
2211.494613
2210.976623
2210.077658
2208.998459
2208.224524
2207.776051
2208.170967
2207.886876
2208.281911
2208.059849
2208.008261
2207.784714
2206.773702
2206.312284
2204.328758
2203.758898
2202.729300
2202.157668
2200.440276
2198.715361
2198.353675
2197.311929
2196.693802
2195.641879
2194.814911
2195.182682
2195.396148
2194.587721
2193.940438
2193.376294
2192.812112
2192.936154
2192.042129
2192.229207
2192.392554
2191.557298
2190.920178
2189.421611
2189.332803
2188.810809
2188.840342
2187.916291
2187.221072
2186.982484
2187.260686
2187.253343
2186.530851
2186.377556
2186.060546
2185.579567
2185.326848
2185.371385
2184.902783
2184.430961
2184.825687
2184.821044
2185.365614
2184.807262
2185.004978
2185.383091
2185.323651
2185.426517
2185.269198
2184.793541
2185.875641
2185.550128
2184.643441
2184.579391
2184.382707
2184.706203
2185.176185
2184.126607
2183.877916
2183.510311
2184.281103
2185.265784
2185.254701
2185.481930
2185.117546
2185.655030
2185.896190
2186.640900
2187.087073
2186.142299
2185.684076
2185.486623
2186.122547
2186.354439
2187.274749
2186.430658
2187.201939
2187.106079
2187.432800
2187.167084
2187.666170
2188.199420
2188.773989
2189.544756
2190.491241
2190.547598
280.536944
338.325965
364.445699
452.790245
544.386522
605.136179
624.760297
681.002913
672.416162
708.785232
723.820490
781.109659
813.009143
887.865912
913.841296
925.847528
963.066943
999.807892
1031.306135
1078.436983
1085.656474
1126.835002
1164.695356
1202.225686
1232.783037
1283.433970
1296.933441
1354.296809
1409.537895
1454.276338
1515.066359
1562.676328
1623.633081
1677.470492
1725.535734
1768.159503
1810.946684
1860.824864
1912.455106
1952.368935
2022.974078
2071.600584
2094.534532
2158.758260
2221.170003
2272.006918
2331.633570
2400.263993
2446.904647
2499.718519
2548.311567
2596.716267
2652.151336
2696.716278
2753.773558
2833.642215
2888.852841
2945.954425
2971.605815
3048.092077
3105.198036
3169.859969
3219.403258
3286.780841
3347.227247
3419.034729
3474.221499
3530.631948
3569.043185
3657.322152
3683.970005
3742.011002
3811.308466
3881.932613
3933.804778
3973.161808
4042.404425
4088.881427
4171.239882
4226.453225
4317.205669
4365.627641
4417.558946
4475.506632
4544.986127
4625.210673
4663.735444
4715.937817
4753.333371
4826.195115
4894.997620
4975.298188
5011.018906
5079.190225
5140.807848
5205.900339
5288.474371
5342.499440
5379.920553
5443.573831
5509.901561
5567.121527
5604.467970
5637.477180
5689.059638
5719.832440
5747.309699
5763.632521
5830.917044
5889.821731
5962.272853
6031.112948
6081.623607
6145.498969
6199.469427
6238.059757
6303.044358
6357.249451
6440.003658
6502.203847
6535.510386
6580.137577
6661.833765
6707.063839
6762.517205
6784.627792
6857.223970
6919.993787
6953.290387
7013.578404
7011.464032
7070.607059
7140.945338
7224.316119
7276.599196
7329.258168
7411.528593
7441.709190
7487.903928
7532.006884
7570.377235
7632.113050
7682.981708
7732.153678
7777.039624
7827.213140
7875.593132
7908.444543
7995.199395
8048.497796
8086.781767
8136.766726
8187.742579
8262.980595
8307.586904
8350.269243
8371.428553
8407.836539
8469.843541
8497.753756
8587.608566
8661.690169
8710.841724
8762.143128
8792.665832
8816.385822
8872.723844
8975.259150
9020.248373
9103.121967
9144.103854
9184.642651
9256.857100
9305.334525
9343.257282
9377.646377
9440.554663
9463.713566
9533.118598
9589.101241
9617.687840
9683.971629
9725.916298
9778.681244
9821.468643
9874.461729
9955.913667
10011.844875
10061.270307
10119.007498
10189.091721
10205.723030
10280.112521
10362.183632
10426.600421
10500.673853
10556.496200
10606.293006
10673.423254
10743.363147
10825.508880
10896.689542
10962.032501
11009.461269
11081.496312
11156.484626
11211.225139
11252.405063
11302.000250
11326.661330
11411.360981
11461.910193
11516.885724
11595.429656
11644.548434
11718.304539
11778.138560
11833.477340
11906.098996
11951.235243
12014.023199
12026.941052
12079.026185
12138.452894
12208.052012
12297.694538
12371.281394
12442.410826
12537.139949
12559.166548
12597.775953
12687.698844
12756.433230
12777.100331
12841.337887
12898.308001
12924.580690
12986.379377
13053.341818
13103.232735
13152.118360
13210.500821
13270.711589
13303.015366
13332.940544
13406.144538
13434.770032
13457.067262
13495.394530
13570.471569
13604.768777
13604.802208
13652.810414
13709.001551
13764.438002
13777.353566
13845.358948
13914.421792
13950.160533
13996.853301
14046.574746
14113.376749
14175.098405
14245.736661
14292.603086
14365.221697
14423.448124
14458.101593
14496.337584
14483.358941
14519.779012
14608.757285
14625.621703
14706.542176
14764.832998
14791.731897
14834.084702
14868.098745
14900.156285
14931.887618
14992.588927
15053.701338
15131.704622
15195.717998
15262.748004
15325.763448
15382.837602
15447.847482
15521.784838
15583.316715
15633.049576
15684.683280
15757.258281
15825.059769
15886.770272
15926.973912
15989.032773
16029.302317
16075.662781
16106.090261
16146.893170
16185.584585
16240.880199
16291.409563
16340.570040
16410.264091
16476.143863
16510.612218
16578.297371
16651.373615
16714.145615
16763.987548
16818.296633
16886.076437
16965.208284
16989.218800
17040.139674
17091.448592
17119.438128
17167.445989
17192.322873
17243.207681
17280.369853
17347.579266
17423.484200
17470.831855
17509.671713
17595.758412
17645.213457
17705.755146
17748.791482
17776.236094
17838.235862
17895.608629
17957.657135
18009.794195
18080.082465
18157.562051
18212.830170
18277.969181
18362.449633
18408.019733
18480.073814
18548.398390
18607.696889
18645.094840
18707.735554
18753.656003
18786.297808
18804.783850
18851.730659
18908.636766
18952.660682
19019.566215
19083.216843
19129.402380
19168.780506
19225.765682
19273.606574
19345.947544
19429.556654
19474.257257
19477.284912
19515.973413
19586.172374
19617.339919
19683.037890
19736.227290
19765.426757
19797.174885
19851.758597
19910.645333
19976.223979
20049.391029
20114.217963
20140.137122
20200.129630
20258.846464
20309.232509
20363.832564
20384.307077
20439.170547
20464.336532
20479.764181
20535.164015
20550.753367
20606.503867
20655.926232
20675.132722
20718.220653
20754.180989
20815.277990
20861.660466
20924.370219
20978.350247
21042.479171
21057.956185
21064.019411
21117.776651
21153.195817
21197.814960
21235.647442
21247.498284
21287.720283
21352.434100
21410.678217
21448.911375
21529.725460
21559.773923
21545.910776
21601.023191
21644.908214
21667.677863
21663.943356
21681.269713
21695.476438
21734.506362
21779.588398
21853.027091
21886.425542
21943.871391
22001.575478
22044.317992
22077.200828
22075.762411
22107.764643
22154.665706
22171.760592
22191.484125
22242.998297
22244.903687
22276.028782
22303.329663
22354.126589
22374.368409
22409.041337
22432.942842
22495.672599
22543.832171
22583.172655
22620.385865
22632.962628
22653.156475
22683.664482
22730.512869
22754.285159
22773.759599
22786.580010
22826.603927
22874.365560
22903.524981
22941.105504
22964.187951
23014.744824
23046.288265
23075.551880
23124.120194
23159.964729
23177.312010
23216.098555
23239.351297
23249.272869
23267.953324
23297.786308
23340.522266
23397.182325
23423.703496
23471.278036
23502.561725
23528.155210
23530.494464
23569.092130
23641.436583
23659.405103
23694.042795
23725.511628
23776.790826
23804.905119
23828.667643
23844.495251
23874.749303
23920.329811
23944.340493
23973.513015
23985.884411
24024.680862
24035.387660
24069.870265
24087.047095
24145.157000
24164.404233
24191.452455
24210.821137
24260.305694
24298.862966
24295.489800
24326.105060
24339.278076
24363.515614
24394.545366
24424.089267
24419.630011
24434.679819
24461.771815
24488.186474
24511.158584
24532.055968
24573.047011
24616.530239
24635.743309
24673.040700
24727.103727
24724.536527
24763.225310
24798.960164
24807.501382
24834.949079
24843.404163
24871.011015
24908.791840
24920.088812
24951.984661
24988.168633
25031.110162
25040.841554
25031.625127
25062.609083
25073.863220
25103.362264
25128.217630
25145.927783
25164.633325
25162.027593
25190.027008
25199.219916
25241.172674
25253.273489
25268.137284
25297.521816
25299.094015
25328.126166
25381.315802
25407.813463
25438.481637
25463.362068
25471.205562
25493.987332
25543.072311
25560.276807
25589.935400
25615.307138
25644.740496
25678.967345
25678.324338
25703.440974
25710.419876
25734.845176
25731.468401
25757.021922
25776.561898
25790.962788
25793.923803
25840.838297
25837.394743
25860.002112
25892.294268
25923.146066
25990.286425
26001.251334
26006.885989
26026.847417
26039.720367
26063.221894
26084.380139
26075.750438
26057.051001
319.872239
493.884519
656.649880
603.645027
723.150481
825.713327
852.279448
829.590089
857.804390
917.090676
939.144028
1016.223239
1058.392311
1093.834924
1171.430005
1206.265518
1269.684922
1317.015633
1406.263900
1462.423044
1473.330663
1493.707347
1485.152544
1562.651747
1593.605587
1634.889694
1660.641203
1696.219179
1743.124156
1778.137727
1811.335656
1875.009414
1930.975972
1962.702917
2030.824291
2106.609252
2146.024315
2227.184609
2304.297295
2388.912502
2474.412392
2535.440097
2543.477139
2620.478069
2704.414245
2767.386341
2854.760012
2920.672262
2992.667069
3019.464615
3073.037591
3156.051410
3216.568944
3261.364009
3345.475325
3383.739670
3472.440046
3537.603063
3639.618514
3731.151567
3826.200013
3900.145410
3966.171974
3981.809337
4049.369034
4101.642657
4144.431721
4213.295765
4288.959848
4323.097435
4376.894323
4399.551397
4465.282554
4539.125136
4583.203334
4638.477506
4714.347572
4760.432456
4819.455627
4881.812347
4982.084510
5035.988168
5090.673691
5144.822859
5182.478496
5241.759664
5270.630888
5324.858927
5391.773624
5461.727047
5542.562839
5602.834800
5647.266611
5700.805635
5746.244777
5825.364271
5858.265984
5920.556805
5974.428802
6024.024041
6091.621305
6130.787750
6201.960763
6290.746763
6338.198258
6374.083654
6451.869120
6502.793845
6560.671296
6640.765195
6665.099055
6738.900729
6814.705455
6908.340519
7000.357819
7082.347379
7146.892796
7209.655014
7267.928690
7294.837512
7380.021811
7481.621840
7530.227338
7552.194534
7611.456187
7644.122652
7705.790677
7783.937488
7841.013602
7908.037431
7979.587755
8045.958904
8126.438782
8196.102676
8255.277661
8324.248858
8353.128821
8407.649574
8471.424299
8552.718709
8611.839539
8673.571759
8774.257671
8848.252817
8912.579695
8990.767939
9046.333501
9062.204669
9121.640449
9186.199229
9241.070229
9310.523115
9401.530626
9467.402307
9490.811537
9565.245239
9612.922138
9676.967605
9733.395834
9761.215118
9850.810189
9918.693508
10001.078985
10042.219517
10108.093793
10166.670177
10232.689064
10269.984039
10298.077964
10335.839590
10360.758873
10432.028601
10514.891725
10594.347582
10673.283884
10714.821420
10758.309579
10833.068003
10915.412208
11007.452206
11092.004566
11146.311503
11206.839322
11282.032834
11331.801599
11399.024722
11474.587523
11526.753108
11576.543811
11622.118497
11666.460869
11725.158508
11765.402038
11822.256417
11889.327281
11946.950333
12003.853266
12040.583088
12096.816111
12165.235332
12243.654121
12327.601710
12366.808610
12397.980614
12422.666570
12491.994086
12546.936325
12611.786698
12666.729367
12715.860936
12794.332560
12842.146957
12913.573828
12986.083195
13008.242432
13070.449279
13120.758646
13154.924496
13204.431273
13284.861151
13343.261519
13425.891739
13489.665415
13564.430249
13598.454186
13661.841482
13740.469962
13811.830779
13829.225170
13865.460874
13935.097488
14010.714039
14084.104238
14126.025321
14190.201160
14271.044299
14327.963195
14420.196391
14485.723289
14552.647381
14615.267758
14652.600977
14724.477924
14792.823766
14875.169851
14915.357906
14990.267400
15063.970070
15154.200869
15215.565377
15284.634452
15350.156299
15385.211153
15456.390860
15529.141530
15603.284096
15685.628941
15779.791546
15835.650269
15866.956182
15909.168920
15969.368034
16031.578050
16080.970763
16135.721179
16207.102911
16295.122876
16348.063672
16401.036307
16429.313479
16506.616081
16570.230173
16635.181075
16703.797012
16770.896169
16856.505000
16868.368671
16935.024167
17002.065851
17049.731288
17112.248640
17141.708194
17220.630752
17282.779873
17330.910226
17379.886126
17416.673605
17459.027616
17495.661074
17544.583233
17608.294663
17668.636705
17746.738666
17828.443926
17874.616815
17918.078302
17977.207635
18048.904348
18094.655062
18136.611268
18175.706345
18262.101320
18321.612723
18403.780379
18456.796254
18545.983403
18609.771518
18668.363959
18702.416620
18728.532693
18805.086634
18837.928685
18896.841730
18945.681385
18995.299440
19035.006445
19097.804607
19172.943377
19231.664769
19299.317987
19328.409835
19398.262010
19433.206046
19517.954134
19598.980333
19668.838588
19742.202625
19785.589948
19824.363878
19862.460429
19914.215827
19963.574601
20056.316432
20113.153319
20137.541656
20222.434457
20281.303750
20351.014850
20408.291164
20482.764583
20546.331086
20585.664605
20655.005009
20722.758950
20761.882144
20837.431177
20888.691173
20973.399509
21010.835854
21048.280991
21137.489785
21181.220721
21249.630142
21328.786621
21361.054087
21414.110249
21501.944605
21566.508534
21634.406812
21695.986188
21730.071294
21797.247698
21859.694886
21932.237724
22015.365509
22064.363109
22119.808194
22171.056302
22225.355615
22315.326242
22370.838516
22424.270980
22455.242795
22451.030843
22511.735393
22553.540148
22631.627275
22671.436283
22739.420888
22795.510672
22866.636778
22924.281106
22961.250388
23061.587003
23100.635396
23094.272611
23113.303527
23162.473605
23224.581290
23274.685371
23329.291795
23361.303253
23424.278964
23517.406587
23568.116716
23621.521834
23648.284473
23677.727878
23717.670675
23754.809112
23789.981934
23844.523608
23900.499684
23954.007368
24000.155741
24040.574804
24061.988125
24099.158280
24149.823895
24201.160233
24259.364275
24268.252057
24330.041935
24365.318358
24387.473618
24430.879403
24507.821980
24555.920691
24639.112853
24659.638479
24695.761405
24755.553626
24801.717030
24820.730705
24881.836400
24915.220479
24949.183977
24949.490455
24998.322136
25021.522654
25047.690068
25094.326275
25089.489470
25121.185201
25149.572232
25179.707964
25227.256624
25277.232033
25310.148990
25356.823882
25405.819492
25477.663696
25505.470065
25558.568655
25563.237003
25612.298963
25623.899050
25670.148154
25668.463576
25707.492835
25763.527144
25767.858644
25806.306942
25858.232871
25933.342419
25952.293872
25998.589352
26047.211976
26080.245002
26106.737204
26149.235711
26198.462240
26244.966508
26247.604194
26277.104811
26310.622112
26322.319262
26374.583695
26394.755017
26448.410727
26485.759448
26526.230194
26556.957555
26620.499190
26675.364410
26713.007320
26752.089593
26812.015275
26847.581833
26877.828701
26930.413697
26951.588694
26986.993078
26967.178039
26969.616139
26987.821761
27018.633167
27047.823976
27051.045015
27057.321881
27046.073814
27086.334473
27118.029105
27183.544847
27212.070183
27237.915672
27229.138950
27230.484244
27253.723522
27282.127184
27315.389433
27363.695792
27367.904536
27391.468920
27415.120085
27474.817690
27473.750328
27494.776658
27537.853331
27550.685365
27589.834299
27590.102636
27619.874489
27651.359713
27687.278671
27690.769053
27687.353733
27687.482450
27721.596499
27728.796727
27761.337887
27764.685102
27786.640905
27844.293622
27877.975136
27910.824404
27919.689896
27942.365261
27984.935046
28009.360793
28060.070570
28072.273741
28085.001778
28113.819460
28154.164773
28195.058866
28236.150243
28255.840218
28273.731842
28303.596674
28330.130911
28336.849932
28344.774067
28334.567127
28357.706362
28389.163746
28393.764145
28409.964247
28419.810035
28430.656481
28490.862058
28475.811894
28511.689191
28547.083339
28544.141274
28574.298377
28596.838338
28617.781517
28623.298112
28647.381168
28663.289018
28711.430331
28734.321956
28745.698880
28764.428299
28792.465331
28816.845561
28816.735907
28856.157837
28895.170747
28924.591344
28942.496931
28964.259702
28990.097843
29018.218669
29051.282297
175.298910
362.569048
371.176720
404.617662
479.868534
562.794624
614.383658
673.441430
703.749001
740.688776
773.432651
798.381433
823.948308
839.827069
858.775140
898.619534
966.031373
998.701877
1061.032610
1102.698767
1138.360831
1162.774114
1202.209795
1257.947375
1285.709138
1318.666151
1356.778192
1400.291762
1463.974509
1534.993809
1582.112521
1652.166922
1695.181190
1730.750060
1795.855742
1845.547080
1885.922579
1923.595168
1962.173727
2008.619424
2060.153322
2106.971167
2145.564094
2193.967067
2227.330911
2287.787173
2334.972656
2370.653831
2423.816159
2480.604518
2544.040171
2591.797562
2631.673331
2639.999943
2664.153139
2727.535576
2804.218780
2874.593084
2905.117593
2960.450160
3016.979730
3057.561344
3098.515861
3144.896943
3167.456459
3210.217698
3267.660285
3338.712611
3383.225123
3409.827989
3456.589202
3511.252975
3563.041045
3596.329085
3648.838521
3678.117717
3750.277956
3810.093382
3882.058936
3933.595265
3981.526811
4020.956666
4057.966599
4091.435598
4143.102795
4195.086303
4248.219726
4305.162056
4380.671251
4435.502825
4500.228239
4558.378626
4604.890037
4668.842065
4720.134447
4792.779258
4837.042648
4889.323152
4950.272529
5017.870802
5061.615928
5130.398169
5182.725200
5223.835196
5268.764848
5332.050220
5387.209528
5433.741838
5485.152396
5549.739338
5613.894855
5675.451560
5724.735933
5787.222693
5831.986184
5872.733768
5928.297857
5954.472167
6011.409690
6064.514722
6119.605119
6203.739200
6242.153020
6284.905730
6282.623150
6355.610294
6409.568598
6469.675353
6531.025598
6571.800830
6603.350214
6659.812825
6719.937161
6774.600752
6831.342333
6894.411440
6950.404109
7012.854289
7056.237088
7112.983660
7159.484316
7210.241781
7250.209635
7300.071474
7341.617667
7390.684194
7423.934564
7478.734142
7510.819893
7577.826517
7639.249253
7713.784695
7770.252099
7829.392139
7877.532906
7924.210450
7978.916103
8031.307492
8085.709640
8140.021322
8176.425014
8210.579508
8270.904633
8313.575144
8329.157797
8394.131380
8458.975495
8521.506490
8560.231658
8612.436174
8652.402611
8696.204999
8725.163552
8788.938655
8846.663789
8869.496349
8906.439725
8965.307781
9004.103019
9071.797014
9111.066431
9173.714608
9208.184085
9226.918099
9300.475673
9375.948249
9427.233839
9486.985184
9549.633751
9597.269411
9633.710721
9678.426113
9732.123135
9756.966825
9841.933860
9885.954880
9960.331029
9998.717451
10081.471602
10124.022578
10173.554005
10221.304604
10286.746279
10330.184625
10368.337664
10421.762730
10480.614106
10516.635417
10572.110308
10633.914916
10677.889222
10720.055571
10764.513188
10828.673661
10881.167514
10940.758044
11011.367621
11073.123248
11106.114218
11173.487352
11220.627263
11287.671826
11350.754417
11368.653844
11432.341748
11499.187973
11566.232163
11625.982532
11686.200737
11729.541917
11802.501125
11867.042872
11912.752128
11966.206686
12024.156612
12089.571730
12163.264537
12219.911660
12266.122970
12321.977117
12398.538016
12453.780537
12526.162710
12595.574843
12658.754282
12720.283234
12764.849375
12831.982999
12889.295198
12950.288077
12950.885002
13011.572400
13039.519886
13093.319115
13171.391119
13238.735861
13295.897777
13330.804437
13377.853052
13420.329554
13468.712566
13544.319096
13581.147575
13651.425847
13691.172068
13697.717976
13755.031301
13825.679536
13869.514744
13903.924720
13941.428673
13998.146416
14036.647311
14107.230173
14165.556672
14213.749641
14238.845202
14296.529503
14350.077222
14406.089716
14462.694799
14509.465401
14537.414371
14592.123082
14665.502538
14720.946721
14771.529188
14831.703969
14887.810280
14934.156503
14981.245515
15010.352428
15078.536067
15119.367641
15191.184921
15242.052200
15301.131973
15363.048559
15421.441307
15455.268988
15531.698586
15596.037371
15625.078047
15663.914374
15705.772687
15754.105683
15833.464000
15901.300637
15956.098502
15996.162985
16040.690807
16101.294061
16150.062923
16201.333943
16246.748087
16306.636449
16357.108960
16399.121393
16436.586155
16522.116311
16615.880487
16666.156497
16734.035113
16762.433572
16806.755542
16869.113460
16921.520261
16963.687077
17025.350659
17098.383854
17158.025300
17215.426348
17281.832251
17334.548057
17387.038033
17457.001630
17530.252433
17602.003225
17650.559618
17697.430144
17743.301035
17805.486687
17872.943990
17950.416218
18005.057812
18052.836473
18103.658907
18175.988336
18218.349318
18284.841244
18336.548515
18402.927082
18473.811763
18543.873185
18594.452270
18687.936741
18762.323489
18824.610146
18839.700270
18880.253192
18938.737789
19004.551546
19069.395817
19111.220615
19173.933326
19236.308387
19289.613292
19338.879223
19406.711889
19447.209405
19493.779870
19544.684709
19600.164182
19650.290053
19678.104046
19742.340923
19806.776857
19841.376574
19901.176221
19940.692113
20001.205527
20023.447626
20091.741155
20160.944747
20202.278548
20230.647757
20264.098862
20310.443523
20391.164912
20428.965788
20467.724344
20532.792283
20586.688185
20636.510376
20649.833310
20676.593077
20742.796970
20782.951732
20807.075953
20844.393674
20857.534321
20880.499519
20907.284772
20944.698063
20983.752830
21033.977815
21104.262709
21143.022193
21198.118520
21248.983847
21260.613793
21312.107634
21371.992907
21429.490589
21485.291798
21530.228874
21557.445521
21568.660851
21584.492755
21647.325338
21683.023885
21696.432938
21723.626889
21768.196937
21765.343086
21800.750999
21843.411219
21892.151656
21954.186427
21969.703938
22009.733187
22039.486436
22093.804358
22098.052021
22142.049833
22156.542139
22166.891928
22206.846952
22230.978943
22269.093643
22271.896520
22333.853994
22337.037298
22364.312237
22402.358571
22448.509162
22476.371289
22513.189894
22558.314793
22594.147425
22631.645075
22649.870076
22673.025554
22704.064799
22742.936776
22788.351360
22815.689147
22844.375220
22882.562412
22916.974653
22955.601371
22976.248262
23002.139516
23035.893943
23002.041690
23034.331538
23060.395146
23097.088155
23150.766283
23201.429525
23240.142415
23275.328741
23302.427039
23313.437388
23313.078894
23352.235060
23358.951221
23377.599651
23372.389490
23370.139869
23366.413678
23420.737352
23408.242034
23431.337011
23453.690693
23491.784833
23516.418915
23498.095176
23547.072970
23574.255963
23546.679636
23542.407153
23562.016100
23612.845620
23634.135693
23653.544434
23666.448899
23700.598392
23721.338468
23749.876413
23777.416059
23790.888296
23814.043224
23819.672937
23843.326229
23893.468969
23914.072235
23937.306115
23991.071542
24014.819142
24038.695047
24057.921250
24066.727604
24065.991148
24105.786831
24142.766544
24146.066550
24164.539152
24181.761748
24213.690722
24240.360653
24266.051121
24299.903571
24324.438908
24354.909543
24384.762448
24403.160604
24426.972634
24465.389318
24480.035735
24500.936492
24527.591526
24549.917785
24583.278204
24609.242975
24642.919193
24676.967469
24655.801613
24695.665875
24717.804626
24736.301746
24747.167690
24776.955528
24785.614865
24805.941989
24816.777241
24838.755866
24862.289678
24898.322868
24912.424593
24916.844218
24944.089265
24980.991990
25002.679774
25053.142649
25065.128361
25073.148210
25095.594930
25115.851202
25139.009013
25156.651301
25176.052565
25234.211857
25264.971316
25280.380182
25301.572392
25314.183247
25328.357890
25333.910136
25366.576574
25396.590593
25393.456643
25421.690812
25454.664216
25495.944965
25516.570379
335.486850
442.098622
464.194744
470.223447
521.244520
606.975600
666.756208
691.242657
745.776719
831.783131
883.434707
901.628488
936.223572
982.659926
1028.772586
1065.979607
1080.162425
1126.076786
1182.548367
1237.971096
1288.586901
1371.425369
1408.646354
1457.675460
1510.116532
1569.148977
1613.770929
1654.314899
1706.158224
1782.742709
1851.615386
1919.476413
1992.856362
2048.255180
2106.230454
2169.372554
2225.984876
2280.653207
2313.333330
2360.360922
2431.345283
2496.627175
2548.927200
2619.220767
2656.206172
2699.883451
2768.677431
2798.976558
2885.490530
2962.238387
3035.366000
3099.224058
3132.551623
3195.656444
3250.649236
3325.761594
3369.996575
3445.001124
3543.356798
3634.199447
3690.465963
3742.956304
3796.799640
3827.166044
3898.202202
3946.823315
4014.767890
4082.977813
4148.400894
4214.263029
4272.126161
4341.741751
4366.746622
4431.271019
4482.817937
4561.248625
4578.485818
4624.129724
4676.457904
4767.112636
4799.063051
4836.347761
4882.233323
4945.760754
4998.816503
5061.997316
5130.637644
5193.735472
5303.394960
5377.241160
5394.061058
5434.764577
5498.996401
5556.256061
5620.938122
5673.966992
5711.774019
5792.601620
5858.712498
5909.514679
5994.822242
6029.298251
6052.259270
6082.309122
6143.222738
6188.134491
6242.365587
6265.415461
6359.567412
6418.799035
6460.017720
6516.354341
6586.351068
6668.891245
6748.429068
6801.137861
6835.343776
6913.445166
6966.984243
7020.504513
7064.920481
7119.917740
7137.194417
7194.849054
7272.538403
7350.667684
7427.351538
7478.174993
7562.525014
7640.645849
7696.169385
7757.280723
7812.422227
7866.795979
7925.298852
7993.208309
8059.919087
8104.024122
8199.817405
8250.559071
8303.001862
8345.636035
8419.324174
8473.482794
8511.908144
8554.694117
8612.506544
8665.768884
8726.374522
8774.211546
8868.351999
8939.516671
9004.573461
9057.465125
9125.280266
9213.701181
9270.912522
9308.373784
9370.712416
9420.841646
9476.694029
9536.069729
9608.005523
9625.966787
9687.751085
9739.501135
9830.939319
9899.553751
9967.669729
10032.424626
10083.356879
10131.648783
10179.826265
10207.336468
10272.318642
10315.968143
10360.644609
10393.964879
10462.255653
10532.592370
10603.846322
10668.702092
10725.749898
10800.662140
10851.863785
10899.006053
10989.012135
11035.889999
11121.631832
11166.302485
11224.022174
11259.578253
11309.109231
11371.463447
11409.132766
11445.951197
11490.028852
11552.420504
11603.015646
11684.809832
11737.834531
11826.896332
11865.831286
11908.038152
11968.303205
12009.011567
12057.194708
12096.809259
12152.595108
12198.531434
12232.112470
12287.500326
12357.563194
12407.613583
12458.983838
12515.041379
12566.314031
12632.997826
12723.339783
12771.220439
12822.838862
12898.703419
12938.866847
12992.537014
13040.184268
13090.091251
13155.000368
13182.531448
13240.142318
13296.853734
13322.350543
13340.644087
13403.584499
13477.941092
13567.146791
13621.808880
13702.244947
13758.339245
13815.559084
13890.781142
13943.274321
14004.746451
14035.259812
14086.880152
14154.106137
14207.513324
14243.387028
14304.250211
14354.029222
14406.903747
14492.796193
14558.988828
14595.623920
14652.278932
14681.995402
14709.781584
14775.273887
14836.348227
14903.444736
14977.801858
15042.459921
15092.763911
15138.608512
15224.112046
15257.628508
15347.520464
15412.213879
15465.501281
15529.489096
15569.400026
15635.260532
15682.922133
15722.403219
15758.922268
15818.600745
15857.501668
15909.648423
15957.998868
16006.731346
16073.204195
16118.439679
16161.368315
16230.519011
16279.711104
16332.839581
16405.374226
16456.624972
16501.656013
16535.060957
16573.422188
16583.426091
16658.121378
16699.889405
16746.247438
16821.970695
16853.297336
16899.718826
16990.136784
17022.233958
17083.184857
17144.219414
17198.219345
17227.496301
17283.136626
17353.677388
17431.231749
17477.036160
17539.999744
17574.981581
17633.053215
17687.791085
17730.295203
17785.847280
17829.569484
17873.279402
17934.694999
18014.715623
18049.329656
18121.047986
18179.924441
18228.726857
18299.915988
18353.173448
18386.566963
18455.372867
18515.975089
18586.807130
18663.310467
18729.625019
18811.125664
18893.382666
18926.129174
18994.708106
19074.168033
19125.669484
19195.049436
19257.236081
19310.569272
19373.834500
19435.748369
19455.475161
19472.571202
19525.498652
19550.706702
19616.577930
19689.150336
19720.713269
19765.331820
19816.091915
19877.207682
19926.441581
19993.110167
20086.434319
20113.383337
20197.668413
20254.107778
20294.348427
20344.669037
20421.100998
20482.240754
20510.432949
20538.415469
20603.788132
20683.145811
20714.586550
20761.255464
20809.543749
20882.493736
20916.792617
20975.191202
21022.164940
21061.676991
21097.261322
21143.265813
21209.064843
21258.770499
21326.720488
21394.288753
21462.237134
21533.504013
21608.477684
21654.245192
21723.263773
21775.665286
21845.740031
21888.098130
21927.806930
21978.710196
22004.598735
22053.505794
22085.720873
22116.104671
22163.000506
22205.446558
22280.263239
22329.042245
22380.128646
22453.476626
22517.477865
22579.122936
22613.525132
22669.438620
22731.361802
22784.375067
22822.561972
22894.390055
22955.990248
23000.854930
23060.421173
23115.931950
23137.740757
23151.359923
23212.483629
23234.093040
23252.540778
23295.134426
23345.942216
23384.497459
23423.336526
23473.017051
23499.772361
23540.627454
23604.173939
23669.953074
23711.288607
23756.050676
23786.695437
23809.596050
23840.155113
23894.931059
23916.946904
23976.179339
24030.339264
24076.129963
24109.704939
24115.983589
24142.907206
24181.415491
24217.720884
24254.360625
24332.765346
24403.717139
24429.961029
24468.228698
24482.798916
24554.562642
24582.630210
24617.090223
24680.931231
24722.745083
24777.298348
24810.632223
24849.577997
24903.689623
24939.285702
24992.845567
25026.132052
25062.239900
25080.725056
25117.439091
25135.466032
25146.715881
25176.979400
25218.307268
25251.733192
25273.867255
25276.692574
25328.169188
25374.473034
25425.226415
25448.660798
25476.663606
25488.007393
25511.411479
25535.958281
25578.220222
25598.166342
25644.108940
25700.375782
25744.503218
25764.085826
25814.563360
25863.512624
25855.636553
25911.604838
25943.703329
25988.154767
26005.505274
26036.519757
26043.769394
26082.684229
26099.054852
26143.894144
26176.594590
26224.025259
26254.721731
26296.342240
26287.649732
26333.036658
26346.287325
26377.451767
26412.115479
26437.421680
26457.661266
26500.353592
26508.569996
26569.409601
26628.789349
26669.032810
26697.848926
26697.031556
26722.830451
26768.147078
26820.216916
26830.469640
26847.600893
26864.749974
26879.573362
26884.581378
26909.915266
26936.834364
26960.162939
27026.414659
27061.178396
27081.119430
27133.993471
27154.974038
27185.593900
27206.671959
27231.696630
27238.174887
27254.132921
27290.801221
27296.728602
27308.410311
27358.534542
27374.366186
27412.363003
27435.754138
27484.837101
27505.871193
27520.442794
27542.054480
27600.691367
27635.215512
27679.404271
27718.203740
27772.796249
27792.227254
27826.830737
27852.853293
27869.160940
27900.557541
27922.359442
27944.069478
27962.299020
27982.267999
28009.408332
28044.178941
28055.183999
28084.061521
28081.801419
28093.389025
28129.022006
28144.992702
28144.214044
28154.167067
28196.053586
28233.515227
28230.770139
28227.994069
28281.063063
28308.608607
28318.735055
28355.571534
28369.538787
