309.3403411054687
344.2671680742188
353.50690921875
365.9996060820313
380.4206646484375
394.34905549609374
410.84210519921874
425.294558
438.53962290234375
451.0126368632813
463.1438503203125
474.1693110273437
484.76145777734376
495.4097965820313
505.76798751171873
516.1623974257813
526.757803421875
537.1679335195313
547.3413607695312
557.2545269101563
567.2351123398438
577.2995958984375
587.3510469804687
597.644434734375
607.311481015625
617.06365378125
627.1905214765625
636.5982250703125
645.7359587617187
654.8288101445313
663.7238396132813
672.2171886367188
680.7153928554687
689.4300404140625
697.8185649804688
706.325415375
714.4781432421875
722.4957184492188
730.9273695625
739.2126208789063
747.43661309375
755.4039091054688
763.2606389492188
771.270604984375
778.9078540820312
786.3191958398437
793.77151553125
801.3093749257813
808.79026965625
816.1664648984375
823.3578512929688
830.512787296875
837.8772476445313
845.295665734375
852.5337486484375
859.735407140625
866.5694291953125
873.5231733398438
880.3192761289063
887.1298774960937
893.9730100390625
900.8391114023437
907.4356200625
914.159711
920.5126434023438
927.0139130195313
933.6758633085938
940.1887748125
946.4145954960937
952.66562815625
959.0126120859375
964.9557401054687
970.958300890625
977.0727553320312
983.2251413203124
989.3579157890625
995.304576421875
1001.508590453125
1007.7000236601563
1013.87828309375
1019.818034046875
1025.7428416679688
1031.6169593671875
1037.701659015625
1043.5295751328124
1049.5268788789062
1055.5163906132811
1061.4521785898437
1067.4831766523437
1073.4690911640625
1079.2863582382813
1085.2719536289062
1091.1910616875
1096.9934209609376
1102.8139279492189
1108.5958311132813
1114.2637259257813
1119.9889836640625
1125.7495789296875
1131.3484739375
1136.8851024570313
1142.7265715234375
1148.2280667421876
1153.7988117421876
1159.4938076015626
1165.1194181132812
1170.758346890625
1176.2522508320312
1181.8947060742187
1187.60198346875
1193.4270162851562
1199.1087364335938
1204.7379613359376
1210.4899955664062
1215.9673741757813
1221.6067032851563
1227.3129728046874
1232.8340841015624
1238.3931750507813
1243.9783926523437
1249.501683421875
1255.1519822304688
1260.7380146523437
1266.2712901289062
1271.8846933476561
1277.5069294570312
1282.9654049492187
1288.5340517109375
1293.9205079609376
1299.3178627929688
1304.721469296875
1310.0037060429688
1315.3910099375
1320.67420775
1326.1494124648439
1331.5414124023437
1336.9182967539061
1342.4342932734376
1347.7613713515625
1352.9631151171875
1358.1431254570311
1363.56904225
1368.7785778007812
1374.08476109375
1379.3432725273437
1384.7247761835938
1389.9436626054687
1395.1788767226562
1400.548584828125
1405.7619757890625
1410.8505378867187
1416.1433596289062
1421.4062635195312
1426.4575688085938
1431.6029468945312
1436.938348203125
1442.0312235546876
1447.1328723359375
1452.2567724804687
1457.2551415625
1462.1964947109375
1467.2497088398438
1472.2878087148438
1477.359454875
1482.3126688984376
1487.5112097929687
1492.508416828125
1497.5622121289064
1502.7264802851562
1507.70182415625
1512.7814418398436
1517.8365476523438
1522.9068252226562
1527.986799453125
1533.0437166640625
1537.9474588632813
1543.0305668945311
1547.9424107148438
1552.9747269023437
1558.0495495234375
1562.971488984375
1567.953039109375
1572.971417828125
1577.9982846406251
1582.9532083476563
1587.968867890625
1592.8643918789062
1597.7209601679688
1602.7217939765626
1607.6736411289062
1612.4289935429688
1617.4336316875
1622.0834286328125
1626.92565890625
1631.7228281015625
1636.6316361835939
1641.483858671875
1646.4013608671876
1651.2182424921875
1656.1355335234375
1660.9338328125
1665.7914545078124
1670.5748856679688
1675.3499661914063
1680.1765680859376
1684.9443501484375
1689.902591671875
1694.7609412578124
1699.6209325976563
1704.3391070820312
1709.1243109921875
1713.9805250664062
1718.9162751015624
1723.8338849414063
1728.8593119375
1733.8178893710938
1738.8002435039064
1743.8119421132812
1748.687393515625
1753.5247148554688
1758.3560064765625
1763.083120984375
1767.9819635742188
1772.9451116445312
1777.7672429648437
1782.527256890625
1787.34895715625
1792.1824505546874
1796.9235032382812
1801.7523424726562
1806.630992453125
1811.317348671875
1816.2191177851562
1820.9982823789062
1825.9858574140626
1830.7599923359376
1835.6496575664062
1840.5209531914063
1845.4189085898438
1850.2697387890626
1855.0275952929687
1859.834770953125
1864.6969439414063
1869.5072399414062
1874.2607349257812
1879.0372597695311
1883.8381247617187
1888.495910609375
1893.2936737617188
1898.0384686601562
1902.6985910898438
1907.4474051367188
1912.2862149648438
1917.06126271875
1921.7170808320313
1926.3377499492187
1931.015944046875
1935.7803789726563
1940.5711277109374
1945.2313095585937
1949.9515724999999
1954.767056046875
1959.5808258320312
1964.1906081015625
1968.9819216679687
1973.7283525898438
1978.4274090429687
1983.1709412148437
1987.9703950195312
1992.7192558632812
1997.52597015625
2002.3340875351562
2007.1245482070312
2011.8996209101563
2016.6086073710937
2021.3099013984374
2026.0324902226562
2030.7305034296876
2035.4596103007812
2040.1906070273437
2044.9162315429687
2049.794066453125
2054.4592328125
2059.3192036875
2064.063071269531
2068.6988929257814
2073.3094872773436
2078.092978628906
2082.8482859726564
2087.3688633710935
2092.10540321875
2096.7936224023438
2101.61312753125
2106.340047605469
2111.0799246484376
2115.7857458046874
2120.3235027304686
2125.051292433594
2129.7943005234374
2134.5194668554686
2139.3623984492187
2143.9493724414065
2148.593774933594
2153.3232990273436
2157.874966464844
2162.416822332031
2167.1021324257813
2171.7870722890625
2176.463418785156
2181.10053721875
2185.6855558007815
2190.316248578125
2194.930164644531
2199.556631074219
2204.1841492226563
2208.857051667969
2213.49069528125
2218.2084505585935
2222.9506668359377
2227.6011154804687
2232.269502
2236.8843648476563
2241.5049653125
2246.1805657421874
2250.844048363281
2255.425209542969
2260.0179684453124
2264.5720153320312
2269.1580585703127
2273.741554253906
2278.3076389882813
2282.859715921875
2287.4719945234374
2292.134726066406
2296.7875609648436
2301.418060875
2306.040286871094
2310.708793378906
2315.2489240703126
2319.934891390625
2324.566224613281
2329.1538274375
2333.6997438203125
2338.3351970703125
2343.02202465625
2347.6709572265627
2352.338503597656
2356.8569337421877
2361.5473914921877
2366.162155964844
2370.7826082929687
2375.45159475
2380.036541453125
2384.698457625
2389.303087722656
2393.969732484375
2398.571598707031
2403.281061378906
2407.8043349882814
2412.379150734375
2415.7129745898437
2419.148546125
2422.394648074219
2425.28611725
2427.9500785820314
2430.284245113281
2432.2044867226564
2434.151546371094
2435.8307097148436
2437.232734144531
2438.493971761719
2439.7499699609375
2440.7174596171876
2441.7178741328125
2442.6456662539063
2443.569886421875
2444.3231886171875
2445.0808843007812
2445.8909315507813
2446.5647043945314
2447.315170597656
2447.92169809375
2448.6082306015624
2449.290686296875
2450.0003540625
2450.6770109765625
2451.309141652344
2451.9760354335936
2452.6430145195313
2453.1874845351563
2453.687709375
2454.139049734375
2454.653173402344
2455.1947981171875
2455.6245745
2455.9823548398435
2456.4463381757814
2456.8164432421877
2457.1112011484374
2457.329765097656
2457.5294680273437
2457.6603481445313
2457.8153963671875
2457.957825621094
2458.0252456484377
2458.1444349648436
2458.1874045859377
2458.2614306367186
2458.283547308594
2458.2520974296876
2458.22209909375
2458.1947150625
2458.1327068789064
2458.0740403046875
2457.921989300781
2457.7678521484377
2457.6701355898435
2457.434212207031
2457.3167783710937
2457.130263199219
2456.952374859375
2456.7048346171873
2456.5411334921873
2456.2568694101565
2456.124053453125
2455.8707551835937
2455.634685828125
2455.3594861992187
2455.110776027344
2454.8626724726564
2454.673890988281
2454.3845208203124
2454.14443175
2453.8903710195314
2453.6563290859376
2453.4556491289063
2453.31087921875
2453.0889966484374
2452.88210753125
2452.696358355469
2452.5260620625
2452.246516949219
2452.15059078125
2451.9112330585936
2451.7932893242187
2451.64702034375
2451.491771921875
2451.320134566406
2451.1945702421876
2451.0984480703123
2450.9995235742185
2450.9089206484373
2450.8236751289064
2450.701790265625
2450.629432636719
2450.5105311601565
2450.526391410156
2450.5466365117186
2450.51965184375
2450.5556130078126
2450.498268886719
2450.5066569765627
2450.5578126796877
2450.6766454609374
2450.7175148242186
2450.8092146757813
2450.9109446953125
2451.052623707031
2451.253639484375
2451.434833511719
2451.6141891015627
2451.7925402109377
2451.9511075429687
2452.14996715625
2452.3641855625
2452.601376160156
2452.8105481171874
2452.9877836367186
2453.19484709375
2453.4531489804685
2453.7191168398435
2454.0759674609376
2454.3902807734376
2454.7207640742186
2455.145714378906
2455.5321128515625
2455.941195671875
2456.314248125
2456.7576276914065
2457.188440875
2457.6284274921877
2458.052605871094
2458.441688734375
2458.867140203125
2459.34620203125
2459.7169533203123
2460.2067872421876
2460.6601355507814
2461.1221814765627
2461.6095153632814
2462.1072883632814
2462.6559304375
2463.148297777344
2463.7452584921875
2464.268227964844
2464.872221433594
2465.413270941406
2466.0289176367187
2466.5630285625
2467.1541215390625
2467.880619734375
2468.4933367421877
2469.2098581132814
2469.9097290039062
2470.57197775
2471.238887140625
2471.941024296875
2472.599544171875
2473.354990828125
2474.0653146289064
2474.850531925781
2475.6265604882815
2476.42512496875
2477.16458753125
2477.902457566406
2478.6506788984375
2479.3887392890624
2480.185684964844
2481.1017393710936
2481.9728041796875
2482.896811765625
2483.806179328125
2484.7613111796877
2485.6841950078124
2486.584591527344
2487.5332887890627
2488.4773656601565
2489.4216843789063
2490.4499962265627
2491.4218452070313
2492.5167959570313
2493.5109698515625
2494.5414576679686
2495.651793046875
2496.649503863281
2497.76021946875
2498.844287300781
2499.94300378125
2501.0624279414064
2502.193599953125
2503.338796433594
2504.474400234375
2505.5455865742188
2506.7202156640624
2507.890608484375
2509.074229574219
2510.2307239921874
2511.5155250390626
2512.740541160156
2513.9517357460936
2515.1981504335936
2516.4521789101564
2517.7626127734375
2518.970172957031
2520.2450728085937
2521.520095890625
2522.7632836914063
2524.040807683594
2525.3368571015626
2526.6241961835935
2527.9645780507813
2529.239528714844
2530.57043409375
2531.8847504257815
2533.2336380898437
2534.595032140625
