1.465808
1.507024
3.699210
1.531888
1.485442
1.970176
1.789196
1.543105
1.690720
1.650923
1.570229
1.562688
1.449670
1.572800
1.462095
1.512533
1.611063
1.626307
1.619060
1.352292
1.499430
1.768545
1.365440
1.379778
1.969552
1.482576
1.487483
1.248939
1.533522
1.230422
1.381184
1.270807
1.482287
1.495012
1.717694
1.362093
1.383799
1.579615
1.444503
1.375750
1.584285
1.463372
1.508493
1.539735
1.276659
1.775537
1.579631
1.599856
1.747935
1.751059
1.797179
1.395202
1.535913
3.890163
1.709037
1.178796
1.520938
1.676215
3.842118
1.582538
1.729730
1.183826
1.195615
1.562489
1.686290
1.470060
1.566386
1.656254
1.497159
1.573935
1.301679
1.888006
1.534248
1.227205
1.399703
1.557188
3.522970
1.714734
1.364428
1.674414
1.217041
3.748265
1.290475
1.764749
1.650678
1.541784
1.315964
3.741225
1.303512
3.768113
1.763108
1.792378
1.370868
1.420347
1.509249
1.545006
1.550745
1.492920
1.416136
1.483570
1.519342
1.768643
1.649779
1.529250
1.561918
1.524721
1.580764
1.755037
1.597104
1.390388
1.734345
1.724608
1.714258
1.533826
1.378912
1.458002
1.769892
1.337644
1.691025
1.318162
1.841653
1.588504
3.826166
1.429389
1.512018
1.774567
1.482114
1.502964
1.564748
1.280247
1.572242
1.634185
1.626153
1.539008
1.968483
1.429333
3.627180
1.393800
1.464803
1.661072
1.775080
1.435154
1.603385
1.369849
1.592542
2.003557
1.405624
1.570774
1.667263
1.723706
1.745215
1.413781
1.401244
1.361738
1.750689
1.669307
1.562017
1.595088
1.586318
1.526149
1.586991
1.571099
1.783439
1.535180
1.418692
1.502324
1.304661
1.401512
1.306347
1.323293
1.397321
1.236151
3.825715
1.511992
1.672485
1.846537
1.551780
1.770096
1.408146
1.349894
1.393114
1.361873
1.468320
1.775675
1.785973
1.391385
1.574611
1.519835
1.946014
3.900395
3.742876
1.578906
1.475229
1.649866
1.514991
2.107543
2.088460
1.251245
1.467935
1.794722
1.288363
1.521813
1.587489
1.305878
1.293437
1.821344
1.538886
1.444144
1.547823
3.365017
1.492132
1.521194
1.330683
1.331999
1.339669
1.582564
3.496956
1.608162
1.463812
1.602452
1.758136
1.561210
1.814424
1.587415
3.488876
1.837091
1.618071
1.398032
1.354364
1.680008
1.574530
1.567711
1.566608
1.246624
1.417017
1.723022
3.704215
1.483093
1.508685
1.347820
1.891192
1.670031
1.428232
1.671841
1.601327
1.244683
1.628077
1.656499
1.228503
1.492371
1.710706
1.611813
1.626777
3.579386
1.405904
1.767279
