11.474813
11.525440
13.796611
11.431324
11.458008
11.998897
11.806482
11.441848
11.742902
11.787668
11.690664
11.533530
11.459548
11.689401
11.489309
11.452388
11.609054
11.675385
11.644688
11.340010
11.523798
11.718561
11.308106
11.314551
12.136506
11.482501
11.550916
11.311740
11.487266
11.154439
11.402464
11.136679
11.515020
11.382849
11.795079
11.362070
11.307128
11.546428
11.428875
11.242358
11.553709
11.499115
11.510541
11.640666
11.173051
11.750061
11.561357
11.768623
11.795186
11.850684
11.774500
11.355631
11.664356
14.102817
11.795221
11.121385
11.498655
11.643627
13.827121
11.535652
11.865219
11.103975
11.033887
11.604944
11.604798
11.411879
11.730049
11.675779
11.367273
11.490535
11.275807
11.880848
11.569713
11.235070
11.444379
11.611596
13.418219
11.682132
11.338148
11.695193
11.113980
13.897914
11.263343
11.770354
11.734458
11.509082
11.350646
13.754127
11.224174
13.804359
11.869149
11.938416
11.398668
11.345457
11.574029
11.534554
11.415836
11.386357
11.394287
11.580167
11.474055
11.918498
11.747845
11.507770
11.636227
11.479686
11.542558
11.865305
11.621825
11.410295
11.828629
11.790664
11.781245
11.615059
11.264957
11.517189
11.829231
11.274954
11.637214
11.293219
11.992104
11.681557
14.043689
11.441992
11.472928
11.789051
11.490267
11.593140
11.575270
11.079325
11.535741
11.694715
11.689352
11.457687
11.973320
11.457588
13.667349
11.423744
11.528477
11.624080
11.869256
11.447410
11.688250
11.315141
11.513474
12.161421
11.299458
11.608015
11.706213
11.634697
11.855121
11.322417
11.361072
11.209137
11.662736
11.630237
11.599728
11.611119
11.654269
11.541017
11.560922
11.610956
11.901548
11.512081
11.309481
11.361607
11.271945
11.371653
11.268919
11.162552
11.366264
11.092165
13.884450
11.749184
11.755013
11.911334
11.648392
11.899509
11.361777
11.229876
11.361349
11.418579
11.409524
11.775518
11.918201
11.207008
11.532605
11.595430
12.016430
13.956720
13.679834
11.554803
11.526770
11.656745
11.529678
12.265467
12.174816
11.299907
11.336959
11.752342
11.055202
11.549696
11.549630
11.186432
11.171984
12.016603
11.448996
11.538553
11.608246
13.280413
11.541977
11.458630
11.221275
11.199048
11.285450
11.654346
13.486628
11.556867
11.385184
11.511382
11.878708
11.617221
11.854519
11.593380
13.392231
11.824070
11.589825
11.373625
11.337343
11.799735
11.613708
11.504022
11.656831
11.131402
11.371162
11.824210
13.712527
11.609615
11.484820
11.165071
11.923110
11.800084
11.386132
11.741809
11.666626
11.247964
11.662364
11.730568
11.104126
11.534860
11.835051
11.685321
11.644206
13.504696
11.288937
11.883005
