0.240829234375
0.84423146875
0.9675957265625
1.0296170390625
1.13274033203125
1.20585327734375
1.25208378515625
1.29642584375
1.3023442265625
1.3077323671875
1.33102019921875
1.34481571484375
1.35893951171875
1.37593882421875
1.38191983984375
1.37310676171875
1.375716203125
1.38306478515625
1.4028558828125
1.40257892578125
1.3982186953125
1.406457859375
1.4226577578125
1.42573144921875
1.4303687421875
1.43262190234375
1.4275168046875
1.4282134375
1.42971350390625
1.43182367578125
1.4357618203125
1.44181759765625
1.43884775390625
1.4442458828125
1.446871421875
1.4478344296875
1.44857662890625
1.4510935859375
1.4498284609375
1.44969561328125
1.44646348828125
1.4494958671875
1.451778765625
1.45525852734375
1.458737328125
1.4580675625
1.46307102734375
1.4665443046875
1.46953884765625
1.47211765625
1.46972611328125
1.46865692578125
1.47420801171875
1.47300770703125
1.47032596875
1.47280325390625
1.47557614453125
1.47837558984375
1.47919368359375
1.47896441796875
1.47903655078125
1.48355290234375
1.48462259375
1.48703804296875
1.4897522890625
1.48889168359375
1.48797668359375
1.49087553515625
1.490791875
1.4902165390625
1.488882609375
1.48705208984375
1.48478130078125
1.48368643359375
1.48828778515625
1.49005053125
1.4888252109375
1.4889574453125
1.4902022265625
1.49159578125
1.4919900156249999
1.4934503828125
1.49691713671875
1.4966627890625
1.4987163046875
1.49860723046875
1.4960965234375
1.4955257890625
1.49344711328125
1.49087216796875
1.49277848046875
1.4926680390625
1.49283787109375
1.4900344453125
1.48926608984375
1.4903086171875
1.49114880078125
1.48980992578125
1.489282703125
1.491434921875
1.49039407421875
1.4907023125
1.49139650390625
1.49384940234375
1.494342359375
1.49302680859375
1.49535778515625
1.49610255859375
1.495707875
1.49606661328125
1.496599859375
1.4952788789062499
1.49473046875
1.49333720703125
1.4923389921875
1.49274502734375
1.492255828125
1.49249885546875
1.49246599609375
1.49279175
1.4928359296875
1.4926988671875
1.4921050234375
1.49097175390625
1.49098567578125
1.49068891015625
1.491208890625
1.49659755078125
