6.532812
6.772340
6.534589
6.197046
6.801827
6.209240
6.311889
6.648451
7.132739
6.626219
6.559024
6.234861
6.857009
6.916415
6.471712
6.172879
7.400081
6.897787
7.021252
6.621498
6.620300
6.172671
6.982599
6.650335
6.546870
6.346401
6.313782
6.583940
6.853298
6.408994
6.968415
6.505893
6.582751
6.548510
6.542293
6.428948
6.274613
6.546567
6.844849
6.807808
6.133177
6.894295
6.868820
6.290167
6.631992
6.429613
6.613793
6.673477
6.131617
6.277518
6.627261
6.384445
6.732435
6.406076
6.632678
6.532591
6.429668
6.529704
6.907600
6.173318
6.637541
6.445008
6.745072
6.531302
7.404573
6.545719
6.769382
6.917740
6.478478
6.583543
6.274508
6.351733
6.428010
6.531209
6.394678
6.574611
7.018095
7.064099
7.162799
6.844880
6.372176
6.931743
6.918067
6.910340
6.481143
6.217935
6.590377
6.734953
6.647585
6.581974
6.113082
6.143005
6.644564
6.548871
6.117456
6.979274
6.796216
6.417143
6.343763
6.308847
7.030414
7.240724
6.501508
6.643543
6.593550
6.641718
6.525808
6.803051
6.987144
7.040538
6.317613
6.147071
6.285395
5.741080
6.245450
6.912403
6.778889
6.229865
6.996584
6.460411
6.940771
6.483261
6.737434
6.620318
7.545448
6.665066
6.419730
6.078172
6.764411
7.049948
6.989322
6.666708
6.230008
5.964866
6.612090
6.703123
6.477016
6.541983
7.248193
6.604838
6.539101
6.387643
7.450925
6.706499
6.394782
6.657184
6.778412
6.927952
6.631210
6.293243
6.437287
6.206807
6.163687
6.822672
6.359348
6.646011
6.977841
6.704603
6.540207
6.275845
7.148391
6.327535
6.662352
6.161697
7.023705
6.247217
6.977615
6.400379
6.539769
6.220910
6.130337
6.702653
6.583986
6.406319
6.761090
6.411095
6.759806
6.741031
6.638953
6.504344
6.380331
6.936680
6.757428
6.413868
6.727850
7.039412
6.620169
6.843006
6.714800
5.937633
5.833283
6.670928
6.932507
6.353184
6.400815
6.392681
6.823863
6.040989
6.792806
6.493669
6.828831
6.450401
6.353034
6.620193
6.751804
6.805295
5.976642
6.394992
6.284822
6.598815
6.601323
6.548010
6.683115
6.662546
6.371487
6.757171
6.840263
6.614246
6.644098
6.767404
6.749410
6.831679
6.883768
6.083358
6.205160
7.007896
6.199922
6.178737
5.965393
6.461656
6.397207
6.787722
6.501612
6.784555
7.016496
6.752745
6.608750
6.538531
6.157072
6.586665
6.426113
6.300913
6.771017
6.846373
6.569817
7.171333
6.471308
6.532525
6.356572
6.889113
6.908553
6.769053
6.483120
6.140388
6.983898
6.550986
