140.771755
141.248882
157.271396
171.597438
148.744492
127.249002
140.227188
150.136267
171.778038
153.719422
132.423063
158.946426
151.784609
190.615779
143.107755
153.338926
162.139791
155.301368
195.958970
145.067779
161.234179
144.530899
154.559391
150.116765
129.642505
146.387850
140.813099
157.709368
179.742512
152.562815
147.233377
150.974960
133.317162
135.175447
176.838350
143.665364
179.556534
170.261894
149.750836
190.288235
137.003788
187.830749
185.480037
143.305432
186.615776
151.333260
148.239754
137.058239
141.489814
151.164511
144.070517
142.426881
166.446372
155.924081
182.729070
148.681132
142.264632
150.478662
183.884825
158.493247
179.156869
136.989935
134.476568
157.875231
131.422608
137.300313
160.930709
136.637003
148.930635
207.272402
137.444202
172.322421
156.801377
146.003746
132.794307
141.498077
146.125766
142.494392
190.865418
155.161300
146.993163
135.990829
162.065242
206.558357
137.428703
147.111730
159.513808
150.594140
147.993091
138.605682
133.374740
144.841950
168.705752
157.777780
144.646309
136.123685
135.214304
130.857405
172.901026
126.121646
157.867413
180.226303
160.354309
152.121837
145.453638
162.507076
148.816279
141.100097
159.515996
156.617567
148.955341
137.014132
161.735499
142.297606
176.885154
128.360105
154.459100
185.368506
129.644685
150.161507
179.897666
158.731805
168.844448
150.427148
153.995546
172.786759
161.017921
158.943927
181.779909
167.422678
153.912709
160.454352
144.382305
164.501026
124.490043
145.348560
135.306484
151.944431
147.390401
145.506612
141.744963
152.122104
127.884425
134.390658
147.962725
123.817362
173.019829
141.379481
140.488664
136.591587
161.759182
148.584536
167.550166
134.621527
164.079034
140.639799
156.844130
133.905263
154.678505
135.841132
143.723981
188.620937
156.560805
144.813471
195.317593
154.132019
161.580849
191.298916
135.443437
172.227011
135.050652
148.343229
162.973177
145.652186
152.016692
170.738766
141.149966
150.315071
134.708829
132.999166
150.749886
147.880023
165.890926
150.876953
151.502634
141.017663
139.476014
169.946122
154.201844
185.576740
141.840525
141.864430
141.124079
151.985483
151.654961
147.854198
141.449193
148.464423
147.495302
160.574533
187.129691
139.884644
149.758017
173.794128
137.629464
142.863809
129.614878
156.425147
139.919283
133.023449
193.160566
149.512898
162.291615
140.160948
131.876992
136.986696
174.660580
162.285663
163.178996
146.946108
170.663523
162.809264
159.855127
141.402450
152.049111
161.208802
161.473508
139.846150
150.539017
131.070874
198.975725
157.799434
173.847042
190.018296
136.026980
167.060591
153.946147
130.964684
146.091896
174.590161
191.201567
157.870584
142.814024
194.763875
155.743730
140.100066
154.555061
152.222172
133.857758
144.063900
150.002867
153.414296
129.877596
147.754287
158.835699
160.044529
