16.543818
16.797917
16.553195
16.189438
16.822587
16.180169
16.274051
16.681167
17.198681
16.619146
16.546807
16.192401
16.859743
16.925899
16.507647
16.140099
17.452440
16.917593
17.058581
16.675138
16.634762
16.146609
17.022886
16.648130
16.522351
16.343316
16.294104
16.508103
16.961157
16.370122
16.999265
16.527987
16.541808
16.536795
16.483629
16.421001
16.277190
16.555812
16.837532
16.840009
16.174911
16.922001
16.907991
16.284577
16.645919
16.397072
16.640110
16.676347
16.089086
16.295344
16.634385
16.387541
16.734674
16.391768
16.642830
16.514029
16.441374
16.522444
16.908471
16.162344
16.660257
16.471951
16.759237
16.561971
17.419596
16.541971
16.775953
16.934761
16.476031
16.633503
16.244473
16.318987
16.374295
16.503645
16.382335
16.551549
17.054684
17.039768
17.171995
16.836169
16.322472
16.984970
16.955416
16.932298
16.463391
16.192832
16.571847
16.744805
16.661076
16.585015
16.078168
16.085540
16.686993
16.598958
16.087168
17.014967
16.808335
16.471558
16.380437
16.305916
17.036975
17.267389
16.512845
16.665135
16.605036
16.678159
16.515467
16.779167
17.051332
17.065243
16.315997
16.117807
16.288900
15.702429
16.209058
16.911623
16.787255
16.203544
17.005090
16.427379
16.912022
16.484015
16.743952
16.592857
17.585101
16.646208
16.454726
16.047452
16.774660
17.125579
17.031366
16.709214
16.186258
15.899007
16.574355
16.733748
16.435549
16.568344
17.344208
16.544321
16.583540
16.388538
17.553113
16.720653
16.389016
16.662782
16.785612
16.929140
16.645549
16.273877
16.397193
16.164685
16.151203
16.827792
16.351786
16.665831
16.991186
16.727013
16.546960
16.268418
17.154994
16.340408
16.662877
16.162314
17.049456
16.206977
17.018448
16.399908
16.564896
16.240879
16.061035
16.688732
16.556366
16.393818
16.743691
16.407999
16.757662
16.766868
16.627673
16.460664
16.349589
16.980965
16.791498
16.397543
16.707564
17.039999
16.614136
16.874192
16.776278
15.885267
15.789757
16.670745
16.926551
16.351801
16.401247
16.356096
16.837987
15.989846
16.843500
16.483736
16.835391
16.450293
16.342318
16.592552
16.748890
16.822761
15.915063
16.385925
16.240104
16.577303
16.604292
16.516824
16.712235
16.672199
16.313806
16.799942
16.844956
16.602746
16.659616
16.795316
16.791423
16.876988
16.890062
16.092955
16.165911
17.005440
16.197773
16.103866
15.922441
16.417126
16.396852
16.773887
16.463357
16.766150
17.015880
16.796366
16.624452
16.562723
16.114147
16.606326
16.432211
16.295280
16.833662
16.902922
16.535074
17.206908
16.475850
16.525973
16.321137
16.882213
16.914327
16.757089
16.451472
16.122995
17.002102
16.544297
