21.06817383984375
22.73442507421875
23.41184976953125
23.35921475
23.40318830859375
23.39676853515625
23.42071540234375
23.44319451953125
23.49556937109375
23.5958206015625
23.64027098828125
23.67286418359375
23.6629100546875
23.6962825390625
23.73374131640625
23.7232709609375
23.74803075
23.761226390625
23.776644859375
23.762639859375
23.772799578125
23.782816609375
23.76852280859375
23.7961086796875
23.791169734375
23.796249453125
23.79591912109375
23.78254838671875
23.792244781249998
23.79973832421875
23.805055
23.7949011875
23.7784628515625
23.77783950390625
23.769502234375
23.78391776953125
23.77068427734375
23.78141588671875
23.781846296875
23.77289291796875
23.77023776953125
23.77339111328125
23.7750665390625
23.78687681640625
23.7966301015625
23.79504711328125
23.7977665078125
23.79682252734375
23.8087006875
23.811600324218748
23.8071315625
23.79774325
23.78769365625
23.78954524609375
23.7957102109375
23.7987223125
23.8128976640625
23.81109876171875
23.8050203359375
23.80424337890625
23.793639859375
23.7937339921875
23.786971921875
23.783047515625
23.78066378515625
23.78830298046875
23.794021046875
23.79700846875
23.7961352734375
23.80366060546875
23.808454625
23.809299515625
23.80742278515625
23.80257383984375
23.80344323046875
23.79934676953125
23.8073217578125
23.803940328125
23.8112796640625
23.8161339765625
23.82141407421875
23.81381098828125
23.8140869375
23.81717500390625
23.82073581640625
23.82030777734375
23.82680693359375
23.82410785546875
23.8186677734375
23.82291648046875
23.8198619609375
23.8207808046875
23.81816059765625
23.81605372265625
23.8157665
23.81511203515625
23.8223825625
23.82122682421875
23.81640640234375
23.81609708203125
23.81383849609375
23.810523234375
23.8156110703125
23.81693606640625
23.81654580078125
23.813241
23.81134779296875
23.819954328125
23.82737038671875
23.8331412578125
23.83803376171875
23.83352573046875
23.8295346640625
23.8259645
23.82493347265625
23.8219191875
23.8222021640625
23.82236438671875
23.8189654296875
23.81736280078125
23.8220418125
23.82393726171875
23.82623183203125
23.8271368515625
23.8334071796875
23.8325326484375
23.83072631640625
23.811848859375
