6.09462258984375
6.68365021484375
6.911760796875
6.9536725234375
6.98247213671875
6.9931374921875
7.0198900625
7.02125458984375
7.075619
7.0722199296875
7.0877671953125
7.1110657109375
7.10711435546875
7.1240999375
7.15203371484375
7.1759985
7.2005946875
7.21086058203125
7.222891875
7.23883068359375
7.2420815546875
7.25036271484375
7.24964955078125
7.245060578125
7.2478474609375
7.253863234375
7.25497040625
7.2503317382812495
7.25387830078125
7.26297319140625
7.26251622265625
7.2645355117187504
7.26298884375
7.26587978515625
7.26805210546875
7.2704792890625
7.2710986953125
7.2622776015625
7.25530963671875
7.254837109375
7.26155237890625
7.2655425234375
7.27043235546875
7.27467553125
7.2785170078125
7.27777216015625
7.280809015625
7.2857446328125
7.2866728515625
7.28983261328125
7.2887023671875
7.284052109375
7.28207096484375
7.28571816796875
7.2879176171875
7.29179000390625
7.2965891796875
7.2916733046875
7.2924465859375
7.29352643359375
7.28902576953125
7.284140234375
7.2825858046875
7.28211880859375
7.2840461796875
7.286571546875
7.284328109375
7.2790016953125
7.27582810546875
7.27664768359375
7.275260953125
7.2743558359375
7.27444687109375
7.27296128125
7.2714135546875
7.26880976953125
7.27356832421875
7.27493590234375
7.27183538671875
7.274361609375
7.28034027734375
7.28146874609375
7.284417484375
7.28097492578125
7.28019306640625
7.28218690234375
7.28175487109375
7.28384873828125
7.28415032421875
7.28167151953125
7.27687056640625
7.27185178515625
7.27049923828125
7.2685786015625
7.26620463671875
7.26534950390625
7.26902741796875
7.26937841796875
7.2661821953125
7.26248030078125
7.26035909765625
7.25946240234375
7.2589708828125
7.25680481640625
7.25372998046875
7.25177925390625
7.249769765625
7.2500181484375
7.2504645703125
7.250639234375
7.249584984375
7.25168302734375
7.25350959375
7.25467234375
7.2549390546875
7.25546144140625
7.259282703125
7.2596518828125
7.259630203125
7.258615890625
7.260844453125
7.26164914453125
7.26084659765625
7.26260550390625
7.26426708984375
7.2647061875
7.26265596484375
7.25995796484375
