1.873719359375
1.89648801953125
1.9200909296875
1.92223448828125
1.92366246875
1.92376213671875
1.92447891796875
1.9197195546875
1.91614319140625
1.9153920546875
1.91658569140625
1.9148403046875
1.9141274453125
1.91437074609375
1.91419256640625
1.9152396328125
1.91601103515625
1.91499852734375
1.9149141953125
1.9142598203125
1.9160089296875
1.91385679296875
1.91284458203125
1.913796171875
1.91431479296875
1.91532899609375
1.91480738671875
1.91459522265625
1.91603416796875
1.9166337890625
1.91688303515625
1.917021515625
1.91711155078125
1.91690253125
1.91621728515625
1.91536784765625
1.9154969140625
1.91618358984375
1.91653310546875
1.9151837265625
1.9152057421875
1.91566072265625
1.9148552578125
1.914797890625
1.91508476171875
1.9145639375
1.9142929296875
1.91493486328125
1.9150703671875
1.9152129453125
1.91516529296875
1.91463953125
1.91528335546875
1.91577597265625
1.91633484765625
1.91639209375
1.91643585546875
1.91592279296875
1.915717109375
1.91580237890625
1.9154561640625
1.91521433984375
1.9155345859375
1.9155341640625
1.9152535703125
1.91500903125
1.91433188671875
1.91441801171875
1.9141189453125
1.91412705078125
1.9139183046875
1.913616453125
1.91329551171875
1.91338545703125
1.9132659140625
1.91308242578125
1.9132021484375
1.9133809609375
1.9132069296875
1.91350287109375
1.91375398828125
1.91337392578125
1.9135188046875
1.9132851953125
1.9130825546875
1.9130712734375
1.91306856640625
1.91336445703125
1.9133882109375
1.91362722265625
1.91343411328125
1.91304981640625
1.91310074609375
1.91332078125
1.91329907421875
1.913036828125
1.9131862734375
1.91333771875
1.91315833984375
1.91315352734375
1.9129711640625
1.91304671875
1.91326963671875
1.91340568359375
1.91331055859375
1.913226234375
1.91357573046875
1.913433359375
1.9134236796875
1.91352637890625
1.91386342578125
1.9139452890625
1.9141417109375
1.91429022265625
1.913981625
1.91411144140625
1.91439058984375
1.914190671875
1.9141118359375
1.9142177265625
1.91421027734375
1.9143120546875
1.91419726953125
1.91397747265625
1.91439778125
1.91425731640625
1.91413101953125
1.91345078125
