4.10295763671875
5.5685962109375
6.17461002734375
6.10265074609375
6.1337962656250005
6.11650717578125
6.12407798046875
6.13922
6.18957477734375
6.28005951953125
6.3154866328125
6.34221040625
6.3349480078125
6.36085284765625
6.3931745781250005
6.3813598515625
6.40671526171875
6.41580278515625
6.4288983671875
6.418643921875
6.4294200234375
6.4381436640625
6.424149125
6.4505860859375
6.44483697265625
6.450625953125
6.44930979296875
6.43702075390625
6.446229453125
6.4526333828124995
6.4576511796875
6.4483281953125
6.43304854296875
6.4323692734375
6.4232885703125
6.4351954609375
6.4224249609375
6.4326533984375
6.4327492109375
6.4230533046875005
6.42037437109375
6.42209296484375
6.42469592578125
6.4355026328125
6.44304798046875
6.4408469023437505
6.44295673828125
6.4424779609375005
6.4532532578125
6.45518392578125
6.4518518359375
6.44318569921875
6.4332618828125
6.43577140234375
6.4417836953125
6.4446807421875
6.458030921875
6.4559732578124995
6.4508946875
6.44947451953125
6.439634671875
6.43934011328125
6.43304396484375
6.429993953125
6.4282122890625
6.434614765625
6.4401024375
6.44254918359375
6.44245542578125
6.44903691015625
6.45325531640625
6.4538435625
6.45296278515625
6.44893393359375
6.44934297265625
6.44538519140625
6.4521548125
6.44854511328125
6.4559220078125
6.4604929921875
6.46576432421875
6.458939359375
6.45957484375
6.4621556953125
6.46523221484375
6.46456949609375
6.47016019140625
6.468072203125
6.46294563671875
6.46686826953125
6.46451589453125
6.4652207109375
6.46264415625
6.4604179140625
6.46017321875
6.45938055859375
6.466171203125
6.465294125
6.46102798046875
6.46057084765625
6.45922556640625
6.45632378125
6.46089080078125
6.46179893359375
6.46165075390625
6.45860586328125
6.4562312265625
6.46469873828125
6.47143980859375
6.4764827734375
6.4808250625
6.476934984375
6.47305729296875
6.469827125
6.468588875
6.46597446875
6.4660318671875
6.46629985546875
6.4629153125
6.46156341015625
6.4659649140625
6.467803984375
6.46997816796875
6.470620703125
6.47646637109375
6.47553025390625
6.4738836953125
6.46912546875
