0.73547849609375
0.74944746875
0.76599298828125
0.7667643984375
0.76792599609375
0.76699445703125
0.76666537109375
0.76295908203125
0.76083638671875
0.7602811328125
0.76150837109375
0.760271984375
0.7590434296875
0.7590388125
0.75865175
0.75931515625
0.760458765625
0.75932206640625
0.759151609375
0.75864973828125
0.76026569921875
0.758822078125
0.757790359375
0.75860744921875
0.75885011328125
0.759614171875
0.7590375546875
0.7586395234375
0.75976816796875
0.76001847265625
0.7603443203125
0.76043801171875
0.7605580703125
0.760342859375
0.759809859375
0.75907770703125
0.7592950390625
0.75982440625
0.760026484375
0.75888792578125
0.75887680859375
0.75927852734375
0.75884408203125
0.75877400390625
0.7588484765625
0.75839592578125
0.7580465625
0.7585371796875
0.7586105234375
0.758650140625
0.75862938671875
0.75823365625
0.75881605859375
0.759222609375
0.75963441796875
0.75967289453125
0.7596152265625
0.75916335546875
0.75899340234375
0.758958796875
0.75870408203125
0.7585521953125
0.75889364453125
0.7588655625
0.7586106484375
0.7584529453125
0.7578023125
0.75778521484375
0.7575494453125
0.757542015625
0.75731087109375
0.7570780546875
0.75689143359375
0.75703937890625
0.75698398828125
0.75684779296875
0.75681546875
0.75697923828125
0.75684858203125
0.75708634765625
0.7573246484375
0.75710276953125
0.75716124609375
0.757020203125
0.75684118359375
0.75679270703125
0.75677785546875
0.7570029609375
0.7570582734375
0.7572832109375
0.75712994921875
0.7568433359375
0.75692691796875
0.75712276171875
0.75706211328125
0.75689107421875
0.756954875
0.7570545078125
0.75686066796875
0.7568286875
0.7567632578125
0.756826796875
0.7569702265625
0.7570835078125
0.7569965234375
0.7569664296875
0.7572738515625
0.75715319921875
0.757195953125
0.7572444375
0.7575487890625
0.757629015625
0.75774015234375
0.7578982578125
0.75764440625
0.75773883984375
0.7579470078125
0.757802109375
0.7577355625
0.75779481640625
0.75774523046875
0.75781562109375
0.757713078125
0.75752737890625
0.7578019375
0.75766487109375
0.757605625
0.757371109375
