109.084814
102.409202
95.743911
150.313074
121.769930
73.168510
88.328440
81.580154
80.119300
128.624637
84.435887
95.117020
117.772438
103.875574
91.124703
86.757118
118.442133
120.115582
154.621405
107.247945
90.987974
67.775674
97.828436
83.835616
102.050651
103.514375
78.012136
109.507428
99.668557
74.313493
127.888199
99.956572
107.442915
92.102327
96.285191
95.826976
79.892126
76.082467
95.231494
76.821982
83.655654
119.289084
94.970382
97.041432
114.837088
103.215124
97.374165
85.254048
108.317161
85.837823
76.621539
99.278660
111.413982
100.618931
110.409616
87.523538
111.098701
91.099501
87.793828
74.399055
99.282808
95.392005
102.612417
95.710887
125.307500
86.022120
110.705660
86.476882
85.767229
121.430969
77.208546
88.967210
110.764797
95.687532
101.499191
75.398955
106.455028
121.169192
110.358271
104.291651
103.007361
100.715747
93.807755
88.252366
90.063733
100.768809
87.688767
103.386610
94.999249
95.956259
83.396447
83.790198
101.022115
93.727113
104.509031
102.790111
89.239794
114.475716
78.791213
97.730995
107.606833
98.838288
75.626282
77.625174
81.736720
97.073126
84.574462
88.476562
111.017316
101.715799
124.601578
93.500766
98.151843
83.442452
105.525568
108.951974
90.855012
85.204784
82.450831
87.156905
126.553475
114.066921
107.673316
150.804205
115.460433
107.056645
100.987121
97.208674
85.124990
97.078817
93.448779
113.394872
94.385367
98.584465
94.973615
91.854804
98.730812
100.649581
96.791093
114.631181
71.864920
80.504306
78.205207
95.254842
76.300913
70.483798
120.743068
84.573812
121.266310
104.373328
119.133508
91.311260
88.671982
103.282848
77.013492
170.282160
97.407677
104.460476
101.835924
106.714982
105.575096
104.758516
78.860933
88.048727
108.756608
82.993077
87.232993
116.475424
85.237820
82.674315
103.805290
103.430753
98.194064
110.273395
112.052105
75.918419
98.381412
89.509970
93.955367
97.719946
88.169417
86.492059
91.313645
91.143477
112.335305
93.010234
89.495901
94.083369
84.131646
96.260989
106.370490
124.126599
84.408274
89.847864
73.415987
117.301103
115.588290
98.781907
91.921827
104.510575
104.017008
92.518894
92.994275
100.935753
82.520424
73.962529
73.304165
97.512888
90.815676
87.175385
88.521505
89.207731
83.283435
105.795213
108.257637
109.328362
80.194280
105.469603
125.745810
105.231560
94.675113
110.052005
102.153753
90.113551
103.630245
105.881302
108.618495
103.016732
93.623439
72.895627
99.156237
116.262564
104.333962
102.260568
100.119366
117.902344
79.671610
76.855330
97.818960
90.197443
105.103832
75.055928
86.356810
86.893895
84.007435
100.348908
112.099699
84.728991
120.372166
108.513911
97.669759
102.810277
81.104521
66.724846
114.212568
94.143491
