3.280532
3.415578
3.271700
3.323629
3.427993
3.245736
3.350844
3.488928
3.401340
3.328626
3.314881
3.332456
3.386449
3.273257
3.339372
3.230348
3.470384
3.377337
3.434913
3.263277
3.379499
3.269307
3.500968
3.282516
3.343941
3.362640
3.244446
3.185131
3.492690
3.297195
3.418459
3.396847
3.344680
3.299726
3.214329
3.274091
3.394138
3.274561
3.415741
3.401990
3.328167
3.313225
3.340751
3.367195
3.288630
3.311297
3.387983
3.360466
3.238524
3.335528
3.332051
3.328154
3.347046
3.273530
3.339015
3.280439
3.285282
3.336031
3.354600
3.284313
3.209737
3.271342
3.313037
3.332542
3.322969
3.398608
3.466573
3.379948
3.275107
3.391216
3.151122
3.309560
3.250878
3.302565
3.316691
3.302150
3.377017
3.329305
3.346258
3.378595
3.258521
3.392600
3.389431
3.334078
3.143840
3.277835
3.207619
3.322350
3.271709
3.339349
3.265934
3.125146
3.379440
3.477637
3.293512
3.448303
3.416163
3.276319
3.334234
3.322531
3.431948
3.345096
3.315377
3.330455
3.411823
3.440694
3.353508
3.362931
3.452210
3.414588
3.475772
3.253845
3.297337
3.272134
3.253916
3.328417
3.477243
3.320204
3.256105
3.235605
3.531617
3.299172
3.303340
3.418815
3.396901
3.308723
3.303268
3.214723
3.392756
3.383130
3.385023
3.356449
3.313601
3.184847
3.224582
3.282630
3.314147
3.433826
3.456730
3.261607
3.524524
3.334219
3.319570
3.331719
3.360993
3.452885
3.402638
3.299386
3.402683
3.219552
3.237270
3.248813
3.322157
3.226029
3.347901
3.366982
3.397746
3.253280
3.343756
3.323803
3.458428
3.315690
3.463530
3.314607
3.403850
3.215178
3.425089
3.443349
3.301421
3.293277
3.210701
3.340572
3.373731
3.388638
3.373948
3.357151
3.269361
3.429792
3.270853
3.349593
3.333712
3.321494
3.268454
3.271691
3.295808
3.441065
3.313990
3.406163
3.496793
3.230825
3.157951
3.284800
3.331357
3.224451
3.249366
3.315227
3.504157
3.339345
3.353286
3.345260
3.438726
3.282070
3.342090
3.277253
3.387450
3.369250
3.169050
3.352775
3.272982
3.318413
3.377068
3.275277
3.299931
3.365397
3.340837
3.287381
3.520912
3.278483
3.317513
3.372821
3.451255
3.340776
3.322906
3.397540
3.138818
3.411476
3.368213
3.378184
3.231261
3.166261
3.250447
3.294549
3.361306
3.258742
3.330089
3.277922
3.351135
3.229871
3.323027
3.325739
3.242723
3.250786
3.407698
3.363892
3.288119
3.438773
3.338282
3.309005
3.308471
3.357724
3.431190
3.280494
3.234547
3.226922
3.442774
3.297926
