12.688735
13.172694
12.598602
12.329013
12.640197
13.426876
13.429518
13.217688
13.181475
13.710731
12.783729
12.854090
12.829814
13.146850
12.890044
13.353898
13.271044
13.430810
12.630291
13.182466
13.186724
12.696851
13.350935
12.933770
12.873466
13.073266
13.523500
12.509647
13.356400
12.906264
13.380389
13.252925
12.778312
12.693118
13.074491
13.177495
13.009865
12.570239
13.396110
13.680776
12.582257
14.276147
13.042447
13.167412
12.661375
12.688712
12.421270
13.814314
13.334352
13.642377
13.530252
13.512279
13.713140
12.885332
12.575929
13.055087
13.393719
13.189345
13.089618
13.481208
13.698046
12.868290
13.529517
13.032166
13.014661
12.350511
12.984445
12.455898
12.901257
14.185251
12.786479
13.526026
12.683600
13.080678
12.982996
13.311135
13.357098
14.053067
13.240474
13.280207
12.613901
12.688758
13.366097
13.251120
12.681762
13.447324
13.527771
13.301661
13.249062
12.664491
13.407348
12.874432
13.032219
13.467763
13.463997
12.936648
12.767525
12.624617
13.873070
13.005459
13.500218
12.733581
12.962361
12.931068
13.801523
13.349258
13.383658
12.858774
13.674545
13.195501
13.410501
12.799896
13.586578
12.733280
13.175827
13.163091
12.799203
13.122882
13.375048
12.494037
13.482335
13.709948
13.172308
13.324886
12.603792
12.837752
14.256776
13.019511
12.660268
12.898051
12.520426
12.612998
13.497568
13.587796
13.364719
12.531339
12.889656
13.321655
13.459247
13.093186
13.685477
13.328759
13.543215
13.174502
13.531189
13.133696
13.067639
12.611891
12.581935
12.268080
13.749765
12.770070
13.659228
13.248012
12.821500
13.158068
13.907416
12.786003
12.917762
13.030269
13.385587
13.755676
12.864008
12.597380
13.288996
13.172302
13.095298
13.529888
12.464494
13.216899
12.976152
13.496801
13.101093
13.048555
12.826365
13.500567
13.182103
12.917253
13.275808
13.191786
12.695110
12.793198
13.177132
13.247306
13.232173
13.289896
13.237922
12.391550
13.274774
13.013066
13.051659
13.051342
12.485437
12.651161
12.897214
12.524283
12.966389
13.097945
12.725689
13.850714
13.373061
12.629790
13.008029
13.276226
12.651814
12.709001
12.302963
12.214002
13.057730
12.626322
12.866963
12.973367
12.364074
12.587857
13.306597
13.742616
13.258782
12.949771
12.763980
12.886485
12.988841
13.285518
13.030587
13.096886
13.201115
12.974426
12.886847
12.984216
12.675083
12.538030
12.814509
13.347966
12.758064
13.111463
12.888106
13.238502
13.724630
12.814888
13.124671
12.647539
13.031478
12.436960
13.233475
13.447268
13.406493
13.844536
13.562123
13.353028
13.418911
13.236108
13.612802
13.345865
13.047431
12.981478
12.721815
12.604797
