13.289636
13.442720
13.290537
13.315255
13.448619
13.216557
13.316900
13.520929
13.465209
13.320103
13.304151
13.290425
13.384728
13.290972
13.371666
13.197610
13.519940
13.400339
13.471385
13.316260
13.392111
13.244057
13.543102
13.280759
13.319482
13.358820
13.225000
13.110305
13.597204
13.260459
13.446684
13.419737
13.304460
13.291792
13.156306
13.264377
13.397447
13.278762
13.410979
13.430304
13.372753
13.341413
13.378276
13.363160
13.294544
13.288673
13.413152
13.363320
13.192681
13.356456
13.338099
13.329399
13.346924
13.263893
13.352986
13.259627
13.295331
13.329882
13.354694
13.275852
13.232042
13.300600
13.323155
13.365355
13.334443
13.397556
13.472179
13.400313
13.274218
13.439271
13.112668
13.287841
13.189115
13.276849
13.300001
13.283635
13.414625
13.308680
13.348760
13.371771
13.216694
13.440014
13.434732
13.345265
13.122841
13.257573
13.187281
13.330871
13.283269
13.346410
13.231930
13.069447
13.421199
13.523955
13.267050
13.478482
13.430877
13.330073
13.371360
13.320808
13.438452
13.372434
13.325896
13.351266
13.426992
13.473337
13.346604
13.332133
13.522684
13.439583
13.477738
13.219161
13.301879
13.234689
13.221022
13.325429
13.479969
13.296675
13.265426
13.207722
13.500709
13.294483
13.306807
13.395237
13.434811
13.291081
13.333322
13.188068
13.405638
13.456600
13.430888
13.396223
13.260231
13.125870
13.190774
13.309760
13.270381
13.465031
13.549761
13.203581
13.567051
13.340194
13.413724
13.347234
13.358991
13.457337
13.416868
13.296280
13.415416
13.206329
13.198980
13.200504
13.305823
13.234035
13.333434
13.394835
13.412201
13.278816
13.343368
13.321988
13.459026
13.327438
13.466730
13.314428
13.430388
13.173866
13.467852
13.441095
13.327309
13.315225
13.141863
13.322894
13.346512
13.380452
13.355955
13.351659
13.264825
13.459091
13.258812
13.305034
13.300744
13.368448
13.302061
13.254601
13.274860
13.442507
13.312478
13.433751
13.558709
13.178375
13.114992
13.284185
13.324913
13.222931
13.249889
13.278672
13.519808
13.288905
13.402119
13.333812
13.445450
13.281041
13.330922
13.252158
13.387016
13.382266
13.112066
13.340507
13.228550
13.300677
13.377710
13.247800
13.321480
13.377489
13.284282
13.326535
13.530099
13.263659
13.334183
13.399277
13.492787
13.390623
13.329113
13.406575
13.096362
13.406344
13.370576
13.304011
13.188391
13.115715
13.251692
13.279458
13.327871
13.241744
13.321205
13.325262
13.367329
13.250751
13.285246
13.347704
13.248143
13.244063
13.462686
13.424787
13.263896
13.466209
13.347622
13.297378
13.276888
13.352479
13.437879
13.267327
13.201674
13.207165
13.464275
13.286266
