32.466116
33.054706
32.496716
32.122104
32.558539
33.567165
33.399202
33.298990
32.935640
33.704659
32.821748
32.682306
32.975645
33.239524
32.858023
33.365673
33.350577
33.259270
32.589570
33.186400
33.335258
32.579253
33.554360
32.977215
32.918076
33.043681
33.467541
32.107133
33.582600
32.804018
33.378823
33.245858
32.914646
32.554811
33.137196
33.061182
33.075723
32.584077
33.370888
33.803108
32.400820
34.237665
32.956784
33.010328
32.647620
32.586925
32.223345
33.815414
33.276114
33.613952
33.528635
33.587706
33.702533
32.826088
32.496769
33.138020
33.504812
33.181556
33.060285
33.533620
33.861115
33.041548
33.566018
33.051540
32.957299
32.173028
33.146395
32.476620
32.791557
34.352024
32.823039
33.487653
32.680115
32.686051
32.854572
33.189147
33.386310
34.067646
33.269858
33.287795
32.583744
32.550897
33.405277
33.285996
32.624695
33.405774
33.647398
33.401527
33.147974
32.502767
33.415185
32.947645
33.080518
33.691798
33.454199
33.051540
32.769083
32.526618
34.135979
32.925744
33.744168
32.500472
33.163906
32.856971
33.978716
33.377654
33.428291
32.991932
33.623654
33.218781
33.491667
32.717131
33.453131
32.551766
33.151419
33.175981
32.809809
33.057712
33.565374
32.389596
33.570532
33.804385
33.194042
33.398474
32.545375
32.778305
34.528035
32.781803
32.664275
33.059279
32.434770
32.478047
33.492080
33.607540
33.261876
32.487205
32.780652
33.363780
33.445489
33.210065
33.784425
33.352209
33.823731
33.265982
33.626247
33.233205
33.105054
32.472675
32.394254
32.211985
33.751161
32.820050
33.840841
33.162528
32.813929
33.243773
33.665115
32.828113
32.992982
32.898874
33.281245
33.891362
32.815451
32.660301
33.305766
33.120617
33.244020
33.602623
32.350026
33.222534
33.126380
33.416146
32.977178
32.988379
32.715614
33.540012
32.957886
32.913088
33.164665
33.065872
32.518874
32.683419
33.105069
33.306395
33.307065
33.473086
33.165455
32.381314
33.167261
32.914227
33.020130
33.035171
32.275790
32.609568
32.911071
32.485840
32.875424
32.936338
32.645662
34.000278
33.428685
32.649422
33.079110
33.370279
32.575723
32.656195
32.146127
32.120196
33.122951
32.651487
32.982975
32.900538
32.137625
32.657650
33.269981
33.802255
33.224664
32.879915
32.694729
32.881367
33.154491
33.425159
32.978206
32.956550
33.123364
32.826386
32.870856
32.927766
32.463395
32.598696
32.790707
33.309253
32.648928
33.166665
32.838774
33.224676
33.734059
32.695937
33.138176
32.576063
32.960576
32.262954
33.200628
33.539755
33.377428
33.907505
33.686312
33.416014
33.503665
33.269957
33.535656
33.366544
33.130779
32.958422
32.825779
32.623496
