102.936740
101.224332
102.877965
104.283054
100.401668
101.993084
101.674507
102.561592
107.231820
106.286054
103.657624
102.118876
108.667316
107.037731
100.806990
100.591671
105.264332
108.510853
104.891685
103.815914
98.521947
102.732912
100.011113
106.023473
101.515619
103.112388
102.293364
102.396841
101.259519
104.179511
106.831128
101.703973
99.649547
107.266826
104.193252
98.851617
98.749388
100.731824
101.177099
107.764449
100.610402
101.141207
107.875654
103.584270
98.563330
100.562535
99.076143
107.002616
100.961492
99.696324
104.111538
101.147207
99.544845
107.105310
105.605916
105.261576
102.167626
103.570012
102.549332
102.177405
104.141441
103.877907
101.422033
99.263858
99.569559
98.590873
104.224754
103.062615
100.143161
104.854854
98.495192
102.736889
102.933161
101.911188
98.662386
104.183241
104.124856
106.635553
99.338752
101.974980
99.133092
101.365227
104.308276
103.068818
100.647191
107.735011
101.027071
103.691219
99.567142
100.333855
102.674829
99.087569
99.031860
98.919684
104.321909
105.897504
102.626739
97.531334
101.458225
101.106369
104.062060
107.292327
107.681431
104.746235
102.341302
104.951924
99.594941
102.603014
98.107115
100.755438
100.683774
102.682743
101.486468
101.277147
98.360516
104.846422
103.945556
110.564993
102.422531
99.877134
109.513937
105.381453
101.538241
105.183051
105.647761
100.696366
100.707573
102.143325
108.268771
108.763646
101.926525
105.003462
102.065179
101.184444
102.792123
102.995039
101.794731
102.853566
102.804528
103.316747
101.697358
104.764475
102.007373
100.548612
104.344092
101.046025
110.056372
102.289390
100.063162
99.888002
100.831410
99.478894
101.930843
106.278715
102.418661
103.752152
103.464583
99.588727
104.304986
101.811504
101.938067
110.039482
106.684322
98.814711
104.135046
102.909518
103.035487
101.613779
98.363893
103.160808
104.824893
101.613673
104.922227
103.176786
101.690328
102.000740
103.089953
104.474732
106.077244
101.647779
104.414202
99.788861
100.423455
103.488519
106.945811
101.324336
102.170745
103.836969
108.797617
100.417776
102.396678
106.698806
102.537249
102.607785
98.930568
104.649405
107.900509
100.175408
100.950714
106.329685
109.340129
102.414658
103.422768
105.219458
100.415333
105.054929
97.617824
103.955533
104.736420
106.316380
104.745469
105.201534
98.999449
106.695654
109.998522
110.801165
103.338756
104.415456
105.408571
104.918885
101.896032
98.818897
100.303275
99.248673
100.916917
111.657424
103.226577
105.205201
101.339390
98.630239
100.077169
105.261693
109.577317
100.495288
103.794237
104.549564
104.745132
100.884755
100.381710
102.265589
102.070304
100.341902
101.922186
101.593035
105.959457
101.658494
105.740394
106.159631
106.689318
102.146254
100.325433
102.572129
104.253371
101.321873
101.919717
105.176878
